Label M_f Ep_x Ep_y Ep_z Ev_x Ev_y Ev_z t_t m_0 |Delta_a| |Delta_e| cos(Delta_i) Delta_Omega Delta_omega Delta_theta
0.0 50.7121066509568 -233415750.73554993 -301582312.5790863 146647915.8163947 4954.475314987289 1077.1790576842286 -751.1152088115233 38144722.23563451 797.7121066509568 59679255371.35065 0.004611478122464346 0.9999228955277308 1.887413427179133 -5.606151637185036 5.47409569819937
0.0 93.51647353056285 -654559677.3313217 267900791.49621582 371609947.41244006 -728.5073996725805 5223.760258792061 658.5773617485369 120308535.76817892 840.5164735305628 76110295128.88275 0.04774365441022786 0.9996061206138688 3.967281178771005 -0.6220848776442396 0.016965906355172145
0.0 49.78267681482657 -91559878.36546326 181490267.88412476 -296996315.482728 2556.3025149492605 4989.369465671978 184.75285263012023 58437434.01559866 796.7826768148266 47983818333.039276 0.21301735626195767 0.9998988388608891 -0.888328351551948 -1.0093392353991628 -2.5737422074722236
0.0 101.7667479532505 -22938000.312381744 -7229722.9378967285 -22520033.787357777 -859.3623675188028 892.8759055888936 308.1224234451415 95087602.17046385 848.7667479532505 77649685516.46097 0.055193744566488255 0.9999092139141066 -1.7111968203527241 1.1066708047626779 1.3087247250648995
0.0 159.63228866364966 -16270995.29485321 -146938791.39511108 196831898.51254463 3721.1864212127 -1093.127618117186 -1501.8517588110315 119339744.19274579 906.6322886636497 120156010645.07382 0.14633704801343297 0.9901236480172814 2.4089564720072087 -4.607990051048325 -1.7625296782662132
0.0 68.95225340349396 90446953.35551453 -234718692.07670593 280495472.8085327 -240.19905797231695 1838.4434533685562 678.0487207122787 78509500.19334285 815.952253403494 65309941872.56445 0.0837598286907074 0.9976105427721188 -0.19395489424194667 4.879402368526153 -4.9699708443742185
0.0 87.20276741138036 -34952443496.76071 1617539184.4517822 3196867067.336666 528.845356539538 2344.0057728371394 -547.409979693682 105810217.88511577 834.2027674113804 90309096359.25287 0.05180905356969776 0.9994926558937288 -0.7431930682554255 -0.8809912435680226 2.593997700892618
0.0 113.53357223638181 -211910328.08251953 125936778.72528076 49813684.89323807 -1142.9609098410983 -546.0706142115905 -124.46357105741686 90816098.97315466 860.5335722363818 73467268031.84961 0.12420097641176017 0.9998235845832759 -5.807824465457845 -0.6170538166029528 0.7578909304051198
0.0 67.17830855460477 417982032.6261902 5426890.025779724 -29222619.891250134 -451.63353942848426 1745.801782375016 46.10085374000221 70532277.99883793 814.1783085546048 62714964907.44531 0.08497779978499428 0.998811027039809 -4.789940476047865 0.3304716600036317 -3.5646619795362615
0.0 98.19509436425005 184208838.40571404 -84675280.57485962 -64664162.37622976 2708.354508533619 337.1219754401636 -163.15093034098035 70933702.89283803 845.19509436425 89105495144.14929 0.004665599421565456 0.999968266859 0.516386065736464 -1.902660220773841 -5.278716457175284
0.0 37.448718539789866 -11721196.264251709 21401171.43016815 24717841.04501629 9191.52597054535 2015.417647144739 -102.14716569912753 37263408.8291265 784.4487185397899 38612230661.81244 0.32947052978375246 0.9989673164416546 2.5556419831583126 -2.8697002528482733 -0.10976440736490067
0.0 99.72715359900405 347636496.2628555 -349898022.63235474 601704594.7299385 -1162.749866465616 -1525.3001968033423 -343.1395953117244 114866901.24809068 846.727153599004 40864790880.252686 0.07846935984692584 0.9969779443798017 5.493733620193461 1.4170074765129694 -1.1328381525663636
0.0 49.97921193990942 20754824303.19658 14129042357.929306 -4042946398.5634427 71.09992159190006 4049.6604833766505 -222.73344106281525 35977083.739575356 796.9792119399094 45459731573.14981 0.24696445337877 0.9994182744014654 -1.620102507242538 -3.4442193117544706 5.464525686300106
0.0 143.59572152394992 105094556.20985413 55467289.825042725 -31358976.872081757 -2238.3556167725073 -2753.669277731454 175.37584808099973 112358295.34459518 890.5957215239499 42446566818.46173 0.18414563184568475 0.9932198871911107 5.023667553001802 1.7464579987765074 -1.5550901673159685
0.0 47.81476388313183 5682240754.721893 1434291478.4754562 -2002737115.2308626 4174.713903089959 -4528.658995151673 1200.078183203134 93139440.37759782 794.8147638831318 2788449017.5670166 0.009041996945499453 0.9969094949164569 0.6395420955617862 -2.599565530289002 2.416627865411698
0.0 84.44635474530844 134714454.57278442 96576306.068367 42363400.79245281 101.94618382454973 1535.6027992640265 816.9326870756761 78126768.43056494 831.4463547453084 68959196084.28854 0.019104096564755466 0.9980082686014298 -1.2998685966208 -3.9228839770614528 -2.2058340840660327
0.0 50.54878427975416 -1812954128.4606934 -892845472.5569 206859202.39254344 8062.562128817823 2580.013970922966 -782.8407365796714 64060494.000697784 797.5487842797542 47600565385.09512 0.303516577711791 0.9993356284835563 -1.8725078393082188 0.16903349586549288 -5.254238702632319
0.0 72.2374545443015 -7662988.333999634 -53811830.70088196 -124804093.08742762 2170.916064766705 3333.2087147881266 -193.5054227442546 54119790.71286375 819.2374545443015 83687433950.5684 0.0024652366056654718 0.9999053485720069 1.1955314507403032 1.6545852267819823 0.4296779444701109
0.0 120.49350849525013 -159760407.5833969 203811514.49539185 -21033470.21402359 45.20210740245602 35.148648938289625 -15.066645185757721 108858746.76523316 867.4935084952501 39999358938.29611 0.008995776410101158 0.9890568447682524 -1.6720110044534982 2.1023311213908578 -2.236970715474712
0.0 41.31186501293166 94361683.58407593 30207467.162506104 126794541.11598969 2668.5170505862807 862.2965201468032 4049.384284865515 51883444.01879353 788.3118650129317 53779672333.928894 0.18396180169687817 0.9932263565424756 -0.4166651473208164 -3.2407410326039114 -0.04015306669951224
0.0 128.4297108022953 14589382.54699707 99413149.51434326 -41008087.78897858 -110.30758554335989 410.28641045981567 12.17051505838539 118559802.08449788 875.4297108022953 88013894415.56989 0.05433091412377567 0.9995747106850577 -0.26397968714371184 -0.3900626955813416 -0.8085744069640781
0.0 92.31249333104756 -55294457.0858078 222399635.50924683 2713219.7280163765 1654.043512949669 -1190.7130661692063 -1397.344485082975 113582762.04220039 839.3124933310476 53216054857.46567 0.06323547643098595 0.9994647206862699 3.339678417039954 -5.667922675509512 1.419151552693936
0.0 19.418639884660593 33900270016.92224 23228391019.86886 -3796216626.5150285 -1496.5740006590445 -1854.6880123638184 574.5824392904626 31475443.157173995 766.4186398846606 66788256420.262054 0.1565076770901384 0.9994840789751483 1.3285190063390981 -1.5312727688126202 5.733939122328199
0.0 27.07952481299094 -12583975.898117065 162335863.8595581 -86599292.82468224 767.9681756336067 3545.531010648494 6093.694677054224 39385664.75596085 774.0795248129909 66101487701.031006 0.17151897453755344 0.9809918667386686 0.36922307731619286 -1.9265460994198786 1.8031882347634405
0.0 53.461451453758855 -38170371.829589844 -39362616.81402588 97313765.42428017 -693.7731155255569 2205.5993165970285 498.301999067761 39203325.86780372 800.4614514537589 79644373908.95697 0.07335337516185808 0.9998129268512483 -0.412410547024456 -1.9993733425942972 1.6501507545485872
0.0 85.98913245781648 116561278.2839508 103714404.47003174 -7598385.587909818 -421.7100476242849 598.5857927342695 418.4062896838935 71405780.66273104 832.9891324578165 52936759198.487 0.05376306004515012 0.9996033767950935 -0.2819605238951085 -0.3109775737263886 -1.6866025962608404
0.0 8.824170099612957 178913067.0557785 -40962267.747924805 58675979.14787477 3818.1722891632417 2770.5351580643564 -238.45072411271346 21108963.241742752 755.824170099613 77314492745.68903 0.3204506623863466 0.999970621976445 -1.5892192150984465 -2.5395442006119606 1.7775680669902623
0.0 30.725861959103668 -91388784.36372375 61579852.46788025 3717150.3755054474 2560.6458270387775 1856.7272586814943 -272.3642792680755 32490621.849342458 777.7258619591037 48644172779.50314 0.11601972997938183 0.9995544126522355 -0.9387671887416831 -3.559474888426183 3.9117633253369695
0.0 33.83050543460695 -53518992.15602112 38352716.961242676 -65109988.03565931 8480.553513015877 7872.766662584938 862.9614400077683 31264239.178203497 780.830505434607 12687453743.717041 0.41607002095185863 0.9995563253589469 -0.3134621916855531 0.17685128306845388 -1.7742664260424836
0.0 112.85227761478029 -120183691.37687302 222330225.8736267 31917960.561483383 -174.32840631809086 -46.91451773488643 5.017926310516231 125564219.3049769 859.8522776147803 76032585574.551 0.020880463534640098 0.9998228236114706 -0.7602140511549711 2.167824217032936 3.4271541734805595
0.0 83.76670201971808 10532192.12400055 220085167.69335938 -87390277.93196344 -849.4157746538585 -175.11195913068877 182.6246746642347 125697972.92478593 830.7667020197181 46372687944.99686 0.09166213808170845 0.9999915776134733 -1.7606443478127403 1.148938498187686 -3.1391714557113524
0.0 97.5414778248122 11912908.891235352 -110970742.1350708 13525399.994250774 215.45252703474398 -1087.186173331309 -268.87530750952493 89948924.179564 844.5414778248122 84969189903.52258 0.08889831385868605 0.9991020701104815 0.8990729720454782 -0.5579477992587685 -1.8753517818692622
0.0 108.93490212387678 59877734.33216858 333351206.8625107 215671279.5517776 -318.0792003319184 1637.076697177832 37.6814996700889 120525550.04106247 855.9349021238768 54650707279.255646 0.11326707456812513 0.9998787935825871 0.40337634305660985 -1.0051476490781337 3.398382480620399
0.0 127.69488698409407 -105518645.4720459 13678581.894683838 225165594.10516167 -443.1475198199755 3055.738360971951 -1259.423522974013 121121015.90862997 874.6948869840941 94314942126.35878 0.04233497961164674 0.9914632058838219 -5.813856132040764 -3.1180210405070694 -3.06648440611909
0.0 80.50355824811732 92672898.25656128 105595777.73651886 -63265945.05078983 -1718.2348536583704 3742.503300695542 -376.9152695898768 93428528.42063563 827.5035582481173 80913764821.31082 0.27730216232736093 0.9978662487439192 -0.5697463259810601 1.066843364827259 -4.525039362432024
0.0 63.91309759320279 157761679.98138428 139892202.90304565 125888630.33917022 -864.0941229713171 1360.8925062191302 540.8152636588244 48056945.69723419 810.9130975932028 69148071088.6684 0.012632707749220262 0.9998126145818168 0.6024793201583687 -2.416410598336843 1.8692774662574485
0.0 44.492380549731934 30084299.02671051 26581894.41934204 -170885338.94187355 -2942.222588086097 5937.032331088094 -3509.7844990083554 54329715.5943481 791.4923805497319 35736577735.07492 0.10898487127460733 0.9908319285375599 0.39764112490087444 2.3775948534869884 -2.4719445948017458
0.0 107.61102529628306 160457808.75614166 42120556.006225586 -435345747.27684593 609.3216378696743 -612.6834279353498 -766.3297008224679 110844535.17806438 854.6110252962831 41260049624.71835 0.06572899091875829 0.9977219457685778 -0.06658737719003383 -0.6695795656006542 -2.708361459843538
0.0 75.60189122946383 180025591.94049072 -14564384.717689514 -33605215.69369459 829.6796588567122 1888.8211227053398 -664.3737277770543 56828038.24176463 822.6018912294638 66717185720.31024 0.12527733321464873 0.9999726249377225 0.8690015541630087 -1.6079828965840108 -2.4968421508894245
0.0 61.63651081587966 8931940.994918823 -84369263.18639374 -38671899.71822095 5252.7783226546 5090.426008984785 1528.7408306498087 45965212.111000955 808.6365108158797 48155479458.51686 0.31317730766021334 0.9987875013395485 2.3278941370034514 -1.8151548788115797 -5.438124461408071
0.0 35.52026480928021 97508125.01870728 -33114389.750427246 -92823687.16649151 -766.6282243596352 3905.023235803994 417.8956837460894 33659067.260849886 782.5202648092802 91523714596.17929 0.17871260521375207 0.999472397001698 0.8009143851032843 -2.7144155203915505 0.7635503691609378
0.0 84.6149324333818 192088271.99371338 -163206958.89071655 -220737669.04705238 102.26606542992522 57.4416168334792 -277.64842905126403 88618296.48969407 831.6149324333818 49622121113.562836 0.0033887424435811997 0.9999414367948565 0.4643643695496917 -0.8942620808473152 1.737504923866144
0.0 82.5909278037949 -52089947.73703003 125296556.63748169 -268706.31651723385 382.4278258477789 4.831766986587354 621.5354567466484 81334268.20322955 829.5909278037949 49271662806.821075 0.05943738591921012 0.9997042865810992 3.739065277829475 2.4352725948890357 -0.844224375625841
0.0 101.34331955860296 -193858539.60910034 406696761.06314087 -234403675.47559643 1922.6554796905912 895.3358545747415 -2935.248092494243 90308075.26275267 848.343319558603 51355923392.793396 0.14197242659584913 0.9996181850389689 -3.935567137924022 -0.2410006822499912 -3.1354855379584583
0.0 114.92415602438416 -282855404.2652283 -215814882.00543213 -81857335.67426968 1095.1949032450175 43.44066129460407 329.05531750257285 85311917.54610282 861.9241560243842 55375927417.34042 0.05470168696409518 0.9998050321393144 -0.3027593667280417 -3.0932696882730815 2.87562273993189
0.0 28.44067118616681 -16397275.639526367 77376451.49446106 -81788449.93848228 1561.8964128706139 2843.609854904902 1503.1528283745497 26937985.674660582 775.4406711861668 67956638886.9205 0.19850831487705844 0.9999980065943533 1.8947560043800673 1.1206431368469636 1.486905718545585
0.0 3.1680464347256247 241077561.84786987 29854993.288482666 134234372.9873557 3701.0053872356584 -1284.2700903896184 -154.0055393924049 24157441.60608539 750.1680464347256 51997719545.03183 0.26295659546186445 0.9999925596630482 0.06357383128360983 -0.39603469775818123 5.208999657774074
0.0 116.50911714125323 27525693.8248291 130643245.25719452 47155682.491378784 -860.9329614309395 -1169.318030774215 -520.5745619110287 101598875.15128276 863.5091171412532 5538319013.979584 0.033731675927505006 0.9958002327445865 3.803658965995632 3.0567379165446447 -2.8911510968215026
0.0 49.136992596693176 -432709061.42471313 105044727.15725708 -151148168.6430397 609.422150543327 5713.864979205999 467.4465427752551 37156493.02742633 796.1369925966932 34919199246.85428 0.18176380635309394 0.9995071993079383 3.808988886541626 -3.0325526668924843 -2.540462900400682
0.0 14.718487878104611 -21688960173.296585 -5737636827.7886505 25347030388.50429 3364.014255094371 2691.20232413556 -6376.484685298228 47833378.54085815 761.7184878781046 62065732518.97406 0.09169817843685313 0.9658345327009779 0.031201322083204586 -2.332725669891034 5.521972616217744
0.0 6.702392650813863 -133024694.92466736 -70167465.37081909 111491208.86434901 7039.158092201902 5170.1698734351085 -527.2928738333605 38926036.23945855 753.7023926508139 39458534669.095795 0.3087178276530173 0.9998638967577703 0.5394461696512292 -3.0225925610684725 3.851491956123341
0.0 51.11303422120443 -84995480.54392242 26244502.10775757 30987246.230592728 -1197.8360686375163 275.3774652653992 741.082700926366 85243364.65670231 798.1130342212044 55535461614.54208 0.07882666639636908 0.9994716836590348 -1.1258568032526068 2.1841088782279874 -1.0246477380658336
0.0 40.39305149206257 -152063328.33657837 472352443.9981384 -223047724.71884918 7130.266683357029 8198.120009543878 346.55669131038894 38698409.5257136 787.3930514920626 33860895561.776764 0.3757738071861785 0.9991149011930435 5.11163840895769 -5.006868803332646 -0.8156165339436654
0.0 37.95885189081753 28580528.54638672 57164336.890197754 12734910.569169521 3346.7616359394233 7956.589324090629 787.1852160074081 33515757.316280514 784.9588518908175 27981659685.11621 0.2898973193491813 0.9995441988667624 -0.6033310215182588 -4.785916651986216 -2.887602323295556
0.0 85.83212724796817 92327680.3921814 -291001379.22514343 -82268320.36334848 2305.8163370878465 1996.87172232987 -940.0004069483809 63808933.3808052 832.8321272479682 94048638000.19504 0.05963377419367846 0.99795796043788 -0.5574402611197904 -1.6281299375663525 0.42393372545016206
0.0 28.220855817308234 29753998.96892929 95345498.38943481 44014820.54212096 3262.2464461093077 18.917228299100543 -488.5890990733911 22437780.648086086 775.2208558173082 62724397239.72781 0.24918925507495698 0.9999191169621979 -0.7571388635080263 -5.5115257784364475 4.391199730148598
0.0 100.04898423115571 36439696.0826416 -398790982.39741516 -37255716.915744066 4.881851629772427 -152.3169027789736 -151.34812636026044 106877319.63068338 847.0489842311557 40540313843.78644 0.06446873066627289 0.9997642949630815 -0.6785807122879628 1.4484357942364303 -2.9778480978286073
0.0 115.5074332219749 159552366.4335289 -230537249.66726685 43596965.482261896 2526.7376986459603 1780.173785437311 263.90953866384064 97632656.7774025 862.5074332219749 86722459126.2349 0.05432554932216792 0.9996829628130146 -2.5382593052600866 -0.49513871209788207 0.4775860201068416
0.0 104.7410693507652 18446869.76791382 9672823.432434082 50205350.83229256 -2071.805256000309 -4723.379726076655 -1350.3752476582656 109793844.44421184 851.7410693507652 130569066.03689575 0.35144058558096214 0.998592052398205 1.3675048924706947 -1.3086925307562036 4.820207632900209
0.0 107.56177934156005 131491527.61497498 -209651951.37565613 121482696.83922148 1374.7005198227525 2460.5908083442555 -432.83177144959024 83033917.01823317 854.56177934156 102298132244.26564 0.09667782781710807 0.9999964133248987 3.847709164686689 3.0395578994659895 0.8641921247755251
0.0 93.36392166762789 -96935307.12445831 80580313.77874756 6707900.741841793 4464.095016585448 6802.664282738238 918.8306430332282 84648949.84099327 840.3639216676279 30212813434.050934 0.2996120234792133 0.9990587074601763 -0.11369022734164846 -0.3320186249923667 3.9951244788466553
0.0 61.96897709136192 -51445426703.78433 5047664288.872391 -1327878545.6624775 3425.6378653514166 5824.408451889743 370.6682478195661 73654992.79589602 808.9689770913619 72085199351.64163 0.11283808464206346 0.9991047253923594 0.28031784707931195 0.6378256961476256 -6.214038588627366
0.0 117.92550642681931 -38963304.033584595 68667591.05262756 -28167284.221369028 3303.5884983459146 5831.4697282141715 821.6689621465272 86996967.0488079 864.9255064268193 39426267874.78934 0.25169802278571335 0.9988242472064186 0.2369076306266491 -0.40174518866560227 4.052128511098293
0.0 46.323292602529136 1902817134.7090607 -2616984283.6150055 -509193974.887396 1603.965285552811 1688.20092642308 -87.36804046831078 33871376.95229115 793.3232926025291 61232908409.8186 0.1205038906894764 0.9997101468503986 3.6551184062688478 -2.260948744311964 5.164094954677967
0.0 1.712662437907852 -84363257.37206268 160131408.38032532 36683884.81360613 3624.4703492547706 3955.824998376269 -9628.912909514704 33794063.951022424 748.7126624379079 42972136158.91885 0.2443144072150334 0.9639825809692889 4.275749540195229 -3.5775807629602037 -0.10242218344865428
0.0 50.1353976920542 21627548834.660248 -5776525071.219173 -3499997794.483186 -152.26430024881665 -58.0598659541356 181.51340557121966 35497640.20041264 797.1353976920542 77794157339.42667 0.0485798109187575 0.9994395043112501 4.001321636095011 -2.361712646841684 4.831181215315917
0.0 85.43306046776468 -35680085.326934814 61292637.39810181 -80737118.39200258 -782.4776581864153 538.0604341764956 1450.1776865264576 65271633.41323378 832.4330604677647 43901893336.94769 0.09565686102678836 0.9971553177203814 3.0314140711173625 2.586593347535153 -2.4368506624640585
0.0 118.33958205936676 115447278.70098877 -65813486.83755493 -183675420.5227871 1094.0727975144582 379.64068963560567 -778.1115854931842 111462714.2078611 865.3395820593668 62143673564.269226 0.0755969748368652 0.9888040977194316 -1.6978804527478242 -1.5418694893346094 1.5844018554151025
0.0 138.50307004669014 -104232736.9581871 -258063282.73635864 -230090426.71581125 3766.5616684578417 1306.9133581264687 404.33254369999713 108777973.65463962 885.5030700466901 95879523752.24533 0.05381037437725228 0.9995711631236776 -0.31679870458059356 4.599046446170986 -4.6391776679645025
0.0 26.052034937037206 1065120225.9440765 1357795980.9481964 -562723116.2541509 6974.837859454528 -1790.619991121017 -259.2173185235926 21828806.360387675 773.0520349370372 34772414954.687744 0.2858252233958535 0.9994648973603911 0.55781843501074 -2.5169942032065955 -0.5002235232140109
0.0 31.48861683915527 -1536570145.961441 -1054890227.4166107 -133152001.95960379 4739.484895538615 -1015.5416409000718 -622.5611572369514 56480061.3467929 778.4886168391553 72021404581.9242 0.029748192312126498 0.9997342434111525 0.2925134945548331 -2.152101892097199 0.0007666265773811354
0.0 69.55906900793298 -169656949.19903564 121044900.17301941 245089356.07100987 -2816.441227764788 2032.5069459151127 3359.1098968376673 64665322.82553117 816.559069007933 39381539767.76193 0.06052966502452028 0.9889104714505306 4.3987190741617415 -1.4810674391702792 -1.4691968181469917
0.0 65.55512956263306 178285879.02886963 -4219545.908630371 -40734123.56130576 -7138.70172292414 -5259.979217617907 992.9311291757904 48463515.30768203 812.555129562633 8691366974.860321 0.31281025299860343 0.9995525965662372 2.9934888207214683 2.353907412909787 -0.845818910190844
0.0 63.56596109019836 64121089.18005371 149415527.29849243 129959175.88892174 492.39259668984596 2939.958273046248 -3601.5319913154035 62306940.56266481 810.5659610901984 34385774819.09677 0.05468409669493832 0.9896102842716158 -1.2055610193917796 -0.2931996235850547 -2.9425563386709186
0.0 85.65863568096302 58702655.14367676 123871188.39852905 -241793460.35250282 -679.4163867031639 -25.926078969899777 -65.25137365724322 82933851.55818167 832.658635680963 54178595438.927124 0.04558104213081454 0.9992905493732999 -0.4506423654521872 1.0278562141901157 -1.2438517786060814
0.0 99.95474938902896 -321990130.5974426 156017905.4673462 -165423581.68365955 -319.10888887294186 -3398.9565995062985 538.8857101977916 103434484.76925497 846.954749389029 105037076211.92648 0.15713482265730383 0.9990984448575414 1.479175057273836 1.7853301666666426 -1.1936724806646097
0.0 17.567524004020584 -72899645000.41782 -53017698087.31681 4756678772.6377325 12358.317382523892 3701.7876187177935 -598.6195233781307 58856355.175966926 764.5675240040206 70743906589.47127 0.03893475138503297 0.9994901829379328 -2.2808850458164587 -3.9616298835378396 5.469252673897374
0.0 40.011282687578046 11506461998.387024 17282637740.608536 -779932755.4202714 1616.5386522361205 678.1754601289467 701.375047764296 35425478.414814435 787.011282687578 61708225365.52579 0.06872665152310417 0.9995746181879581 0.28842068574435276 1.1065860867882766 3.6126056205286052
0.0 12.713166248000448 -997196331.3078995 2450103032.1985474 3334766311.347666 4583.062314921652 2172.999269033786 4821.671109776307 30616589.58061807 759.7131662480004 42851880438.74234 0.24652471074443466 0.991031174374639 0.9495204790683243 -0.08595380495813376 5.565115672062209
0.0 90.67251566582092 -69895763.62727356 104186119.35603333 54767444.55418348 10693.750928716916 2590.5116881236136 99.86940351668196 67195776.4954763 837.6725156658209 12826916244.009064 0.43263024122992905 0.9999867355811147 -0.3606224818433266 -4.640072905390651 5.972786363069147
0.0 72.79170332803005 -1353512398.022705 -582539355.4628448 -214433474.2331903 2482.8320895682355 -2115.632000474139 -418.897162877793 114608495.22476499 819.79170332803 116362188419.19363 0.12460690782860795 0.9995084678308797 0.7759725085441332 2.3708177665180568 -0.5779965202071667
0.0 11.333312058976844 177613816.12713623 107105661.09291077 -57092140.72424698 2953.2605816720697 1376.2173767209242 -5745.383507568265 47930241.88292847 758.3333120589768 50545470911.06317 0.2126818183975417 0.9937654635615899 1.2021973893186955 -3.6717245100357863 -2.435328555591845
0.0 14.982207867072134 5846056255.597351 3666386755.017044 -611991377.9686956 4267.818553412058 2211.6239001540234 652.1850166293788 23418768.683022264 761.9822078670721 45616295242.311035 0.18934306029936263 0.9996841638613251 -0.7454494916836552 -4.136654112305596 2.134814423628879
0.0 54.3061216947616 -43087600.27508545 1049448.2145843506 15318939.240323067 -1065.2143118394433 1530.3811045671173 181.43474410890573 79449067.0236445 801.3061216947616 59887547640.471466 0.06079635286514433 0.9987180335059976 -3.90108705946776 -0.9892626189050056 -2.550242810829697
0.0 56.69117238435831 7477821519.343079 -3738840232.0812454 -18734165906.063244 -466.87232020689953 1702.0110621937783 -5147.781447268107 42324691.5016274 803.6911723843583 73952400195.12292 0.09973441902193013 0.9663807234037096 -0.43261488994145525 -1.7039431944444638 1.8202956006982287
0.0 75.64448359914809 74856104.53617859 -218405278.32507324 107741474.81746721 -0.3032612064453133 -8.831923784236096 -27.300711721582786 89541965.97738303 822.6444835991481 46404320129.944305 0.007437520824938509 0.999846432322982 0.5131230085003422 -0.6457664077789023 1.560543000949683
0.0 109.56478174261463 76927291.45367432 -266763137.6638794 -28644319.48080921 1220.949675433294 181.12409765734265 -20.496462687425947 99643429.05875851 856.5647817426146 93529492475.45789 0.016903989559540422 0.9999942032333119 3.4310257040012537 -2.737292390925366 -1.561734379365879
0.0 48.5110778425219 77928939.30022812 35922824.494888306 -4730968.5291240215 4838.187621485853 2542.230325497132 -618.984460237923 60106252.07863593 795.5110778425219 55091921444.13397 0.24119871943559473 0.9995346761826307 -0.5161718814902598 -1.93256118794459 -5.8078153468411955
0.0 81.39678108912767 81291483.36512756 23663574.693267822 -99362062.56567049 3872.9130200324544 1659.7396829335594 -3866.320034347488 60344391.24269567 828.3967810891277 88499471856.53397 0.01492250642953935 0.9856690558286245 -0.4957448838614713 3.7097639023593594 -5.389430045533852
0.0 147.88325729892483 -42275074.49710083 25821639.392929077 -270202843.2242203 796.1532204225641 -205.79863861170452 1417.3698740433497 111544832.53945859 894.8832572989248 46630563916.75458 0.08112681391430751 0.9835502503866043 0.6513675967843089 5.822760199090867 -2.5849174255026384
0.0 74.5890789595536 2455134471.771576 -3062810836.9071045 3676616700.446478 -400.08712951871803 1187.0775767340165 -165.50501818261498 77496305.6804849 821.5890789595536 60089369241.39072 0.09683518722513297 0.9973871977496022 -0.43915479106559463 5.120943204318617 -5.217126392792624
0.0 67.25643868169425 197076594.94091797 14085285.128456116 32053779.202680588 -231.26909152816643 470.9776764943708 895.9953183953558 65829182.031322755 814.2564386816942 58520154649.84927 0.01391112192490844 0.9999798088329995 0.4445204497047912 -0.3991860561475531 -2.863906725827098
0.0 100.03569965427721 622790223.2052765 -2606260295.2621 5051327015.213173 1567.2299614290423 1345.9326073149914 670.3314090217547 75463381.65170047 847.0356996542772 84454605296.67908 0.061327458277530014 0.9902765322331665 -0.19329556981208773 5.25875976839642 -5.178648021988736
0.0 34.37745441264997 -118132470.97381592 44925099.16320038 53013294.556735516 8795.551549359545 -408.04449972416114 -632.507005151228 41271951.40006133 781.37745441265 3139933008.5891724 0.2986815426821754 0.9999272485866569 -3.148651903110701 -3.5744598838728043 2.249181488968911
0.0 23.696936256086246 -118860174926.13965 -24321621302.7724 -40723690012.19196 -8499.738445368188 6253.622151571995 4151.642934091592 74796680.69054583 770.6969362560862 71724439429.70428 0.007612414418234376 0.9693193949546208 -5.357510555741503 0.8603057324666121 0.8535399193017645
0.0 105.89845652711563 166444888.78688812 -408973097.2067871 244615714.57271385 1661.0746234363578 1050.5673230799775 150.38917790202072 78973688.91630949 852.8984565271156 91311712762.51169 0.04866321939310534 0.9992560754371379 -5.948745896296769 5.283976810539109 -5.032304026345503
0.0 32.61717031061676 238057371.5324707 -104570205.07884979 108331319.27055597 93.09468704136998 2686.3300319547343 -1623.2223860573017 51009498.0965022 779.6171703106168 54968748466.624695 0.17953303432159667 0.9990790968293966 1.4358517889018665 -3.1934944159454988 3.7128996513773065
0.0 144.0694824965442 -18303027.490600586 5320644.42980957 41636544.292713165 -1991.1244152886793 -184.53113692887564 418.12962492679367 105308826.2966784 891.0694824965442 92013931465.75813 0.12679975432533114 0.9956950717060158 -0.4135392834615761 1.0497945383175997 -0.9040319769235827
0.0 45.900963802238266 42201540.0067749 101152523.60690308 -47167804.60322714 8279.394106527303 -3595.4534230527643 -792.5152401818608 42500881.24653732 792.9009638022383 3232998425.46109 0.3279721231797823 0.9992311193401793 2.1707520097724986 -2.1990639358229074 2.3576594333181786
0.0 93.70727415905287 -67527872.86651611 9855437.252975464 -6625039.228599191 2778.5623341669343 -506.8435657418904 -620.8920791589859 66543847.459055714 840.7072741590529 88649496096.19763 0.020435993205186076 0.9995192233393555 -2.3107222680876047 1.210739375344063 -5.827056523357649
0.0 21.990290427742252 -4568382898.897888 2753223387.839081 5909676027.06437 -2031.1379524431431 3360.6579380537605 224.6940701843749 74182419.6955519 768.9902904277423 15222714991.527985 0.14722674758284454 0.9994440417480135 -2.2482090847390004 -3.4603920527304854 2.217441569303519
0.0 2.8006336606060813 -148500629218.2685 261666007460.35178 8066647574.613399 -21915.37420366186 -6929.4763197847205 -315.9548571234325 39391076.519915126 749.8006336606061 45783565938.572235 0.06392766632666647 0.999483329224472 2.957931287963884 1.5676640529089045 -1.014272520500029
0.0 143.9945168629498 -151495269.39483643 208751615.41938782 277669767.5285435 1283.6944043657313 1140.6018084616953 -1964.265049120997 105571758.2355075 890.9945168629498 41791962905.958466 0.11254170463633856 0.9824889675164913 -0.12197370416344322 0.5826371377618071 2.4917103710119175
0.0 41.573453641896776 -183405527.54075623 195441070.63645172 -39088657.92312527 13.168460977221912 -4311.738142175436 -186.48974791159233 56821615.79756888 788.5734536418968 54826809977.87619 0.10647271256475543 0.9998905320032131 -0.8817549261505719 -0.29556311675620595 0.19917042720595157
0.0 49.900410393262746 -132939436.06304932 64696553.08932495 217889572.61720276 -8842.89087277624 5411.384899582368 640.0231266504587 56630179.45035529 796.9004103932627 33518327527.615814 0.28902216291225635 0.999057943875298 3.1045215668104036 -0.7559523295401884 -1.912289110349696
0.0 83.21628928317591 332708560.9571533 174730388.44729614 143428296.47887707 -1430.2999095097184 1559.1494410702599 -421.25396199286047 80667302.83767752 830.2162892831759 51949820115.828705 0.20174846640117186 0.9995586338510681 -0.24293237215753508 -0.2765097106417693 -0.705849424301966
0.0 21.80920778671839 -505768723.2705841 384020751.56321716 -994536247.3481278 3595.2976784216626 -2202.6582320161033 -2678.7710422811942 27375408.17977702 768.8092077867184 34631604549.40869 0.2664571692524902 0.9972282675008717 -0.31291751671889356 0.42902393318202403 -0.738492675795396
0.0 68.21992672979366 81565925.98764038 100935951.51136589 278516152.75398254 915.1110064863115 1450.131544177617 -948.9552955796823 114462621.45981528 815.2199267297937 71445682992.9852 0.0605093694233496 0.9999228835689564 -1.2163278474252124 3.4822746744054873 2.8389122290942677
0.0 42.03070353911198 -74713586.70291138 -12721708.747970581 -81426383.28501749 4711.028563778269 580.0739853523992 309.5204452201848 39227910.27874108 789.030703539112 46133232566.47336 0.10982551064566401 0.9999920599168379 -0.8896297338758349 -3.3678303501959777 6.077422408014687
0.0 135.37456264651144 123410110.99182129 -19937152.277633667 -56882800.92754269 -0.5419187889792738 5.461024923613877 -24.239954622424307 110552769.6429473 882.3745626465114 69729011403.69687 0.03144799586085802 0.9984408845817698 -5.1718870281383875 -0.6093625620082141 -2.5200224273606837
0.0 53.169291764131344 177517658.61387634 -89459548.66931152 19221532.18970704 -515.4892929512243 3351.8557194852 -7.800594338077701 48042880.34187286 800.1692917641313 56365038113.147766 0.010261737101632779 0.9999423227765024 5.196089915221098 -2.595544127068007 -2.859356245938899
0.0 77.33972061550935 67179646.50881958 39549795.36958313 -14106210.612122536 1111.0396536300946 1840.3997893831365 6675.283210194091 56521011.24138629 824.3397206155093 68008153215.755554 0.05557202485309512 0.9607915958036211 3.3167360053505295 0.893946911001705 4.805351667776667
0.0 64.45988718475076 -88830370.63748169 18556262.505615234 6964747.340791702 1363.8080784113472 2981.0186455595795 -1156.5983672791513 67793955.82932234 811.4598871847508 43882427579.210205 0.24563407657942166 0.9937988680916882 0.2217888166087545 -0.2826830050953353 -2.2830055312724995
0.0 73.77752624633422 394031922.10757446 -134180252.12918091 -60423172.41764009 -11.044919161022335 737.6949521516835 344.52659104379546 74647316.13861999 820.7775262463342 56576359648.85193 0.030205802769567268 0.9998145704608354 0.75562867321465 -0.7621836877813251 -1.4372991080941673
0.0 110.83941644269771 3596929.0359191895 -246586586.2105713 103533158.10075712 52.70101633547529 676.7380510073726 -2200.6325058065395 92283901.24783294 857.8394164426977 75001762883.19028 0.046061834229791605 0.9968757438725274 -2.4357205694464734 1.9066540476451337 1.2721635731133918
0.0 89.17442321284068 -44941714.9519043 289386864.72546387 -119659854.92211723 1500.090919018401 -1282.4551963611484 1626.315527261505 110861185.62847179 836.1744232128407 12780087160.486725 0.15853875072565143 0.9896679773854175 -0.20258316373028018 -0.1084489864240239 -2.9251277045051003
0.0 75.57590439045202 -154909795.73857975 74293598.44976807 93362573.75327015 -16.86342434924154 27.664014067571543 9.779864847042177 90144329.08087602 822.575904390452 36011032483.89374 0.03059407796558744 0.9999963265794922 -0.06421182084605825 -0.16803738912514143 1.7424696909863833
0.0 20.53446342296661 384738971.4808197 226245604.9361267 -76997411.8643049 -866.3816462696414 1144.5507238949795 810.5398895414916 25264699.749740534 767.5344634229666 40358538244.49585 0.01449838983281962 0.9995646945433916 -0.9723936412125087 -4.383323143715039 2.466383894468621
0.0 113.49132342038672 -35499723.94908142 -102011812.29281616 264590449.74969244 452.7165511047606 1358.071351349312 -204.32078522958756 84218827.27488078 860.4913234203867 41591082823.61032 0.09855178762379335 0.9999952021562741 -1.672109958970231 -3.3179445641502667 3.2790344610109576
0.0 57.55093011178542 82577308.39141846 58281098.71539307 77264255.12999427 -455.2308082486343 2048.9689105338657 407.00082445797386 43213241.54491538 804.5509301117854 68730770649.2908 0.025140480697590617 0.9998073396801996 0.7764665906308577 -3.6077882115184563 2.313666870228422
0.0 143.18750558310285 38104802.111694336 -161400102.7462921 31663111.86919105 -151.8931458619263 166.4498264321137 -27.06547963985949 120043894.87893443 890.1875055831028 70640521759.85452 0.05842187026424463 0.9998900073972431 -1.8295951263287216 2.089426889474472 -4.248289756090726
0.0 91.69576086663699 97039573.08771515 239411057.40774536 -154186747.5372715 -1131.5056965416916 -729.5529659441363 -249.0797864597647 93864189.02763256 838.695760866637 64815883245.06183 0.02431714574404515 0.9989083490982592 0.3074903939350131 -4.551224996642137 -1.6032307361190483
0.0 117.16718902979812 16239663.684753418 49132950.98939514 -108395880.56084809 -2846.468198595605 1988.6398202976707 1671.699110696687 115034775.83335401 864.1671890297981 27592830185.25302 0.2857578866264701 0.994671739752383 1.839500143416564 -1.9333477156879157 1.9038121252556324
0.0 63.05348057489982 6277873.018630981 126679154.58895874 173341897.7764492 -3238.61252976962 11807.909585407102 1061.8122159605605 45402318.26833598 810.0534805748998 30849643026.538757 0.4213254309133409 0.9986878515391928 -0.6482417472323274 -3.7201206115445657 -2.678056636080324
0.0 65.63854271191917 251452465.91049194 -31245876.975654602 1037511.3362140656 34.66957678057349 283.45034333635704 24.60436818628375 100310097.30359986 812.6385427119192 37689549250.28409 0.018724905476399684 0.9999543089681737 0.23841210633833154 -0.1986433843116413 2.582612712464241
0.0 115.1808255575786 -6483176406.834961 9274292580.012482 272180568.6274209 4165.210045073058 5441.48676275967 1205.7468913495363 82014040.14307171 862.1808255575786 33789127888.700226 0.31928191808729844 0.9998952421352375 1.6802055138520964 -1.3863085482439828 2.628981196654075
0.0 70.52241019268627 50456521.33155823 105336017.85040283 -128786002.81200314 -311.3761663948717 -155.78828837662604 148.5668626734941 113002828.68475907 817.5224101926863 50020244463.871796 0.005885178259402685 0.9989345726050373 0.466327747661321 -0.29661801690052103 2.7630600045753715
0.0 132.17708634457574 -199551067.45043182 -372220993.3456116 179745146.724411 2156.0285195703036 1181.9233943712475 869.7639608024622 92607533.58447328 879.1770863445757 90726234986.9096 0.05480470540870896 0.9982686459605972 -0.30423035362561446 -2.3304727383115718 -0.8196768995192958
0.0 29.245801786927245 -407524543.46850586 112200155.39143372 -74690115.49106503 1937.3418900489633 3003.2277281027964 -2951.208415415457 50096913.389380105 776.2458017869272 48190516866.79196 0.20816159660344244 0.9957632751700684 5.03464977607698 -4.162757300960395 -5.18013794697435
0.0 83.8175039168425 -8385372239.997101 134254925.55335045 4089653229.897782 1022.7790320716642 -41.253839336452074 6847.462273736138 114675287.04756905 830.8175039168425 91399987452.1994 0.03473362809557634 0.9656594174044187 5.716284705538342 1.9926786155344602 1.228006231649929
0.0 44.56782324860592 -287586306.6068649 155732772.5799713 -1175605.2008152008 5192.839907533817 -7609.711656990567 -1584.5138904865482 39494316.7914575 791.5678232486059 5317202390.875183 0.3232902363260865 0.9999998992940944 -0.6797034277955317 -4.98489250591777 1.6014116918007588
0.0 33.946346129827134 29113021834.41034 29569938129.67488 -3092539586.468792 5009.455118465459 -8779.045069084608 421.9475330907432 62755334.1506572 780.9463461298271 4967603905.113953 0.4723580421250816 0.9994745625464682 0.8966971714714342 1.0213995803880613 4.928981252382775
0.0 55.873205070771405 9425972.087265015 -162531475.67132568 -2768547.681716919 2713.561153309445 -349.7778968630739 223.62622708811978 118483651.60758741 802.8732050707714 65046495076.76578 0.17567594228956718 0.9990057866028862 -0.008319218457845778 1.9196273294533819 4.610552220732916
0.0 116.1305746608798 -110279371.51167297 149281345.97802734 47854721.264642715 822.7095703042287 375.2500149866755 -662.8394392427576 92243334.21485971 863.1305746608798 71132125389.88623 0.0670341352391192 0.999981457982347 -0.48868228661843616 -0.8277523413641892 0.9371189148295868
0.0 62.26160417939843 -288380762.9156952 120966910.4201355 -62408729.10945511 -466.4687207045863 531.2733930287516 1159.1805792773919 68361135.46785477 809.2616041793984 1782980450.1244202 0.0551073600087949 0.9986190257891407 4.780186628236324 1.4049830143281066 2.175442046016009
0.0 44.53835090090661 -45990665663.52295 66792482934.22958 6542344215.020907 9809.254758236344 2135.65055320136 307.0017483482953 74347682.12306057 791.5383509009066 40953943592.1741 0.2760965531976864 0.9994288172169201 4.0845122169913335 -2.4481689018157953 -0.01834857346499552
0.0 77.2679071968605 124208580.65457153 130955027.21559143 -78156389.79427385 -191.87905960941862 242.7673471762355 481.20594114550374 108654836.26083572 824.2679071968605 32959005025.184814 0.0018110965491383857 0.9994513722311911 2.8285107820820783 -2.4602245994506986 2.9865873099020765
0.0 61.3982541728634 -173134025.06718445 82526902.65957642 -106036319.39740536 1968.3880807202695 1729.0050265756763 954.7354268723711 73626701.92729421 808.3982541728634 39330679859.62488 0.08904717282023343 0.99954386903288 3.0540201277753196 2.4861725142740463 -1.201622785839643
0.0 96.73524704028989 -84679944.67368317 19058494.751541138 30719210.7357049 4299.080650766256 2877.3349484214177 79.80960539201709 80766142.42650795 843.7352470402899 79679446920.98004 0.30556948379553434 0.9992195154553513 -0.7971844751152575 -4.581011089789876 0.7399278430078118
0.0 113.61581783720317 524459014.2243805 -767975972.865509 -400806531.58310986 975.2037912234373 2584.144669396119 155.32534418509903 101531008.26377462 860.6158178372032 95685775037.858 0.038457150272995705 0.9994964566971448 1.2391030683438935 0.9776592619867386 1.7999366148960707
0.0 53.929348254582806 -415916530.42251587 33538776.252456665 -347472726.1077137 1924.4959543024506 2200.360597786246 5623.890316776131 60937251.25166669 800.9293482545828 50070955857.13129 0.20580823313081045 0.9793939825204019 -0.5208533380336622 0.20164873533057348 -3.3965763700307323
0.0 79.0783777131237 -72644698.90762329 16165748.79663086 -31614364.24069023 303.4867065734961 3137.8280294968717 -2067.5267075510324 74718065.09763417 826.0783777131237 57349128693.03128 0.2109090391482845 0.9907927662605364 -1.7958349931031872 0.14751166043918107 -0.25521297328368986
0.0 50.089985362038306 -42937879814.630066 22262866091.763336 3581673348.710589 1777.155847997591 4938.42737028535 -1344.7510616146988 98259017.64998558 797.0899853620383 71276625709.1936 0.09049881703435238 0.999996122427907 -1.7349650848252383 0.1710274265331837 1.2149063347556988
0.0 57.06445334115938 11428039997.347626 9925301013.389164 -1521060002.2114959 1956.6155540415443 457.7997277081995 522.5783898656633 42101076.37469812 804.0644533411594 70459631749.51813 0.0869096594195394 0.9995322838393847 -1.3990371855594064 -1.5112434683335196 3.0405710565423627
0.0 89.53512612395696 -15742618.459365845 141012643.23101807 98546121.9953394 1165.4342214399767 3177.133654660971 6032.835503266798 66691233.00257195 836.535126123957 50050027178.81363 0.19897601011568314 0.955440785209206 0.5184136407168631 -0.8357529139646009 -2.2766578577612546
0.0 85.44591655151771 -27785859810.817413 -18867047156.2919 566280542.48757 -601.1771996857497 750.8048544637786 -594.9787549288841 100510814.78564483 832.4459165515177 103266511784.77423 0.04013797512083353 0.9994780379297608 2.770847043328648 5.037195264245501 -1.4420388582398809
0.0 66.8001655397436 -177557999.2883606 -227947570.72398376 154141872.80355263 -1167.5304500066177 814.5969472263132 704.7973633785459 51105586.18209634 813.8001655397436 76510278613.27463 0.02447232175436606 0.9998235143392394 0.5103451294430877 -1.2009391088138448 1.0717308097350675
0.0 44.75377832710569 91327512.42855835 24391339.982315063 -84058300.16799426 3301.890391686411 2457.0042184457125 261.5776083617301 49481045.21455111 791.7537783271057 49971570974.66794 0.23074688988438272 0.9997046744525933 0.2973505356356636 0.9883317491768746 -5.149760082190168
0.0 95.11209987896768 243443476.37963867 -70027451.99874878 405571855.1223974 2728.1469378978763 2559.6652053041544 371.0348615099215 72083172.9070931 842.1120998789677 71406084260.02188 0.17506491551873293 0.9919982694471906 5.7819989085187995 5.625589332349726 -5.454319655234888
0.0 157.01409818790057 924141993.2229462 -410351358.9856262 -757373493.8680916 763.5357374669693 82.6822945310796 436.27973238522964 113072702.0200237 904.0140981879006 53903536088.27905 0.01983665752534529 0.9857975997050863 -1.081014970672682 -2.7586519876377458 2.6981425297717
0.0 54.17822293423649 -49440856747.128174 31667387388.045517 -45331750331.72487 390.8499810621943 4475.775446460542 -3118.664302658611 106004154.90987661 801.1782229342365 92212615098.52295 0.0869667517612178 0.972225987762112 1.4801189605340352 5.149731409528949 1.823811790923943
0.0 132.09433045463356 257310113.4168434 -708336898.1557465 343596891.74929535 3946.9634130417835 1618.1736044317258 149.70313734813635 123534027.97616588 879.0943304546336 51705906339.39708 0.16514588834873217 0.9979803642951148 3.438174076050826 -2.431669516032033 5.682563978586539
0.0 48.66954548043293 -2575700260.928772 1754706777.1235504 1074377635.78442 -8438.075511488387 5213.692435816101 -569.1843797849325 59876003.198768996 795.6695454804329 40143320642.70953 0.2954667312207393 0.9995135941297312 -1.160665452022698 4.155217488371175 -2.0298042831740455
0.0 98.61409116880282 174628821.47724915 -789825852.0531311 182325001.6833372 1240.9865801673986 1299.365062232182 -610.6294890712314 71226302.4613445 845.6140911688028 83962288777.33762 0.0011696235644057112 0.9990444699727136 5.264338981645423 -0.009962559833173401 0.26921073115002514
0.0 139.2431004909771 -313621143.53881836 -49778302.80444336 314967712.9959712 3565.414548323188 -563.9601814753005 5421.334053361338 102677838.00058618 886.2431004909771 32996256728.348785 0.19187610225456966 0.9919281655067322 -0.4663878444284324 2.9743246790205595 -6.122922842611219
0.0 74.41860967751325 20621452.5184021 -92613240.51809692 -71676580.48659754 -2741.671699183509 8724.17136126399 441.116682267536 90772843.72935282 821.4186096775132 25430017747.323395 0.33209127638533276 0.9989048840258731 -0.022191126875254152 0.20057451095138257 3.3625657825181374
0.0 98.61389338064919 -1602746305.4827423 -1331704713.7031708 -360606332.9294624 3069.168437201759 2244.904661303157 -848.154986530619 70370395.8759688 845.6138933806492 72643864471.21439 0.13546884683472632 0.9995356688923887 1.1586909614839187 -2.2606863056535613 -5.371223563033964
0.0 27.9381525983614 51950321.7278595 -17474764.681762695 -65643700.118367195 1972.9849833819972 -1055.9731487234676 -240.1521208403949 24121770.337894972 774.9381525983614 43931210080.15228 0.15891765678832315 0.9999915691789596 -0.8099440911614271 -5.095409838088279 4.517490742009268
0.0 43.63368015688434 155121352.11358643 -212081619.0796814 -24159126.92232716 124.26268570166576 -1616.8568642963219 -811.6704112470941 84657771.4430568 790.6336801568843 42647004943.88379 0.05985426355043666 0.9996761158589865 1.9306170013180015 -2.3125544686528174 -2.3504516594867346
0.0 55.16849609571864 13876606732.50824 2225521140.1366577 -4038686736.0641823 1862.0196974434512 -6794.495340853879 16.03640859837052 64375918.80639148 802.1684960957186 6523795764.623657 0.30514583320139504 0.9993478634279124 -2.3371953886884462 2.9866174644800143 0.5924750996196755
0.0 92.29449252158304 92533606.17142487 170597819.82858276 252219428.53573418 -28.39544310544079 -1436.5134540288218 -1645.2718332573363 95751480.19327387 839.294492521583 1599520504.7233582 0.08591914778909368 0.9894446561324418 1.9708064022918452 -2.1407485963316293 2.3245627219793685
0.0 35.01433356618247 -29208984.049438477 18417283.484413147 -19339375.384484053 1878.5609056752146 2608.0063486748913 -72.73623497844922 28122910.56563653 782.0143335661825 62235823751.11017 0.2227418844718978 0.9994509368954093 1.4660437126086332 -0.5545785531431784 4.368621071102341
0.0 131.9597155230207 332590126.25590515 -61562767.22833252 -420365049.9055977 2122.483131783214 1341.06422933063 -244.35064327188468 121824261.39749502 878.9597155230207 105427668134.41376 0.2026473282544489 0.9944282603945704 -0.7016257352093019 -1.1303545306728238 -2.026332959672559
0.0 90.00993827405205 34049422.24981022 124290896.43270874 250156891.64813077 -580.4655385494261 786.9585674707314 662.956089832542 83301817.96949638 837.009938274052 59324846447.10416 0.0649869178254771 0.9995906214770379 0.366717593608607 -0.4076853036615784 -1.0807858968006108
0.0 71.45870897008058 312804017.09765625 -32397202.60418701 -150526258.01372147 -1196.5177852624074 -792.2031801106932 1840.8348812275697 119870125.81420805 818.4587089700806 70480526803.43494 0.012370140590764162 0.9964190547309445 5.8312687268336365 1.4106547155888722 1.9901171373755606
0.0 131.82577594656993 1756254.1659851074 37496818.395858765 48230866.53470579 1872.9977844657988 1890.7333659520518 434.35138620442115 96716305.17291665 878.8257759465699 90419137923.69254 0.11824242221202146 0.9988756599063716 -2.779417494152305 0.7744614016730414 -0.9697616154516735
0.0 116.17271160524729 1084764.9334106445 -339790421.08239746 91651019.53420901 715.2366116833509 1087.9610278254477 -195.6606429091102 109042402.0620024 863.1727116052473 69458661022.82913 0.015542454535833528 0.9994938102804153 3.135814927870602 -0.6380346918339137 2.415236560635652
0.0 43.972783322901364 -104805392.92468262 -43883249.10359955 42069097.24887848 -411.4861287301527 2052.833536825423 519.9553822292521 55420620.512997985 790.9727833229014 49954819673.28638 0.16661412997579855 0.999886719266947 -0.3683200200135591 -0.4116868682533392 -3.182949455888836
0.0 36.18211560277223 4501894646.862167 10274245518.54425 -47609547.61137435 962.6040820112394 883.3306665808705 794.5095439902819 27203923.905409303 783.1821156027722 47779408597.23837 0.03861468157347793 0.9994908522747051 -0.7767707381164275 -4.685967318026515 2.8546493342759396
0.0 84.94459463670182 82837282.29141998 31125545.869506836 -27172807.625317812 1320.8637423841537 -208.85231661225498 246.46815990738918 124406161.52371325 831.9445946367018 56984345482.49368 0.04271607984479241 0.999582868285017 -0.5785040629655819 -0.9530043202463386 -1.4479209227111365
0.0 139.52804317337768 48890104.53791046 -40412931.62072754 -109097432.64842224 2259.2165056681188 -38.17713284318336 1492.7872043434886 124480923.69289173 886.5280431733777 108546057385.46964 0.10739814481748546 0.9880293715495766 -0.20000306935126266 3.6885307462733907 -0.5383744742158514
0.0 54.99881975717608 113777530.80856323 -4647367.993408203 -143195457.2467885 76.40077090187651 201.70505697864428 269.0140111439986 102419975.96420448 801.9988197571761 25313742240.06247 0.002615991858203326 0.9997508708942685 -0.24612383250402936 -5.866838472705638 2.590814991900943
0.0 118.38131701809436 339284528.34516144 -236961713.3678894 -285227274.34879875 6128.101127462403 2028.6174415451624 238.51193058936292 92344899.83860935 865.3813170180944 95215445365.39961 0.19455366989640155 0.9996486286291627 1.046456619389811 -4.098335615278344 0.7014126422858977
0.0 48.639349345762184 -14727544.398967743 2073019.9001159668 95381658.62904775 4344.418715960674 805.8573845399629 -1073.8400648971588 44955057.25663764 795.6393493457622 54436656829.71933 0.11546457103109452 0.9993978270271351 -1.4729227065926986 -1.7615802264611102 5.608406619386237
0.0 64.82052184761733 1357278682.9826965 56442065.29762268 564219725.3060265 -773.4227922334558 169.64837568203438 444.12917463047745 77290709.82369559 811.8205218476173 48662993067.46518 0.05020989986882507 0.9996752753938425 -0.21183706819259668 0.7360704695290872 -1.5391314501465523
0.0 14.572253706721995 -1541706558.4096985 -1056350563.5331116 114488504.36283779 2157.7970306771967 -1525.1667078848695 -552.6654984193383 28753420.611456517 761.572253706722 34211673929.049973 0.10122047133202422 0.9999973975239276 -0.4409705390682186 1.106675530987531 6.012448289522293
0.0 3.055622872661502 -233713767048.92648 -202615093319.07745 3070555212.7572255 32357.165672099614 -44166.88032034086 -646.8861906054534 27917268.597756065 750.0556228726615 23747405894.831757 0.2532191144406555 0.9993619167366784 3.28890830725555 3.380961397081964 -5.8266830825303275
0.0 102.02728816945785 139139859.3407898 543510637.7983322 600126549.3321381 486.75811804681507 -1797.2230369228746 85.15578857014225 97959361.84272507 849.0272881694578 98410681335.565 0.023533794350514517 0.9992073533779456 0.832322303310511 0.10906122896969483 -0.7169174098819289
0.0 37.315918818691785 121499390.57897186 20974333.717193604 -73335367.0866642 1062.7459460667233 1102.6647315269347 787.3018920306619 27658096.42289363 784.3159188186918 16370721605.184418 0.07769978734674865 0.9990160002835033 4.784301656931948 -4.706597956992998 -2.894239677908645
0.0 80.90708713829713 -124889277.87896729 -37307304.505493164 -3911906.4191818237 1434.4944494836564 1693.891182413281 4839.008144262013 60896688.23693917 827.9070871382971 64236357087.981995 0.15010012603037298 0.975364454267331 -0.14997706685442438 -1.9140118020185692 -1.3238638398066247
0.0 72.79487011858976 158603313.86468506 -101006329.97431946 -120275124.90371418 1077.1447588232368 2872.7685980331044 7075.833815611995 62460681.516347975 819.7948701185898 49814428920.96323 0.19684000717907604 0.9546630388445656 -0.1427917264225449 -1.2918851058178984 -1.837279435976439
0.0 26.04761421990827 -670740338.598114 257753502.66046143 122958240.69574353 -6020.67881615091 7978.676871486501 10.233157144613983 45843386.81924414 773.0476142199083 25862536473.361053 0.2777124202462083 0.9999995932517002 -0.16284618485300717 1.500511408715957 -2.3638093096342656
0.0 44.29825412926334 -49117608.5614624 55199163.339279175 -91787034.6019063 947.2681590582797 2559.5229918527984 709.7477294728262 33615125.18372413 791.2982541292633 61951310030.492035 0.06687135541851835 0.9995347118604512 0.11268868201602911 -4.244554528530234 2.583695505789583
0.0 84.96674391189265 -57249889.670684814 331264261.93618774 219244271.1068759 -1560.7335949275803 1517.0120436943616 490.9045359411303 79172419.64135809 831.9667439118926 53061681518.16434 0.2022520732944224 0.9995332253501973 -0.13065997396929313 -0.19343280556212505 -1.23235004307919
0.0 97.20706174066811 31720977.987854004 29589678.329101562 116047727.22507477 -1404.4034767098565 173.45746840480206 64.68039238381465 87394512.4090112 844.2070617406681 55767384653.70889 0.06777985096623591 0.9938455541033135 -0.4375962924040877 1.2902340899266906 -1.130714650904641
0.0 90.66723203269623 49680661.46762085 -16573167.990699768 -107554562.47251129 1357.1049829631484 3141.6582890762766 302.9873987414926 83235390.7247809 837.6672320326962 79451670283.52736 0.22499071904105689 0.9986943676793333 1.0285442577038704 -1.3979688341166763 -4.917884142748381
0.0 12.964453905075175 -61231415.49838257 62922809.52705383 73235247.72815037 2020.3974015619679 227.7044475912062 9196.708458709943 41362429.933759525 759.9644539050752 44590618125.33588 0.2129272725409609 0.9696531762836802 0.8868264831172612 2.8247569539631034 3.374017216269954
0.0 60.3058584175584 -171955442.84158325 160431643.25280762 -220105674.372751 1789.9864300487243 1389.7805276068211 623.2869029973402 69826097.8287286 807.3058584175584 36307390934.72275 0.06581947100902105 0.9999209036842672 -1.020837732592386 0.17470970071772363 -2.3818158410714703
0.0 43.08864919676557 -51540999.0970459 384759103.48628235 106167233.87798226 -1104.2720627531962 -5652.384604554261 537.729094382669 51722391.305654325 790.0886491967656 34544035576.12921 0.16060457746557674 0.9998267137207695 -0.15524264067607096 -1.3254721594885543 0.03321968072845438
0.0 128.49197107914597 -28528992.467407227 -192364963.45352936 -99691733.42313766 -430.2512891556239 -1391.9488456185609 -445.1275435038565 100103325.6602614 875.491971079146 24899409690.883972 0.04027202935290389 0.9919225809789842 3.8840062244670532 3.1874178724422326 3.176103017599976
0.0 104.90317499092566 2148301.101791382 222219028.9289856 -41261643.322627544 3743.158171562005 4974.561898624232 763.0391745345648 99453903.71691068 851.9031749909257 55909601603.31822 0.21170487716167674 0.9996612986548409 1.7160735067038806 -1.6003199902739529 -6.042189584831433
0.0 122.06016566775122 101101034.61169434 57469668.08164978 -217349839.44584274 1458.819306367428 2764.2206567229514 300.07056998203075 122339366.78613678 869.0601656677512 84485192391.69293 0.1526190033840305 0.9969433520812058 -1.0427002942240056 -1.4592129290704903 -1.7744375984122098
0.0 137.99107575273956 -32957081.255233765 -170658156.00204468 94510619.57437539 93.8513543181216 281.63013025109103 269.98989506940865 100136431.78407797 884.9910757527396 76231118295.34103 0.057171843795010086 0.9993915141783836 3.8362832473004826 2.3807137127294062 5.362238781360701
0.0 133.2834730822376 -87027311.84695435 -205643234.2437744 -59179519.696959496 970.2391115144092 -1835.3597497539486 -4134.780528186796 121893160.44420603 880.2834730822376 81521298383.59903 0.07379316871418788 0.9672327778360738 0.15372832614106174 -2.311792680987439 -0.8996718048569867
0.0 35.00050827279688 93870017.32874298 -108208679.92324829 -54996537.769319534 3067.128711045236 687.0407422018161 -1151.4172111853004 36579582.64880537 782.0005082727969 52021115079.85928 0.11934411062815967 0.999865388205125 0.7150771996460672 -5.97675775521683 -0.039308290029384185
0.0 103.09001442611714 215851674.62313843 -25771273.003814697 -16297293.183236122 -391.49812073157955 -837.8587599097955 -197.9243328892801 98107785.3457433 850.0900144261171 75134727558.86069 0.037161737902852356 0.9999927545203742 -1.0224254547864655 3.084035115744669 -1.4153578626505392
0.0 29.252488005181704 -7697244.330722809 -33816397.35714722 203712707.57360458 -1749.331421716015 3632.986154835188 535.3222304883094 49326361.639039986 776.2524880051817 39531287122.458435 0.0003221278907328262 0.9997458837164375 -0.0748747157607792 2.587499359818151 -2.7112870547486274
0.0 72.08927714832987 -175840059.78149414 -931934060.9624329 -486226405.769083 2070.415204458597 2482.1951865901156 1504.1626251933471 53375455.86316104 819.0892771483299 70370381590.25696 0.10025372809149138 0.9956001585632 0.24278313089801162 -3.0240171177521513 5.968172505876636
0.0 60.44504989191239 129740173.49380493 -64448797.13386536 -84977731.7670744 3923.7668655958296 -1669.0463629125552 -323.60836384323574 59990837.751423836 807.4450498919124 47089559244.298904 0.253724604897796 0.9993830229600955 1.1354099765852441 -2.037631103338337 -0.27735026383549233
0.0 30.424636820818137 -1396585822.9990845 -379737803.65374756 -59729216.54675621 6742.912294808339 1211.3294771892288 -1060.923668821852 59596789.61093928 777.4246368208181 51151505066.193756 0.21600392744254704 0.9995698362987738 3.7487288299895916 0.7675779135622842 -5.870476373227287
