[-1.31537445e+10  6.19544697e+09 -1.37842120e+09 -1.81038804e+04
  1.44914282e+04  6.19871711e+01] [ 2.33070876e+10 -2.17253976e+10 -4.47711613e+09 -3.97580417e+03
 -7.89826249e+04 -5.03739321e+02] [ 1.03198279e+10 -4.36526191e+10  9.66079107e+08 -3.38866044e+04
 -1.07601263e+04  3.55877936e+02] [-4.32278265e+10 -8.32524434e+09 -3.26449423e+09 -5.92080327e+03
 -6.14678491e+03 -7.15128096e+02] [-1.15343432e+09 -2.38068112e+08 -4.25703419e+08 -3.80476475e+03
 -1.07982160e+04 -5.97630014e+02] [ 7.32137051e+08  4.09778708e+08  1.77188835e+09  4.81594619e+04
  5.08280333e+03 -1.19726304e+03] 
[ 1.88267051e+10 -1.92048837e+10  8.33039529e+09  3.83694880e+04
 -6.65506435e+03 -1.68172370e+03] [-2.75093486e+10 -8.21840028e+09 -3.88274990e+09  2.47702282e+04
 -1.39595426e+04 -2.37642880e+02] [-6.18495529e+09  7.46500201e+09 -7.24482286e+09  8.88329995e+03
 -2.39805691e+03 -4.69629867e+02] [ 6.90523286e+06  6.75270991e+06  6.99024247e+06  1.81346260e+04
 -2.55214797e+04 -1.72031576e+03] [ 2.51621910e+09  4.28505393e+08  1.86496278e+08 -1.85632242e+04
  7.93538798e+02  4.24501750e+02] [-4.13642034e+09  1.00638377e+09  3.89263387e+09  1.24406112e+04
 -1.08354435e+04 -9.51677242e+02] 
[ 6.32641845e+09 -3.33176052e+09  3.30207993e+09 -3.00097069e+04
 -1.99228275e+04  5.49912339e+02] [-8.05823765e+09 -8.32069275e+09  1.75007751e+09 -2.94399252e+04
  1.58640178e+04 -6.68145301e+02] [-3.09305907e+09  3.90805861e+09  5.85219161e+09  1.21293873e+04
 -1.62754434e+04 -8.79810518e+02] [-1.55177268e+09 -2.90193282e+09  1.02674369e+09 -8.19147902e+03
 -2.67858843e+04 -2.15602823e+02] [-7.28052424e+06 -1.81773193e+06 -6.22153104e+06 -3.38151697e+04
  2.92714480e+04  6.43064789e+02] [ 59632.73163605 435240.94578552 132135.19567859  43044.54955504
  38676.15707794   1175.96415943] 
[-2.42228563e+10  3.53020449e+09 -2.66641561e+09 -2.08685231e+04
  1.73287532e+04  3.92743852e+02] [-3.65319187e+09  8.37836924e+09  6.49776451e+09 -6.23122866e+03
 -2.47030466e+04 -1.15805369e+02] [-1.05292274e+09  1.92105841e+09  3.81865473e+08 -1.53941758e+03
  7.33427637e+02  8.62874111e+02] [-6.63628284e+09 -1.46387409e+09 -6.48789988e+08  6.52114179e+02
  1.59855976e+04  3.00126303e+01] [-8.04770013e+06  1.30472589e+07  1.99375709e+08  2.72600376e+04
 -6.19019746e+04 -3.50077074e+01] [ 2.64730179e+07 -9.92869923e+06  9.10919800e+06 -2.62711961e+04
 -1.74644134e+04 -1.00040802e+01] 
[ 8.18512377e+08  1.03729893e+10  1.52015854e+09  9.62339517e+03
 -2.39290839e+03 -2.36573572e+03] [-6.23993548e+07 -1.44459131e+08 -8.17669032e+07 -1.95988182e+04
  8.86084037e+03 -1.84081024e+02] [-2.40339766e+08  1.99317123e+08  3.13312724e+08 -1.55787608e+04
 -1.27748648e+04 -2.84266766e+02] [-1.43747959e+08  1.88460990e+08  3.12357001e+09  2.72372027e+04
 -1.05500585e+04 -9.95621871e+02] [-342237.63806152  227209.88059998 -335987.9778688   -36795.02230595
  -24666.84162411     682.016192  ] [-9.07080705e+05 -1.85817941e+06 -1.28067491e+05  4.54426850e+02
 -9.98723026e+03 -1.05935459e+02] 
