Label M_f Ep_x Ep_y Ep_z Ev_x Ev_y Ev_z t_t m_0 |Delta_a| |Delta_e| cos(Delta_i) Delta_Omega Delta_omega Delta_theta
0.0 48.935979208246636 -180943571.34410095 -512581689.1281738 397950490.17611027 -799.3287573945781 6444.284272772767 7274.419288946414 61785909.441369176 795.9359792082466 41983952744.326904 0.32435800216246685 0.966775964333803 -0.5999770405593892 -0.4424683308030164 -2.6510638787244503
0.0 60.98440699063735 -2073271476.2203064 -5310913178.139618 -1459070943.9165974 2084.192319257065 2521.453563695667 -736.8107303307008 59405586.880170986 807.9844069906374 85251771319.51517 0.002118785443421714 0.9994741612589451 -2.1992876497544422 -0.3732010793405407 0.03826759001369684
0.0 0.44850899391997245 -251418020467.7276 161470103759.98615 4059345320.370668 -40819.3701125677 -44364.86913947863 352.44911852530976 27956067.861036975 747.44850899392 16781125958.944702 0.34138782004307855 0.9997581615960613 -1.960445342062579 1.292117104527258 -4.154357815924925
0.0 0.5438613121206117 -258647128573.53622 209802603440.25116 7067280614.535236 -33753.7080551612 -27406.18508672348 -271.85621877019554 33016157.9108764 747.5438613121206 30528014505.20819 0.15477282808391446 0.9994204666824376 1.9827488147801968 -3.171355827779021 -2.7398444574426444
0.0 69.30614616645528 31721881.404052734 51398228.518951416 105492819.2696147 -250.74428734198318 1688.8115646635379 58.62482766382993 88160221.01259884 816.3061461664553 60978436502.339874 0.040540694604794106 0.9996968864965773 0.20587416868642472 -3.541980671695393 -1.8764143377166003
0.0 52.032700645435284 -420428437.59625244 -37167415.26917267 48054166.05716705 1407.491665871623 1205.04916938709 -707.724878626345 64677609.94305786 799.0327006454353 51270377628.22772 0.022399976761315957 0.9988581633442751 -0.18987604515148482 -0.7154402811734542 -2.4974758012792915
0.0 35.983487254515694 127461158.14109802 -127633392.35302734 -72495994.96895981 4066.0839317478494 -1545.5438913307419 1165.3205223151585 45031779.13088997 782.9834872545157 49328258384.46942 0.14174561968284538 0.9992580119212942 -3.3279116570888534 -1.3318036459708371 -5.904265063248873
0.0 51.38293575015837 197257290.52664185 51789823.047943115 -78584591.09281158 -4358.66536549099 865.2086443140233 -2421.0587686575404 41188339.10129254 798.3829357501584 74152162326.39072 0.0027714362561220285 0.9923247682888561 1.976493326198451 -4.172335464189629 1.203275247977131
0.0 15.707470142159877 50941589.274642944 18527081.404785156 -22122644.694560766 5161.707003889584 1947.3163588102107 703.6404020513803 19648835.86842502 762.7074701421599 14368730291.343872 0.22598763721312176 0.9996250690837938 -2.2736350871606383 -4.435957330437555 3.0787226309709435
0.0 61.40202274864646 35703984885.650345 70888138948.86087 935563437.9989686 2016.527806574748 -12891.46410258627 734.4227977846033 78845298.25077462 808.4020227486465 65576817620.6255 0.05667112331744155 0.9995231529925505 -1.7328298774592734 -0.13722352737221 5.786196688808589
0.0 157.2671356936654 1682616404.8207397 558515758.4348221 -3614291370.529827 1372.322399135066 1365.6305537923217 802.8454210810528 115331842.78990513 904.2671356936654 74362825881.21487 0.10242096367005737 0.9714201893643923 -0.8513269615481841 -2.4842152111635802 2.4603635826327803
0.0 55.188149150296 -43243362600.9211 -1932116535.4094658 1138848600.541969 2781.8595232797907 4391.821247872675 -617.9496028155916 71940910.30662613 802.188149150296 69171137316.8775 0.14730181193776476 0.999535891126483 -0.7041548558515589 -5.08572799953135 0.43390624866510263
0.0 51.708932005879774 52717866.62005615 64278539.840530396 -22176470.465706587 1515.758060042388 2991.056716656236 1377.1184001935774 40739123.089813255 798.7089320058798 64719474975.981964 0.035172662405461574 0.9999515172527143 3.8556554794709377 -1.261434222481234 3.136086468692832
0.0 43.87875800248821 112799733.35812378 379503524.29148483 180311166.32641792 12452.846093970638 -1792.7018582151286 -755.1202845880998 57327554.27745274 790.8787580024882 26073700006.149475 0.3960875184666669 0.9937420647213983 -1.4336277524532368 -0.04937210796183178 -0.14249071837013805
0.0 57.004647199906685 -150953868.7123413 -76858626.60731506 262552672.6234858 -622.2552661958234 -2300.3506693491036 -966.590794321999 126604491.78709821 804.0046471999067 41769440665.769135 0.054476839304345034 0.9988476311978226 0.31019419011626603 1.232883967725758 -4.9305081926707475
0.0 14.652921785708827 135702436.9805298 -178975978.52894592 165775995.72865978 3964.0769277487707 2153.451321487042 33.85421275498075 19928488.7332504 761.6529217857088 77658745458.65057 0.3003524319284881 0.9999997702757834 -1.9167891001227815 -0.952023303940488 0.11522780569665558
0.0 59.692132406981045 -469189905.6481323 1388841320.9047394 -53135061.015349716 4730.235945262029 8500.438225232414 137.6770858608744 106340932.17365897 806.692132406981 41067412646.65811 0.32261159503308445 0.9999999627535346 -0.03350904958100931 -4.630498885788578 6.176663199749935
0.0 147.96422930298866 4896822.5941467285 -73689001.96211243 142470142.72864723 154.7296868966787 184.44050232838708 22.113317730405925 115330417.42164825 894.9642293029887 60784884992.183716 0.0001858986501314941 0.9872406110137891 2.0925828667452047 -2.012370478663236 5.149142564581128
0.0 71.10552779947636 -13308286.3229599 36690948.41419983 -11204924.11506939 3057.5650526895115 2809.041722793845 -3898.6354128157823 57147306.62979364 818.1055277994764 54134039643.33377 0.21107909193131388 0.986968689483046 3.6677374760868715 -0.03365746717191742 0.22003622585161864
0.0 110.86655093613172 161303546.8724289 30358813.41204834 97754040.05739427 1805.0024591711335 1912.082989214623 -598.4107915795547 82060306.6703056 857.8665509361317 91486367837.38641 0.10759704965551405 0.9995115119137111 -2.2677060804131415 -3.971869798604331 0.9608523908191671
0.0 63.297121915689104 328691258.81608963 -329211745.17718506 98899134.32656074 3723.1156611224287 611.2563586382239 -486.17652311768694 70463060.47092216 810.2971219156891 76215537027.49385 0.11177189805378901 0.9999306205491243 1.734877080449752 -2.925058414414696 -5.524922928035283
0.0 80.87914606998459 -115036123.4637909 58588004.22253418 126633334.4489764 -954.9115410244776 -1119.0169861116337 -94.53551717360249 93883556.72994338 827.8791460699846 79360890462.86798 0.05870990927407952 0.9999943630994476 -1.3111344242071836 2.265857908388036 -0.8057361358826847
0.0 76.70174047238356 365245620.6726303 -192394506.41912842 326091555.1254854 2622.6252952016875 -1663.4215967052369 -525.2026530825144 104730533.79206383 823.7017404723836 113775286490.19138 0.1393957386022492 0.9993377714466262 -1.783547019677713 -2.249922282362842 -1.8377734153427001
0.0 88.37803250891068 -716579701.3308105 -842999174.1083221 -342382013.5499177 -8057.685522135014 4411.898422540864 250.92197484345598 105817450.58635679 835.3780325089107 22905931221.84494 0.3867723806088672 0.9984184506488145 1.7899052390964427 -2.81488544129116 -0.15616008136495552
0.0 94.04769381835183 13686243.739196777 -82312152.82427979 -250007970.22866917 6259.43976968588 -8094.661774223546 -370.79933576719606 102087904.72351173 841.0476938183518 5078068510.047699 0.5202642236167146 0.9983138803531412 -0.8045412146757078 -3.6713683340493093 0.6758894628939456
0.0 19.899322860860593 77184990697.34691 33838288575.12371 -4631772718.450716 -7091.85341901935 -6802.1398052254335 536.7288903025125 26114875.79035788 766.8993228608606 88690887081.52106 0.0021101929958170645 0.9994715465231503 -2.2603880594437977 -4.0846423892591694 4.991466220909421
0.0 36.39616114138323 413534949.1747894 1369289293.7651672 -59241238.19439298 567.9062811259464 2577.7998308746755 795.8407320666262 34873314.126881994 783.3961611413832 56481859346.69827 0.04400798408125062 0.9995282377728367 -0.2616655388554704 1.725448429956874 3.198075932757347
0.0 58.451173290537554 -196388618.85617065 -18258032.487442017 -142902999.2925229 6961.373620281265 2873.4884947987557 -568.2739237974441 48287031.63948756 805.4511732905376 48383842291.37952 0.19836751528813112 0.9999986766833984 0.9534341302330278 -3.6602406823568185 5.785914467860694
0.0 27.278455168326786 44570739777.01858 44569444966.734604 -3189457292.4553213 -1089.55965508402 11734.37727510477 -94.32620067903272 21698134.740030274 774.2784551683268 43502424932.876465 0.3309242448086618 0.9996132929110625 -2.039909902586137 -4.175470193267943 4.428647051806108
0.0 83.76828272817977 -34069745.854034424 63008991.24560547 13224937.733898163 -1063.0485577633353 2360.796207645366 4089.7891700776117 75090601.82103047 830.7682827281798 57925236413.69864 0.0914256844780687 0.9872979686452673 -1.6935643389341144 -2.6460852343436505 -3.596620185307871
0.0 62.673344751958666 39190858349.10685 -10909195066.875336 -1949829080.9027545 693.4237629116396 -1298.4091620804338 -1006.467398244299 80565666.53321141 809.6733447519587 3788352994.9421387 0.37898766947138185 0.9995762006648762 -0.40830759552192863 -0.8404881136794882 5.819977993949308
0.0 54.255602051944265 -185449175.76708984 67411916.05438232 476900708.6539664 37.81014939718443 -3439.6771124252264 -2849.7368642183847 91229753.56630586 801.2556020519443 20096920076.93445 0.12818679215565654 0.9950605793763798 1.1760368558466925 -1.5840095217909933 1.850360172794066
0.0 26.011351046631717 -17703722972.573944 47173398209.062195 -17777948557.867207 10630.257561810511 -1918.044880195579 -1571.307933197505 51353613.55603514 773.0113510466317 19097396480.202484 0.38382716618599966 0.9890400377459957 0.9273369834648861 1.9779599692603878 1.0843700718018345
0.0 93.7028826216715 3157964241.21138 -584775931.9212646 -10915966027.66835 1481.887163111216 1611.579147886434 3338.000106942348 71215162.06482285 840.7028826216715 67586832320.227295 0.1596464302970909 0.9743208781109184 -0.9152758688403695 -0.04102436118898867 -0.005835266063729527
0.0 78.33530194820105 43126823.918029785 -519740251.81622314 -3143300.930193901 800.4184775504255 1758.0452938903254 -171.2404579116258 87712910.51290986 825.335301948201 72358854342.70023 0.07077066386665735 0.9999953857546262 1.0636427161947877 -1.628748566510183 -4.126055351473325
0.0 26.474310596534906 142215480.98356628 47027225.48158264 184215232.41449022 13110.827900394012 10549.841079267871 781.544576297314 23163236.195977505 773.4743105965349 4152477800.755127 0.5562708895143657 0.998909775078437 -0.690733265102732 -2.014631112675611 -0.4023784804655115
0.0 105.89146379018985 -4193433033.1922073 -4181935630.629425 2351600373.8214617 1208.70305971185 759.333614435951 244.64132331589457 79890866.27976234 852.8914637901898 87913780087.80182 0.06829020632471663 0.9991880764865637 0.5245622683503641 5.3186836800093005 -4.868091266140372
0.0 99.19049771063533 6522742485.371735 255490816.96684265 -24017562694.02719 -59.3696145964459 -17.92846861529688 -27.024342742660224 75516165.59660503 846.1904977106353 77300875284.43915 0.011038141855202077 0.9636733609239477 3.8182368323680516 -4.211294687437282 -0.13338796247100326
0.0 34.88706713115903 -55896279.562683105 273044938.10658264 16584805.442848206 -152.80904797348376 -455.7493708956681 277.9959259695112 73111184.46775651 781.887067131159 13458036531.453308 0.028536312548646275 0.9998633124107333 0.059860352813954854 0.2645588493188254 -2.605332198579921
0.0 81.35793661686932 39103598.93057251 132017262.2649765 -8370988.296834946 1674.318200674723 2801.609340897583 376.74589825216174 77508096.89505595 828.3579366168693 74582656282.66418 0.014865166357142467 0.9999116128344689 -0.6214391789298288 -2.4201413310621165 -3.650934218283216
0.0 145.45291020485536 453764483.25995636 -100637581.81066895 134981417.1896305 2167.969569921508 1136.8226080972854 5320.04575433546 122556987.05008069 892.4529102048554 94762632595.8345 0.09489283104141777 0.9656524937914756 -0.1977915240194843 3.734100999338646 -0.6438988050578185
0.0 38.44246309781738 61582826.95103836 92300014.07437134 -104635504.97055948 4514.77421345577 681.5682923090353 -203.9331849919863 123658910.3978241 785.4424630978174 117556138383.64282 0.22438511122561852 0.9998476251473772 2.3383455537126454 -4.7616970415272055 0.22017911848595428
0.0 82.33080019504416 -83269157.17028809 434076414.298542 322462849.5093603 14692.494910800973 -1976.9019617905833 158.1882021847481 82630311.9248392 829.3308001950442 12601445070.440063 0.41075473712775434 0.9999160294829563 1.268856635611275 2.319028777867672 0.5310820651733579
0.0 77.2737408267725 355864167.73779297 327226056.4411011 715400504.6689796 -4131.0008484434475 177.5066189863528 1628.045921901985 93683243.47717544 824.2737408267725 53825301537.92404 0.22112224128908758 0.9984456029129523 2.398944714012483 0.31983248285276716 -1.8529825258827348
0.0 81.3801382788597 -253160602.58325195 501076429.38375854 -232989565.83640385 -1411.0366995721306 -3446.1792807378697 -1031.4761507242629 103999920.60874374 828.3801382788597 96911111791.38107 0.049086734899323387 0.9988086781258674 -2.107932440834934 -0.6925226954538655 -1.1523445090479023
0.0 16.64758269043523 315269208.2056885 -118940917.30056763 15414140.590109587 6871.425959935479 4554.51096832133 734.9755076000574 19152185.625878043 763.6475826904352 1977965658.2611084 0.30704939308841006 0.9997595716375876 1.4347718256247872 -1.4321509233940937 2.5894776627035787
0.0 67.73639504300036 36286524.84057617 -15932268.524749756 28161972.77872467 -424.88380534416774 -48.59845043558016 -19.509162976441928 96608855.11908607 814.7363950430004 28858964749.006744 0.017372056793749258 0.9997629471884989 -0.10709439068641213 -0.6043815751500452 -3.6894300712291965
0.0 84.55791652561334 -57868087.10870361 36116490.21392059 43974667.90081787 -4920.140664501943 -597.6489593817132 874.8417033659438 66037098.0046901 831.5579165256133 39602667902.71512 0.03300512250084292 0.9994748880917487 0.8936812992620426 -3.958390055380474 -1.7598064796329838
0.0 75.13719715487628 297322613.09439087 490902005.1579437 213083238.88425446 387.26367425863464 1310.9539413717612 -252.710384928682 113958320.5777836 822.1371971548763 53089592109.01544 0.0014132467813899596 0.9992056603331972 -1.530545109022624 2.7476814402821357 3.1842920904618595
0.0 113.63989207593283 47954202.58659363 51723904.244400024 43424300.53774881 4162.168877047043 3633.279236738814 -5021.860205215773 129059347.44025443 860.6398920759328 35279289236.35907 0.3289137056417447 0.9779949455746341 0.7106919265316408 0.302552873759661 -0.17848508045777667
0.0 86.42501726146088 496617605.6739197 -206179051.583313 -417296434.14422894 -898.9243182572645 -3856.590785642564 -1327.767913458908 100679054.59222583 833.4250172614609 59841246230.39465 0.15538039818363064 0.9923709146836293 0.5424650382574953 0.7928364976564102 2.474240783781661
0.0 29.39031875141154 547672391.2411194 -235022806.73890686 564916361.8763871 18.590366431808434 99.93353760574246 -183.57771673837976 104670682.5734342 776.3903187514115 9612762703.787964 0.004710367365002827 0.9999976077241904 5.002684972079495 1.384346989984846 3.1463056042789934
0.0 125.93063993797216 -327736111.4192352 908706194.3876648 325706406.84559536 -1691.4071645950644 2166.354192788518 -31.08689094734507 124391749.6036528 872.9306399379722 72920950046.05106 0.01922462155646161 0.9999390743683357 0.25929400912377154 1.450569600924478 -4.457146606805402
0.0 100.1073325122859 453376459.44558716 101896011.9710083 37120183.94714165 -225.347013515453 176.82876094398307 5642.769560294877 103574802.71527115 847.1073325122859 57141959761.698456 0.03126276869771073 0.9661947211771839 0.5968360176325463 -1.2694124427433897 -2.0040843409297615
0.0 56.55755345725265 2268398909.800476 3237508519.4809265 183946662.49351 2206.8223778795746 1237.883090195839 2281.040139458537 72597945.49562995 803.5575534572527 52660916433.41623 0.005304265412671691 0.9997717439780752 3.31158073415852 2.04613384903644 -1.4590455803705797
0.0 72.39383828028622 -338772517.38461304 547962772.6276627 466520822.49220896 -880.5512367271494 -2768.1714611729403 -464.7191743173911 95589807.77469893 819.3938382802862 92884116587.82504 0.08320471806338677 0.9999854741433944 -0.346831281868913 1.7711100148516916 -1.1282159806393504
0.0 98.44825663621111 -255335842.04284668 -283482575.1445923 674470505.487324 2186.644772715983 2376.0775808166945 -168.71983243613408 83205604.03947157 845.4482566362111 98040484797.00179 0.14324840981185016 0.999879960774537 -0.24746839048441038 -5.5412394519217 1.0947439008240685
0.0 50.7368223944236 42971598.573135376 81114851.97619629 -53296320.981963396 603.8952261337872 4716.059753464178 907.7594006490029 49144205.3617136 797.7368223944236 58801634306.423584 0.00752657056405269 0.9994705084211183 0.3524297642910873 2.026755304333186 -2.3416685338039906
0.0 158.0772777307028 85584701.81777954 -53601261.72427368 -10408651.746769905 3352.474613338887 853.5320073310213 -7014.951876084951 119139446.32674438 905.0772777307028 107579565431.99655 0.12392547891497481 0.9421999717464521 0.03409409563768623 -2.0594886538579695 -1.127213344325258
0.0 67.49160930777055 -24923084887.62799 -680079963.5559044 1546995137.8566556 759.162665119562 1471.0041061748998 -555.128468810511 64859378.4196747 814.4916093077705 77429844144.87991 0.04715241962382587 0.9995019476627418 1.8468294434144115 -2.240502164063924 0.05467760786569764
0.0 50.92212298991683 243427363.4979248 117108634.88393784 -48217891.930803776 -217.8264826543509 1943.3377513428677 -1257.8868011567174 71713146.6979303 797.9221229899168 59579849836.099915 0.14708155408968496 0.9999723616605556 -2.2105310133621963 2.89298964342972 -2.5375088507824306
0.0 8.263451496080052 -10126371203.15393 23328036271.785767 -34539820360.0601 4267.028280172641 2531.424544751 -3954.7713356626537 31557569.370837 755.26345149608 28608276310.915466 0.3607851976900719 0.9634016679082726 5.02999813122995 -4.997673031439561 -0.7635702367841266
0.0 58.34169237028368 7798436220.902817 6289279690.53833 -10033244886.934256 182.6396545521311 51.467750019370214 -787.7808951240029 90634611.3987788 805.3416923702837 53144117294.19583 0.05346890132166267 0.9950571609934619 6.054868972853834 0.4661923371525374 -0.0871258010818261
0.0 99.24390317143877 351630035.9963074 -187930768.92474365 146730124.57714653 230.83273262828516 2244.269976330608 496.0847636732517 113326970.063276 846.2439031714388 81379215922.77274 0.08233113371865101 0.999048554475216 -0.29812292926069417 2.205862297265638 -2.585697374828393
0.0 96.10909710465194 8101446.200164795 -48384094.475128174 150708784.2437377 1589.9565758944664 751.53284693354 160.03563898934095 123793596.27765761 843.1090971046519 74265757385.32324 0.05685482838061179 0.9993925137438759 0.1588004218629896 -2.4085263012592635 2.655362256909969
0.0 42.120770073955214 -25535319.451812744 369611419.76904297 35893898.4939543 6275.946688056492 6535.530162142542 1014.3151776845966 42275520.73818469 789.1207700739552 43768053313.78723 0.3015778399121918 0.9997391321956042 -2.150454580571077 0.06415749900202572 -4.503795701059518
0.0 34.05525758002557 34723392.0158844 81076339.43917847 -189552344.59534907 2460.799867529724 1350.651570729793 -751.1551880497962 29489208.525215812 781.0552575800256 52516794094.60834 0.14797110016545156 0.9993698434475525 3.9691524404255905 -3.134753008400268 5.143527639375301
0.0 17.909716192455903 -2352642.477203369 122224140.97789001 587144969.6128578 4870.4397871139445 4228.290579925029 639.7429394267804 105862451.66037026 764.9097161924559 19639217743.089478 0.2158854441165706 0.9994771959806527 -0.2519652054551682 0.6693040354661828 2.587659794766716
0.0 48.45354278732282 6662568430.672974 9136464582.65512 -1410994672.953524 1843.8105227903202 1349.5949694790652 549.1440723382493 35500472.500818 795.4535427873228 64530587076.201294 0.18181524490627762 0.9995640704214245 1.3211382836451209 -1.6034953314002638 -0.08624280201134793
0.0 40.5692696807115 199494991.7137909 8907530.49343872 -189949487.8494799 109.62082015646956 1494.2911317000999 740.3443176917325 31839378.416017063 787.5692696807115 42755351575.71515 0.013959944039518418 0.9996273463801642 -0.770098612337016 1.4431799126814384 -2.8487835159726123
0.0 72.52540815739053 -74945497.88072205 -238547556.66253662 -23290531.477542162 1026.1164159665968 3082.260164248808 2964.779238599599 60262188.00219765 819.5254081573905 55184889362.111176 0.1234507988112593 0.9932805968603077 -1.2122977617032085 -0.5095586980804021 -2.6322783374843888
0.0 46.399194106885034 35518669.01161194 -118549056.62882996 -49527885.392029285 1217.2623461358198 2790.45044337129 1619.196534230497 46544418.08149237 793.399194106885 54896444866.760895 0.20589764876245745 0.998074180940402 2.5111168788812517 1.5442969041086205 3.921724866078329
0.0 56.7744551943033 41725995.96388245 183111993.9335785 -135502330.72665787 931.765979332431 2795.038606109705 -6118.699319548029 57999295.94840109 803.7744551943033 50301123698.01715 0.13316642116851968 0.9915394342687031 -4.11479245708814 2.623660032595093 -2.627551117260666
0.0 50.955176698615105 438939882.40397644 207343153.16778564 -112031761.30467892 1809.1850938647585 2937.3503750258424 2610.249075416931 62344133.20462367 797.9551766986151 56172120759.41467 0.048183304489773635 0.9978202785610965 2.896138394079156 1.6992486648834633 -1.5870330647903619
0.0 99.67447764615224 -425010418.94379425 68027447.11935425 415893323.37138724 119.59369630265792 4344.528280820615 67.25863334327539 101829062.06956677 846.6744776461522 64823674111.112656 0.14889259365372773 0.9999537947546502 1.3809611017242363 -1.3047432265090646 5.82358552870518
0.0 11.407362021612471 220024320.63996887 -192151480.4751892 -43360315.65529013 -433.43819346712553 3978.08033554169 1848.041480465004 46262589.24658985 758.4073620216125 46576737877.28833 0.02702921401388611 0.9999110004457346 3.3521047195285876 -0.27809387179839196 2.9628682417025183
0.0 68.22200846526118 171905628.84265137 -98029493.21310425 134231611.19818497 -279.69453068168514 -10422.301589631104 -1280.0872405795276 53646410.13375745 815.2220084652612 26468265712.115723 0.25899725004004687 0.9915093972223697 -4.51751956025257 -3.141533333199591 0.06775436640209387
0.0 132.81166459237556 735558480.9266663 602122306.0445251 -87267501.70056152 1597.6038809054448 1061.4583652260153 2332.950376727489 104686583.0060748 879.8116645923756 94867189304.79187 0.0377836775401571 0.9825054966620793 -1.006626508624631 -5.087395696296154 -1.2036123578101015
0.0 92.18848824506824 -14426874.442276001 -108502080.59463501 -152728069.43855667 918.8880970597274 1831.3543453535913 449.19029894322216 121369446.89348054 839.1884882450682 80019016595.64789 0.0846319805295288 0.9999882594705587 -5.888591699248458 3.904669288561763 2.5833148788275446
0.0 48.3968421105036 -28794308992.202057 -46740035178.03116 -1801821374.521281 -5011.373214551499 -2118.540522289146 -822.1157568753982 92374110.07080217 795.3968421105036 113892115242.43475 0.1310630711790669 0.9995190099080733 1.6221803661507073 -0.9397319136201769 -1.676737582915958
0.0 17.290951416316375 427631498.5865326 -44020988.34046936 23466589.638056993 -8771.55767656304 -9169.225113699544 944.5203509539615 42457236.45420614 764.2909514163164 1509110459.5858154 0.41611193925612927 0.999296258732794 1.0936444103067915 2.9845436021492175 5.567700826022027
0.0 28.931906706552695 -4773798164.859261 5778041100.830017 2085992660.3116772 -2093.7947148139465 4433.187380073503 410.24718008720475 56220781.92831157 775.9319067065527 45169511299.88577 0.04587213897260606 0.9997418182671117 -0.06761532603973797 2.2782898883445712 -1.6520688282667964
0.0 59.12799758307665 31175412562.700523 -10414213650.30513 -1325950055.7552679 -1918.3364757869494 -4708.491451320591 -1138.699734535826 75937408.48585688 806.1279975830766 3287986707.2556763 0.38939444965979875 0.9995265272082662 -0.8832759876586807 -1.378819870672707 6.030744488732481
0.0 74.30429440864089 281961090.60150146 70737275.09214783 455328718.00805855 526.5207731534247 2007.5517475023116 624.624412782829 68096595.83109753 821.3042944086409 74264112853.88022 0.08778406228584937 0.9993472457458191 0.44744572679979866 -3.008440027953719 0.3669567962619955
0.0 9.154293719084649 -13495642.615875244 -68061622.98928833 44275315.53548324 -378.29021057569116 6056.330926322609 497.59757137407365 33069778.83579787 756.1542937190846 5567142781.844177 0.2373442095450566 0.9996049084191703 2.821381343583104 -2.7336998282908307 -2.6747368764453126
0.0 110.42609874895425 -103454855.4085083 -179502652.46118164 -257074456.59060097 40.017773145835235 -134.73791938550494 356.8291222931395 115660876.14882202 857.4260987489542 32640941380.571655 0.016669537519488353 0.9967532050808662 0.7480543268155293 5.749306677382306 -2.3269867510858724
0.0 33.66886249839433 39831813249.970276 -129199486550.8755 -1790940456.9808123 17306.75812042692 21951.70042402357 -821.2323829859722 32972292.650578268 780.6688624983943 76083634502.02512 0.06098951203298823 0.9995192985605836 1.7485041262656966 -4.9558365187843645 4.29545820540498
0.0 51.70405110946899 306753828.3286133 2091584058.0124512 789739538.7609868 1127.9421171136491 1693.1294057170162 1195.5715733796233 109664023.1731857 798.704051109469 38057586464.73773 0.0474967808710474 0.9986525169046188 -0.6134739239864424 -5.133625108548347 2.334593554278648
0.0 24.864946477305466 62645628769.85553 25761762301.52005 -4364844770.154276 -8167.857483493983 4790.238533005722 34.28019583976899 22830723.161934983 771.8649464773055 52268828897.87622 0.15293677247948442 0.9995161323958414 3.9980280607933647 -4.243053048759873 4.970398254015972
0.0 20.513268383794184 -315705803.2772522 322494374.98605347 -773397959.6346612 -2380.438188954522 -27.16351524599395 -3464.4001525006324 126511670.73901221 767.5132683837942 37690475969.043945 0.17309203554786565 0.9944413762144154 -0.11083805453902729 -0.8238662606574523 3.8954363940381103
0.0 91.64118487807832 200152499.37104797 -31982966.89501953 -159297044.80099678 472.2472550746679 1388.0227164290009 -746.7384378665297 87063640.704722 838.6411848780783 82747900947.72427 0.05194913875302863 0.9999285717906702 0.9660558866420808 -0.5220686281459908 0.8928154992845017
0.0 63.80164648806658 -23106146.56529236 244502119.53085327 62149187.45994949 419.76324761312935 2385.927320615503 -3895.044941738137 57813812.1847696 810.8016464880666 47495421802.1434 0.1133929361665961 0.9876742868149001 -0.4774477311322798 -0.012260749076529631 3.341882981954229
0.0 4.1566122847432325 194673786.11091614 317659519.2015152 142473034.99282837 4509.465533959479 -5246.034981178982 -4512.691981195946 28282456.4661616 751.1566122847432 37613484018.48587 0.19322490577615492 0.999722966342573 -2.5796119463173386 -2.33830652417837 4.859787265589151
0.0 53.52337413973214 -15671890006.507843 15335832712.412766 3527842444.6996384 432.008402749987 377.2767832644604 -104.50858203235994 95632971.20773502 800.5233741397321 93130936395.41257 0.01749103799569139 0.9996794569166251 -0.5946347496368215 1.3840052298259065 -0.7903755063528821
0.0 32.36926756470257 -139763542.98876953 -594287.2568435669 249196944.37189293 -3044.8621115175197 5591.447918665646 -173.5572926348773 27973344.554760862 779.3692675647026 106199992140.19128 0.21158734052438702 0.9981558208858053 0.8132444296036478 -3.6802745255387315 0.9005626599361269
0.0 47.64992769321009 237628618.5734253 194885397.5102234 -73246161.54340935 -1152.3568726274098 1116.9148343980414 1261.5876261799563 84633957.84141223 794.6499276932101 51763783092.38513 0.05085911640005766 0.9995864109615726 0.5516407442217806 2.417565301200038 -2.819507258303277
0.0 53.97196609151945 -103657.12780761719 83949296.4249878 -76483021.59149623 -2087.490494221842 4148.051937938755 -741.4314295879769 52234241.99297079 800.9719660915194 48447798942.7652 0.04794329469485954 0.9995489595655539 0.29401154900430315 1.6513619732121798 -1.9428259176535707
0.0 117.82443993090772 221869147.7199707 298149713.332428 -384872544.7387085 174.2140697254108 149.14898510149578 -129.06766240254422 93080347.05264628 864.8244399309077 74655336003.41217 0.014393633982341739 0.9999558921529732 0.4848958778850503 -1.0345901437085165 0.38346895778126644
0.0 31.28854254440978 5147004424.527679 13642761592.025986 -1468213349.72461 1588.4857022515594 554.5782262398425 564.7329230690935 24454446.475710202 778.2885425444098 41130960771.674805 0.14199663484673605 0.9995458856621269 -0.1893964282379681 1.0154668847893644 2.9089663223561635
0.0 66.90399246858874 839565155.0218811 794620258.6514969 -328451759.5842266 1916.398726768245 -4011.976438777823 -1079.9517364636474 85778168.00133713 813.9039924685887 6930196282.965668 0.1134256370862654 0.9999751827624166 1.3479680993638778 0.6994733619496077 -2.6982394479931844
0.0 115.11339703970737 259540869.7095108 -170425124.91131592 719108239.1392937 3006.9935429292964 -395.26616329716126 1934.195390650307 107003905.37640925 862.1133970397074 116622739844.17728 0.07880673796339684 0.9916342133338976 -5.646772082723757 1.5461864583557858 -1.4694115792769868
0.0 100.40478299578263 -343995346.75982666 724442524.8500061 -371651518.79544044 -731.6508036570267 1450.0524063888724 401.9898575989508 111022862.50497967 847.4047829957826 77905234953.59474 0.08089659899067579 0.9996989950819937 2.195620148837772 -1.1603430802211383 0.05114410008972481
0.0 42.938801680602865 -705738642.0041504 6692953.921127319 90386743.65963459 180.1197841345611 -1748.792921842185 178.80619314607168 127556034.97001263 789.9388016806029 18192257890.32071 0.10499090034603578 0.9998251184436153 0.11436054245652416 -0.8974825272211671 2.7062578441208847
0.0 73.03054616001589 3291583.7801208496 17072828.90472412 36649028.75671673 2636.899496848957 1977.2392964585433 -1903.3631444663474 56447912.17102334 820.0305461600159 52507844256.71277 0.19232620871708273 0.9947782697406939 0.34575850864376934 -2.0375781010025262 -0.9316272036080995
0.0 106.74078946636848 -12022118256.566948 -21793704768.697906 -1863489261.3382852 329.6138020043509 115.72002190628518 -176.51975519565372 100564461.18977934 853.7407894663685 107903477198.77808 0.006760403964842468 0.9994353997778282 -0.7935646351921328 -2.0554188681796557 1.5740923828336417
0.0 62.076071042159924 -94858406.0856018 68825551.68161774 -5565981.64657855 -10192.69089274262 2921.3280802087756 620.78465126984 125397013.39765449 809.0760710421599 21186446303.347168 0.38717628246309077 0.999277344512548 1.3670594132302936 0.7852694498335344 0.021455214901149322
0.0 38.590139686412726 -985771304.3367004 -5583519836.989563 5354625565.665748 -784.4893372127117 5720.664598923751 3024.097036697227 30503089.655066296 785.5901396864127 102623699127.00122 0.27985287888102395 0.9906874918946027 -4.274932484918429 1.8516630717577578 1.1377192544269865
0.0 53.8981884224313 14715261.760040283 43497861.19076538 11917219.67209673 2232.757570602156 1027.3295615922434 -18.72263124461115 41126489.654080704 800.8981884224313 64658144135.7388 0.09992439182004453 0.9998195623890654 -0.3774885834242575 -2.937375102938483 3.96098402581286
0.0 86.16901437676847 470079292.061615 -17545021.676971436 23298910.106770992 5449.119529406125 -217.28004712154507 -665.6705756321876 126393770.74137002 833.1690143767685 92317556786.01422 0.17923754388078128 0.9993554172653577 3.186895284508388 1.0981939280504986 3.7044321096461026
0.0 70.23311306330197 79924151.00650024 221828565.96124268 56445602.85346031 -1929.8610943149652 3435.300136472963 6627.375723045662 54241567.36165309 817.233113063302 36016535289.656586 0.015268437038532881 0.9560420620516112 4.407368321705968 -2.152482785895679 -1.973914271210782
0.0 37.02911419350187 19396774.376342773 -65103448700.821365 764329362.9633317 16793.806148067004 7671.206345296552 -1030.597238194921 29152181.01088439 784.0291141935019 48987746451.71245 0.010221816057833677 0.9994867685913276 -1.805499684790232 3.4324859946223176 5.225212454609949
0.0 65.58787446398435 179334617.6523285 152440574.92474365 36719690.8075459 -673.3352464537784 -1217.0471791247437 60.91035028391809 85108381.89026365 812.5878744639843 56921712904.15552 0.01525989565191925 0.9999999425382096 0.443727792923867 0.307973344519577 -1.9130455409230382
0.0 118.8743924810085 713833175.1318359 -229806833.0220642 -413538809.0159987 3953.0109491391777 -1353.4080495588332 19.12165288259223 97732615.67208567 865.8743924810085 97109656703.27051 0.21400054089864207 0.9997880516367896 3.0090575831361477 5.261710025569418 -1.7038264262441882
0.0 53.74743204572917 108767653.41915894 -123421186.47991943 71062942.542902 -620.0073463534472 662.4351477175733 956.258542335836 89455022.4817255 800.7474320457292 51004838994.55411 0.06829561337445869 0.9999751539536251 0.8898110092269513 -0.14529279574881326 -0.4138817023571518
0.0 67.98726726863993 1125197468.4622192 32570765.594818115 -1653093414.3861303 -607.9537872334877 236.67278962067576 1701.6976492920965 64461263.644489974 814.9872672686399 40979356920.86224 0.050730683689247186 0.9951038630732617 -0.06579701757663314 -0.19246721627545305 -2.841344242700672
0.0 70.74122994429979 3515844018.3736267 87893317.13450623 11324818461.771734 165.43739489772906 178.1825307543695 -447.8932130304561 68049616.77830327 817.7412299442998 37784484477.22183 0.031701699475166656 0.9802090944308174 0.6964205703815824 5.479673117339429 -2.4159183703876472
0.0 35.56390734598642 -527532886.270195 -825331228.451477 175373825.77620292 -2533.527802743447 5610.066353669761 1413.9585374832038 66921040.41777942 782.5639073459864 29095998733.371765 0.15411810074660406 0.9991615319826392 -1.5863925748923002 0.06497443204982417 -2.492860860613179
0.0 49.32289661905452 -5319849336.678558 -1515656089.3224792 308843143.4493499 2394.427500382848 -1036.9853967151103 -548.3466788820066 94146167.53804341 796.3228966190545 98811524489.29944 0.012704475862419837 0.9996651155925835 -1.1834716799920169 3.170929985137809 -2.2451191648321385
0.0 18.25842808935954 -127498066.91778564 186090308.74938965 38872472.69717789 1404.885725115203 1711.123439137933 599.6861077268313 21027032.066937916 765.2584280893595 17103449570.487457 0.08456283371895995 0.9997195669129773 0.8488252835446404 -0.48532741955751013 2.723794549137159
0.0 27.943879488851394 -38240162.73043823 -10233346.310058594 -230636385.4374447 2719.2641227841814 3964.409043722195 2496.182457041644 22656409.294226043 774.9438794888514 78473030611.47144 0.28847307054683424 0.9990082121308326 0.9217716894310533 1.5198676574596193 1.6042687939575517
0.0 34.922548274787005 -10128432.066818237 -4587242.584884644 -39919216.73198285 5189.424511194793 -708.9746082631173 -704.9232559451793 36925184.41776227 781.922548274787 42443738301.97336 0.083654599147409 0.9998080958700736 2.1123404771659686 -0.05680094320111584 5.820060840902286
0.0 74.66774061630724 -1074484342.2367554 202749689.9005432 -1786396899.9522765 3145.3981655938587 -875.554114615552 -2644.5275126051106 125601661.5179301 821.6677406163072 18988679089.384186 0.1822215839044884 0.9922518224447044 -1.98092496355228 -5.0676241122684225 1.892718717507171
0.0 85.8295051543771 562716293.1715851 -368619983.8643341 -126855173.1970292 -364.34058966020166 -2852.3645479827574 -1227.6381378304197 88497718.82563293 832.8295051543771 32339418863.52948 0.13456088228978613 0.9994646257493899 -2.33509053283658 2.752943330494173 5.803924984568776
0.0 33.813389917623226 -32048841.281341553 -96229454.16416931 -4806428.768871784 2966.6617216125906 475.22999978895314 8543.924963509211 59197362.83209435 780.8133899176232 65476776524.704956 0.17193062690126937 0.9591044672323996 0.020492210176255687 -3.32100328052519 0.07996212157761562
0.0 9.485906603377089 312606140.2225113 -876607363.2089386 -215051440.81228828 4966.484775017569 -426.5141123949652 -2427.141084624231 38096739.89907426 756.4859066033771 50716743996.82936 0.03525844969373587 0.9997668761288567 1.7657641423458506 -0.03806680332743495 0.003473963151709558
0.0 43.83154937758832 111233405.69580078 -32869579.109630585 -98323472.6029644 1942.7307141688743 2179.308944808741 327.5351907284378 36201920.383159816 790.8315493775883 65538490090.26874 0.1950587610229294 0.9999909850950098 0.7494977170408664 -0.6991342711928055 -0.1295682919428396
0.0 30.87980341199284 -113253440.98809814 65203137.1484375 -302635.3200597763 -3531.526120666942 1324.2114537581638 349.5963458305388 80772146.84620829 777.8798034119928 47051596441.21539 0.2739883442909475 0.9999708533234717 0.14804363868462253 0.6854488482801847 -1.3736397485551675
0.0 61.02630644673741 244828736.9347229 -807050563.0075073 39838059.066075325 3226.2573068652673 -2212.3464764814025 -751.264446413169 120207127.40591277 808.0263064467374 41868215079.58493 0.22405258129672223 0.9996199892957606 0.3171708167360209 -1.4347591194390477 1.2597859487512624
0.0 61.209204062361664 230723.53674316406 557529481.3426743 -555151454.6479803 10155.596099440114 -4415.484729275184 -349.694298228058 52997827.891326 808.2092040623617 20021112673.32715 0.3462607873131166 0.999937707572271 2.7883346915075524 0.27003889533536074 -5.042402657222579
0.0 18.41517601698456 -18779044.978912354 50990150.52215576 -21741681.22358668 -270.6948333437904 6076.352092712638 417.6183683785366 36245314.74990101 765.4151760169846 19711725109.837708 0.20377914195649924 0.999751037415513 -0.06407397220363631 0.4796598162577501 -2.416375968547322
0.0 21.739027427705764 -280440827.04556274 -413802104.95047 -14037655.87635827 -2386.589784961314 9510.207142053474 117.02564654493057 69382646.24923776 768.7390274277058 9575280780.380798 0.2959929199922822 0.9995956777222665 -4.966273811778095 5.709932112714924 -2.411375614686089
0.0 61.922339288792045 66411375.82977295 -99983235.82740784 302577282.45485353 1063.4243765447627 -5623.513448294161 4042.3331658452953 79179545.01162371 808.922339288792 6914721447.044586 0.013800140837182395 0.9873021656007965 -0.7928517708830984 -3.2103360813833057 3.04691659930716
0.0 34.886751408547184 91138656.07096863 -75010519.78175354 84711937.09618306 6391.582849086433 1321.925485379008 1854.3574220979722 48216735.3459568 781.8867514085472 61123217656.61061 0.125259189814939 0.9986677159181716 -0.2966005799924388 -3.2390858218779703 -0.3544378345120416
0.0 96.2433768192841 237835052.9552307 20222509.142852783 332653306.6580038 502.70254379092694 5099.337267054649 -1748.9212043965708 76657307.95038962 843.2433768192841 48383532312.31174 0.358271759278149 0.9859852143215235 -5.073660987837738 0.46527827864689897 -2.685250844206964
0.0 115.45429563306243 76198960.83537674 -38979225.51538086 44460360.395451546 -3890.0947729474246 7426.783721912123 1128.7520176451017 108918898.35250914 862.4542956330624 71756722781.93654 0.105939950016047 0.9971459461214376 1.797182183084654 0.08999318332636008 5.879997955916254
0.0 89.88169908516272 -4574109109.153381 1352036113.926838 351816322.1390343 46.434160031584724 -2971.487477628969 -205.89323531937492 113536643.49262923 836.8816990851627 129312384598.64746 0.10561468714096156 0.9999195113223291 -1.023250452826055 4.373339305315262 0.10568326938903938
0.0 83.30157497081541 -1676732789.9089355 3156821383.413498 7068954997.988573 4287.375765400171 -1493.403271911542 5304.823899755367 110400238.35313632 830.3015749708154 95736563437.0694 0.0017387074408960895 0.9817752358160858 -0.7426188341466946 3.661198930563333 -1.1257583283153632
0.0 22.533252685123443 -28215192.73791504 233892386.36558533 111925847.92006755 14947.030315106513 5612.134087818475 691.352555147336 17936761.578904714 769.5332526851234 2717201927.1538086 0.5290548652349383 0.9989894535420568 -1.01165997058273 -2.2681655092655015 5.8983731536883575
0.0 82.94465147860944 -303619259.14902496 -50257480.40187073 -9881931.897324085 828.2451391881732 1059.3979061414811 -455.7106726440114 120006796.85499978 829.9446514786094 66027634378.56119 0.04541976986117238 0.9999409055371845 -2.0300081931590044 -3.3150649334059206 -0.6062518428055936
0.0 45.024571836777795 -33122834113.599487 15107456090.189629 4212333322.1474743 1500.5867216609186 2552.9569875876005 -380.88490193488826 87243284.46870923 792.0245718367778 83040113084.00363 0.08464932720982926 0.9995370359302097 -1.6527278058860295 1.2585033885125867 -0.5786054070055986
0.0 101.70281550625987 -279451691.65919495 207665975.08354187 -295656044.3329712 1699.374260863704 1080.6845017399137 -690.1949051766487 78185623.64627568 848.7028155062599 82510250485.52571 0.04055175617980834 0.9998976105162971 3.6901987177361675 1.738728638599546 -5.201333095270417
0.0 72.40976876272794 942925014.5538025 -239369687.4060669 -371455671.1269884 4644.201019619857 -11327.919958886945 302.87575862011124 112658516.07354312 819.4097687627279 16181355903.197632 0.3561276398262776 0.9967997920287587 1.537353190672126 2.6554024092411375 -5.822966695414498
0.0 70.76433487549775 23317460.17941284 223950592.2040863 16132052.924788952 1084.3617855036882 2956.7560877429423 123.95280047471218 62259270.131663345 817.7643348754978 51968393644.668945 0.2148341523748421 0.9993560830083996 -1.9196649337269713 1.7418648615882817 -2.252488861129531
0.0 58.769513277863894 -72946692.42993164 25740685.52204895 3383869.99038285 1867.7989595951294 2991.554919457354 787.5907370659158 51240295.4095866 805.7695132778639 63010382234.542725 0.08426879375394405 0.9995437467029353 1.6014631189415591 -4.036725041340957 -2.959388266383559
0.0 90.91677556859042 2631158025.754257 6580563996.173981 -8427438466.618494 917.5370153790936 492.2595597825839 -1023.3052384796175 86221982.32549027 837.9167755685904 61464157068.09778 0.040099943385346684 0.994507876753887 -0.12839414537800442 0.3054010002654932 -0.07322523613855525
0.0 36.24316387244471 409529838.8514252 244734370.42785645 -615684333.5404708 3743.939174188021 687.5292683110729 -898.7720656410388 47427728.484065905 783.2431638724447 45117148655.127655 0.17152459233675993 0.9997696493832687 1.5712007365597696 -4.695619913914414 5.424949330330594
0.0 83.04744811393857 101843297.93460083 -148936936.7592926 46016129.90608406 1133.121622312695 2006.889101779645 -578.4774462528725 116946937.2515414 830.0474481139386 81141148898.51846 0.03141003275285023 0.9932386428386741 0.5533511923906019 -5.485664268482493 -0.6237134171323675
0.0 92.96238307248404 -11762525.00505066 -2026733.7306518555 -38613618.409520864 839.3842305272774 2424.483606374866 -108.1642936784595 124186191.70198438 839.962383072484 87442047622.04471 0.002812132104664841 0.9999817357896877 -0.44547675460113667 -1.4724377425805375 -3.1185924331367123
0.0 83.85239172913532 341094605.8319702 -219716025.60677338 567398176.5785952 -211.6245115598913 1076.920963078439 578.9963550603167 79632662.61274542 830.8523917291353 60425309017.24841 0.02819118509842545 0.9999682015001163 -0.9957737017997146 2.2088155484743868 -1.5593394008784351
0.0 36.96781584112978 -33212951699.526337 27572705666.259247 7284622748.555225 470.2957491219022 4790.193404436308 194.551050801929 71387046.89759429 783.9678158411298 44698350691.66492 0.08360335192406283 0.9995579050186689 3.521570661650535 -1.3583241707804115 0.4228664310215788
0.0 80.32974601808507 -479568079.41018677 71033842.6598053 -162272895.93134403 19.03695948035329 -1153.6395561193021 176.66007261178936 117780181.55335908 827.3297460180851 53104174945.41354 0.0545681753246972 0.9988284286744538 0.05633518272391491 1.0793940470105827 -0.5013896125314066
0.0 47.37078106520141 100713539.24300385 10963736.912719727 -56911016.06867218 -1357.207126067693 -854.8123238338794 755.2188325799499 78486909.58527689 794.3707810652014 34203917151.645905 0.08959173174151333 0.9995852496270997 3.7555954968159373 2.829868558998941 -1.6089814685248585
0.0 110.23117327999614 285293783.9918213 -214635908.42494202 151438706.36846638 -333.27201324008274 -203.92242614228417 -1362.9441819042468 114377602.72231422 857.2311732799961 46844277929.51587 0.005742879713401247 0.9950569352775956 -3.204897041391539 3.6654158437518305 -0.8373434180268985
0.0 16.45335860728801 23804131.608901978 206321389.2110901 107297130.61357152 3290.182963004874 11644.978248302996 1097.536147120097 43833091.51901459 763.453358607288 32348316125.983948 0.3604381167083469 0.9995713076550361 3.715530518360871 -2.7064254298372123 -1.356225758211084
0.0 39.787606734485735 -330271146.6374054 1640129853.1079712 -1241580182.9212332 6245.660877709826 5003.648540342765 661.7703078152952 52022374.75036244 786.7876067344857 51512763253.96524 0.30328578070597034 0.9997022160831496 0.8032877757706142 0.8991524324842894 -5.490513485820658
0.0 80.927167169006 -1263564298.1170883 330880236.15231323 -205466195.09397984 1403.8353401429376 6558.743963314023 1637.087087671562 101035736.98352906 827.927167169006 50536679153.06171 0.22825318450751142 0.9990201352170217 -0.1917597309526764 -0.07385106612083531 -0.36843646994023116
0.0 1.560913366075738 -741492744.5247078 -1053787480.7579346 -1920523339.4535117 2462.3540619004416 6249.166287367423 -1683.7076705694908 34459628.83040774 748.5609133660757 58108206069.139496 0.31085711629974166 0.998585103078195 0.08482800938858182 -3.579832342787255 3.805542895774238
0.0 54.30429563097175 36498575.50566101 27374296.643867493 -4082649.717633724 13829.65554688634 7324.97230748388 -873.7299030944399 120544396.9209981 801.3042956309718 17194187408.76831 0.47409206635875817 0.9991569520918845 4.052652233382771 0.17437462623450806 0.5780194131589802
0.0 73.96241629236613 -32870347.127822876 -204772338.12384033 189481361.30339146 -1867.5267031897802 1646.6470212231761 -782.3895795013963 91520991.91437273 820.9624162923661 64221441380.24408 0.12361885396591596 0.9999989369601046 0.762069361951315 0.7598397662492761 -0.06684500781667269
0.0 12.989949127825298 -18237153050.268524 9331803073.736465 -27485227820.276287 3673.099375639069 2240.7883253481778 3270.2596531213258 49991879.103002645 759.9899491278253 35304050721.766235 0.2555522777149496 0.9801881288655465 -0.26851960169000066 -1.0913257610575124 4.154040878671762
0.0 42.23253260390425 -28688928.62286377 1821830.023612976 -113684904.21408844 -197.1947839074619 2481.3350022066697 1031.1457081596789 38806765.22450312 789.2325326039042 75897923177.45221 0.07416170489084523 0.9999961062218498 -1.4611241325542024 -1.1735704459793825 2.023891613580951
0.0 106.28386855152928 -245499557.9630432 21497897.53630066 -181892377.39722252 -1569.363935094425 3073.7360951560804 -69.83291259615726 120594071.48508121 853.2838685515293 68973915946.09943 0.08569889785459435 0.9998012083675607 0.5645455415486537 1.7570840706297197 0.9470635845010711
0.0 29.743316445285473 233054717.37173462 -127097649.27415466 -121405945.03635669 -2605.3324940870825 2288.5279673050973 853.0713254798849 25029968.107266534 776.7433164452855 73070257660.71796 0.022128147132408932 0.9995197839883464 -2.581091852486367 -1.3949539721122928 1.0404694709041662
0.0 12.076365299447048 83683247.21524048 56161682.1678772 -197421075.22831905 -428.8121758892612 3719.557872430636 -4178.3174550626345 47970904.09526735 759.076365299447 55609360403.58264 0.08246401648009988 0.989817110130402 3.9438211586614402 0.7739071430153661 2.5724460015376933
0.0 122.23464410075667 46930092.25866699 56623241.97356415 50370846.45572662 1157.1363991379308 2565.2054740922576 -402.9084045288432 119775771.52559322 869.2346441007567 91462483131.18051 0.1491735201861785 0.9885529055674317 -0.3372947645361104 3.719514073895441 2.5273589978882183
0.0 86.59331311790697 -121351444.62327576 1283008920.2876892 559515641.8553848 -422.2055533136481 2737.545207723122 1163.3921704442207 111258948.39991689 833.593313117907 67252189976.18063 0.1835033037084911 0.999968531649378 1.4773443504631143 -2.8110925609489854 2.3312844568824813
0.0 21.992633599422902 -274678308.13806534 -213672674.59378052 -154805246.29639506 3526.2784548387754 234.6747696422526 -1161.6198641644978 24607440.251418274 768.9926335994229 59452892685.206665 0.2590283497717925 0.9992191771902488 2.143961975982238 -2.0376846203844927 4.717051717739651
0.0 90.67946376732584 184767794.2986908 -101151853.02330017 -243310794.8704071 2071.8387631330097 -2688.4705244359757 -565.1504954297875 98985579.12849987 837.6794637673258 102722350862.13998 0.015449734633084036 0.9999596426026046 1.4318338227620722 0.13008403869068053 -0.9471913606379014
0.0 108.89052044437415 210707024.0746765 66258477.02508545 167830283.77733517 -1819.5771962776307 817.5722958728147 -320.02117548537876 117298865.07293792 855.8905204443741 42945728984.19614 0.2068851016601864 0.9999990049375089 0.6703375077085711 -0.7897290917970307 1.9681518288194404
0.0 45.831992267501846 26673769.78765869 -53905822.05001831 -137361679.92198324 -257.7215395988678 1765.2536739152274 209.86633547020494 36334088.98712955 792.8319922675018 63757552391.25412 0.015610832944513042 0.9999757878444624 0.15253976625532456 1.4818145895805241 3.541961477859439
0.0 56.061287393891234 235842528.43925476 48812838.24819946 19432344.345454216 459.66838658627967 7927.281550761529 505.2631873885742 43769964.276370145 803.0612873938912 43829290948.5589 0.2506133285408994 0.9998043623005017 0.23684170076058053 1.3706452501567126 -2.385929005195829
0.0 50.01454884427585 708610456.3252335 -2799798282.441345 848691098.4274387 1205.3064757171014 1564.1553412641479 17.031170577787407 39002060.416160405 797.0145488442759 57776869117.707886 0.14657667279377018 0.9997948150965339 0.2696471542944783 0.3620752776650411 0.4058528978645013
0.0 33.09161380128921 -3420225761.2382812 92184166982.45294 2581851480.506522 574.6699334940495 -13057.307034304882 664.065875240002 63957701.964529574 780.0916138012892 44212317510.98097 0.05632835008309671 0.9993866205627479 -2.3059780351286343 3.576624557582897 5.989286238220679
0.0 95.35922916015977 357720603.7440071 447679995.62750244 -147769257.84455407 -788.3803763749165 929.2577090582342 163.47813693585002 98410942.94884753 842.3592291601598 70558296034.81586 0.040880990767813145 0.9999588092165216 -2.3862176255219603 -2.9274471543108307 0.0804429865772256
0.0 39.13975371156005 -415399173.5097351 188079978.7590027 5550208.952639103 9906.922190423264 -4693.069331914285 -1021.1184399257088 38354105.99903102 786.13975371156 18317057475.872986 0.23976151109859767 0.9991932561927447 2.2869191946052254 -4.127237744214943 3.6696375959912535
0.0 50.41692144612671 -93670321.29400635 39454344.04321289 111615993.06690598 -953.0878810056565 89.53929981650072 509.3138801647897 83774074.18763168 797.4169214461267 52043307383.16739 0.07730392221404335 0.9999687984083948 0.2810564881792981 -0.09804502607203935 -0.41931199513880557
0.0 133.06799248539312 -522955632.298645 -354334141.43460846 -358572780.9339981 1187.9122125345439 -3305.895816677803 1373.553605438828 108441749.20179485 880.0679924853931 106954251486.15591 0.08249385491507684 0.9929532445576069 1.6268460875031863 1.5607112750154661 -1.3201464327173995
0.0 75.13517106025256 204414810.9303589 -399966728.4990845 314283121.28063583 879.0459675099919 2323.646023728472 3847.498179265595 65788773.77087001 822.1351710602526 31779125858.890656 0.05004622886813348 0.983414304028099 -0.9438549348348746 -0.19702888149371545 -2.8321932975092947
0.0 34.32037471454589 46389873460.651825 12110406025.8376 -3946015462.4195924 2032.905280330444 10220.84766469237 -738.199852794564 26910650.18834007 781.3203747145459 40687210702.459076 0.25872808307974327 0.9993294949741153 -2.125938468817759 -3.9781239611148056 5.409347026016048
0.0 58.72124562996987 175600167.82388306 -85475581.72966003 -431966225.14020157 2477.551520291945 2225.147167795465 767.1484562138171 59609592.24352171 805.7212456299699 43871530437.03601 0.24392651341425747 0.9980333349090598 0.33232897679386003 -0.04510018809361138 -3.333599542738458
0.0 98.62411839008837 -2165382947.504753 31805443311.737457 3122083037.9391336 2074.397582130532 -928.0823773736302 362.79184690641534 93685049.91020395 845.6241183900884 89712821884.81015 0.017711513708455 0.9995285818592379 -1.3483923312231032 -4.583943037632501 5.77686348907827
0.0 96.53320710030266 7834983951.415375 -1572658449.7674713 -34799187683.14036 5.644890669571396 139.0413882160501 -12.886858929097798 73099607.57655948 843.5332071003027 75046091243.92416 0.06280312596018525 0.9548121409449267 2.146218462811623 -3.8929576472815053 0.7419785934202912
0.0 53.81176791887424 -20623739368.904892 64191909946.7861 7147462790.754317 1743.8781866711106 5686.206544292025 288.8896386186353 69493080.82025176 800.8117679188742 66977566447.55969 0.035338502217671354 0.9994807539328703 1.5616464910266368 2.1258351836612546 -1.0557502475689977
0.0 78.00492269121605 106925187.66705322 172454610.1828003 1229290646.0653038 714.2714327778885 -1176.162611541533 1459.9642926677247 99643809.10493487 825.004922691216 58484511715.06964 0.03844312291449664 0.9985732647083356 0.7017076752768212 -0.9372610264850506 1.2001450999354923
0.0 0.6433170370090693 -112501625203.2541 -1264522110.0112 -1826584456.3068774 -5821.246651298536 -11082.623530686607 -621.8266146347316 50186856.435249634 747.6433170370091 28033386272.55008 0.04572109004830499 0.9994698903077464 -0.8936032868712115 1.092565636378403 -1.7280601680398073
0.0 67.06917456516533 -160544436.37405777 -165399182.00106812 171463684.6677673 4966.1669535483525 46.283494333104045 -2219.5448300152602 67972793.70678726 814.0691745651653 67126796858.657196 0.2680276228258229 0.9974334498245018 2.3888672497505397 2.8053447936123144 -5.505819405601422
0.0 79.89051428223831 -349917505.7022095 -4527120020.218063 -8475675504.694822 2202.649171707766 2363.536144041853 1108.118184179852 61313287.28839184 826.8905142822383 61923188850.19852 0.165200553329306 0.9842559552120957 -1.6512900864024926 -0.47059719896244123 -5.974721314578767
0.0 51.08830165007771 70098165.6794281 -25188207.03152466 29400577.832956314 -1640.8640654720293 -723.3204520341778 422.7453980466919 88517329.05021045 798.0883016500777 62937432803.463684 0.03678522705433257 0.9998244922338156 4.975349153466416 -2.7358225473066566 -2.0241447883602635
0.0 56.4513718064394 -844742593.6180725 -429107830.71411896 853803050.604538 -2822.3716706496443 350.19857363471965 -146.28090832362656 108794771.1348733 803.4513718064394 37800574971.82605 0.06053342103991194 0.9994995923894681 -1.4440893059874993 2.956142773981137 -2.301744107391527
0.0 112.11560643708663 -157587938.2428589 -85988373.30255127 390783462.0483742 3966.1347818635695 -788.1311383545126 -866.7382518234542 112226772.60452794 859.1156064370866 122466443969.67734 0.0528013465668927 0.9937010068832741 1.803197695236925 -0.01973453196969044 0.19909544251177047
0.0 7.577539645649267 223278461.97421265 88607976.28211975 76361705.03710651 838.4426554279271 2927.3887159587684 -3329.306771861763 55699502.992772445 754.5775396456493 52014743420.007996 0.2168339548495422 0.995266650253799 5.618289035773579 5.0550907800748766 -1.6987975234356367
0.0 99.11809631551523 946399807.5011673 5996973139.589813 -2153150791.5432634 1942.252012083518 1526.6746803341193 902.0723683131567 75236305.51513444 846.1180963155152 49532887731.070984 0.057005230924128285 0.9975013324412313 5.238793771755185 3.75018706044803 0.9449114569304395
0.0 106.31558348305009 -131668793.32600403 508596607.1338196 -113935071.1803534 8678.951878380853 6046.859594856822 878.8027718793284 98598695.21194975 853.3155834830501 44195663541.3721 0.3247854432637781 0.9996118946796624 2.234564190921108 -1.8915802823635193 0.2359441042329733
0.0 43.72677755851066 18367134.457595825 47229265.323410034 29772677.875340223 2242.788974774943 1369.8556929043407 -138.7817384260235 45755846.17068455 790.7267775585107 61465068079.501495 0.16145509730186242 0.9994798168580801 3.1888623066624144 -0.7536794026502895 5.060664355722537
0.0 2.859276689420085 -193659042.08325195 388205960.39868164 207240136.8183365 12292.34384944279 5260.600987151123 1903.3840101552576 29766481.25682657 749.8592766894201 22934508690.41983 0.39133839143668375 0.9999817134704448 2.3782287112466918 1.081091580033947 -5.298330197836007
0.0 44.26942928716892 444426835.1043091 -414931092.5098419 -868046692.5623589 -2605.936717704115 2031.1480610138606 786.5122957046747 96447913.4126585 791.2694292871689 75649406449.47803 0.2388452767744684 0.999687978290949 0.9995813678587258 -0.42114746913148804 -4.42794446955252
0.0 8.613420235291755 -112682638.53366089 -29621925.207626343 55753574.530739784 -23.174893378432557 2607.298478444216 606.8594958902993 23359517.043718107 755.6134202352918 37938825505.34787 0.06771376842295135 0.9997230352520688 3.5863848465640755 -2.435501412305495 2.4531659794987943
0.0 52.57663700886212 6486940641.086212 -2405887757.2987976 -22021477144.239788 -2485.207552514108 1280.6210727152247 -3932.9743423877744 40928579.01219438 799.5766370088621 71679364003.41052 0.0007909002055047076 0.9655805289958762 5.192514372700444 -1.3081677926118742 1.3700789143051302
0.0 26.243813182047347 6462631762.868591 5386008318.719864 -979022395.9861631 1540.193029224912 1601.7645823353014 539.3999021974414 25254514.799782872 773.2438131820473 54224458289.72565 0.13162298640340192 0.9997504378031541 -0.2873939987670914 -4.358876058398613 2.223237073940915
0.0 45.64945613070154 -63336831.721710205 51499073.55560303 -31272127.8800807 1973.0683452486408 2411.437518337574 -424.57237073300337 43763110.511458874 792.6494561307015 61920131431.137726 0.11912874411875127 0.9996628002592586 1.4467779025515672 2.2291778797617092 2.8781687626263435
