Label M_f Ep_x Ep_y Ep_z Ev_x Ev_y Ev_z t_t m_0 |Delta_a| |Delta_e| cos(Delta_i) Delta_Omega Delta_omega Delta_theta
0.0 92.16121200009479 4175288253.725662 13649965287.795898 789235921.0326077 7327.466327892249 2862.891412955374 859.9436903654934 70451783.6720146 839.1612120000948 27816996731.007233 0.3243777921625281 0.9994263961757766 4.036110057159292 -3.0583748336678136 0.39223289464946376
0.0 26.892959400052177 13205757.249786377 20610519.414642334 -12310428.447937489 6576.972700734477 1063.968510090359 -946.5524824986085 46559505.20122834 773.8929594000522 25430217528.520508 0.25312180592730127 0.9999895741315851 -1.8494948899662766 -4.550264930814292 2.26310506366804
0.0 99.12582308745448 -20117997.898101807 -4024752.640838623 -49347590.36865568 668.7193657163771 -4867.3301755594475 3643.5004661996 128262265.1951422 846.1258230874545 147335051465.4364 0.07086712059502102 0.992593533446019 -0.15141599378617476 3.8609442791374047 -3.611648656869572
0.0 132.8153369050583 -45990965.98703003 -48286234.22717285 -36893083.376624584 -10822.488954285696 7365.167203463965 581.6747020466225 109717028.9880965 879.8153369050583 13964135888.058655 0.22724393902297102 0.9999811002668443 -1.4927185030541124 4.466069180779084 3.0119462790916045
0.0 72.10877902885909 77854641.32748413 48205559.04975891 61231219.165631294 4339.8966197312775 1569.600554220422 9187.000961197267 65757451.002804615 819.1087790288591 71072017486.70029 0.165397960500932 0.9538828637498314 -2.638655963153714 0.3277043469415325 -0.37905800585749283
0.0 55.00090657196449 1331184.3649597168 10285790.574272156 -8406475.715621471 9215.753758618994 5627.380027392432 2649.1459438427228 57154161.23814768 802.0009065719645 70746116674.01709 0.24645017294100457 0.9999975936542731 3.6041650055669474 -2.1666079807361274 -4.992951206563043
0.0 25.775359067593627 5290841.02041626 -16067900.16241455 -10203195.747568846 7215.261328399805 5936.177058573383 770.606063758393 25711127.788288366 772.7753590675936 16925327248.348816 0.3171988812122477 0.9990687695007175 2.9154260379861086 -2.4247609047469605 3.093439970640184
0.0 82.62229513611942 16106503.480010986 -13788974.842803955 6194412.269254804 2666.34382989406 4355.776283798057 705.4225168517623 69375196.42251004 829.6222951361194 54289559239.649506 0.05242667575462197 0.999709609184407 -1.1270084265435396 -1.2254514977801745 -0.9260658703740688
0.0 27.109528053062036 8191693069.07431 6312394692.266052 -893743118.4298698 802.7652505999667 751.2587305378984 710.5911736449949 21512203.763422012 774.109528053062 47541420779.68082 0.06933759435812424 0.9995918991623154 -0.8752445124033852 -4.51109067965947 2.2691625174316012
0.0 52.159715676688506 21945400195.569138 -2883810801.818817 -4007052502.0896883 -640.6038419987053 110.68393889510116 89.74401879214486 40523712.47454288 799.1597156766885 73297358501.91678 0.09066651628369826 0.9994802979369246 3.987732280532248 -2.210807223730823 5.567579690552943
0.0 128.48755293003364 19019718.112609863 16166890.841384888 -12818150.684349537 -1690.944249330294 2577.1079651457076 397.17218614071624 96115123.32352532 875.4875529300336 58648356801.775635 0.1378282533115038 0.9999393966363924 1.697507587916353 -2.834047265587831 5.0599234385823255
0.0 95.1288871039543 -76405531.53684235 53788922.53582764 214358136.34906435 1007.9660589011728 5081.648217470982 3409.8015944914323 92135955.59768692 842.1288871039543 77039884993.47952 0.03583663495234253 0.9999299142335332 -3.639334956749721 0.14123193201704898 -0.2786873796574909
0.0 81.46284440936893 5450315.596832275 -8782065.298858643 75416665.35819244 -8002.986555895886 -3423.7102401879747 -1140.1800953580578 101299069.09558095 828.4628444093689 10546267345.31305 0.32604104137271267 0.999998807954284 3.2676844948887203 3.300808392292283 -2.8760472180380017
0.0 73.01787703696073 4377794.196853638 18079823.848602295 475655.36429691315 3442.5188604418217 1086.9099644116686 6535.856808426998 122524875.2113564 820.0178770369607 77400648657.88995 0.0023896822249062366 0.970416683811834 -0.6027293957319023 -1.7700136616235786 -1.4716339818610151
0.0 12.269752628678361 -27839925.167938232 -5714156.994659424 18023855.797031403 4930.341666387818 4182.362601254892 448.358576213082 23392681.869404864 759.2697526286784 8621847168.167542 0.2321261594274893 0.9994922218931029 -0.30495705052315714 -5.759949435022885 3.0132240504358716
0.0 68.24159622370541 21180884.51901245 9036237.357818604 2784311.4765605927 -872.4961948532109 30.47431136450996 -48.600654481109814 80193852.10586321 815.2415962237054 55804337677.78165 0.05681437779012627 0.9995317700812676 1.3095277205698885 -1.1880801917338646 -1.3908962285836681
0.0 67.98582910471953 20808238.000305176 -6524646.989055634 26878916.338361263 -1782.4951088540527 -243.7271072201147 2524.839601611994 75582583.13758868 814.9858291047195 35669919231.151245 0.004042405592332418 0.9998379972503599 2.3568476286128366 -1.5915664189388004 -2.121087720342303
0.0 30.43848399119304 21437371377.149475 8608024551.689735 -2226545532.5771136 2975.411978303186 -140.6921155014461 660.3744762633941 24033824.36646233 777.438483991193 61692516208.82446 0.13816098952132327 0.9995360137539251 -0.43584184223113176 -4.2680246787307885 2.068741858471356
0.0 32.48570799020672 -15756227.688186646 1612641.6029052734 5353511.355020523 4467.433871883179 3151.7323542190534 8121.171140125014 39213165.89774357 779.4857079902067 40842841534.095184 0.24247343868804894 0.9938904917797504 -2.2488754604765164 1.7254372750274891 1.3470473418647424
0.0 59.485242953520014 41188103.38858032 32977017.812652588 44140513.821327925 1715.200003791404 4512.715553926806 771.7673152242796 57233536.91220007 806.48524295352 56843474884.41873 0.011605600583503892 0.9997521828752644 -1.3210505542708115 -1.1862094033890913 -1.8491820344787202
0.0 70.52647439445991 3178222750.4201355 747572604.4258347 102323846.46408242 232.50832127724334 1327.3152147282563 1684.8107498210807 98538269.72224441 817.5264743944599 65023008419.9147 0.03864195936565888 0.9982500704389412 3.1470247347517732 0.695291209570932 -1.234253323014595
0.0 51.30837662483111 -2583921.9623565674 -77074457.24386597 -7358350.5650177 2080.530646992982 2091.6767409141394 -360.8991319504231 46105808.52753535 798.3083766248311 67416068631.60602 0.07374460876365437 0.9992593109993652 0.384752489620065 -3.3054315371668177 4.455839111511123
0.0 51.278621332620446 33436170.653411865 14675422.547607422 -24552771.287095785 864.890032898451 424.4214985760118 1595.2478755693917 100157821.60631065 798.2786213326204 34730278938.52777 0.035450306633152864 0.9980320350419352 -0.8384188601271895 -5.423596965223743 2.248375994084669
0.0 55.77933292579519 2591742.801427841 3782208.5992736816 18622866.49297142 -1049.22729212603 8265.185537423838 -498.5380679511612 107160882.79652096 802.7793329257952 43008624530.06059 0.27366986367927737 0.9999043720917481 -0.007214027069070816 0.4284568994827933 -5.707005218887842
0.0 88.36982656726832 -34897356.619506836 11304377.68188858 -23337123.42775631 3857.066225769524 239.9604456519446 -230.2003079390537 91438711.3107696 835.3698265672683 54138454076.359695 0.1575106199752785 0.9993575744210594 4.013898614085551 -3.765704321978739 5.548469050648373
0.0 9.509969835597644 6393598.28225708 10170502.824111938 -4935270.312441826 -7794.62362853959 6399.45395720938 -1027.4373319867088 53327949.76868161 756.5099698355976 19560699748.0708 0.13588659738626624 0.9993845087306867 0.38746313356105055 1.781728505844058 -2.2753892485587732
0.0 30.076722655615754 88639789.0411377 2037153.7507476807 43479458.96070528 -7535.171216467007 3308.6920351691842 960.7493920456153 86100045.89329094 777.0767226556158 36241162205.72763 0.1763120591385655 0.9999763838539538 -1.2541496001248857 -1.607002762805741 -2.883809781185753
0.0 21.568814511357914 4199901.531311035 -16726593.11643982 6287072.010183334 2932.179872493065 3241.3648607921423 474.92896481951266 20027161.45593909 768.5688145113579 70076948130.72025 0.26059010109051967 0.999530607530124 0.3993949856663468 1.36199710786606 1.666727326453467
0.0 114.73793459216506 -60126896774.59837 8661512506.470512 4516200104.4663925 5930.572904893304 5816.866238825398 -576.8912006974667 105293204.27661552 861.7379345921651 79525067344.33768 0.07644393425678365 0.999490964259366 1.2580551041789583 -2.625512594523596 -4.491332356418241
0.0 53.326778786375826 -23055457.96245575 18401322.534362793 57934985.758460045 4072.613451227113 5013.062945408561 -661.5157953950275 64644552.894515954 800.3267787863758 52529912376.09204 0.25599847439167517 0.9935617532995245 1.5199418591680023 3.214461580964628 0.24806127654655663
0.0 19.00666186284161 -23829138.83986664 -8126066.238037109 3998126.1018619537 3913.105663004557 731.5535734724235 -9150.40284153259 59658832.26845228 766.0066618628416 66867079486.57486 0.13342415092503296 0.9910938742753589 3.609047086204205 5.788898149899806 -5.640524950421355
0.0 86.08120339766094 31016650.58680725 -18239903.377044678 19899131.12833786 -1516.4165132257913 1821.8659250834826 -2806.548232179723 83683317.92657931 833.0812033976609 57671153161.003784 0.05388685979204923 0.9920379114488616 0.18343604253092294 -2.8335523313485274 -3.285553445507956
0.0 63.49647528052378 -77287530764.39609 18182450173.5559 5306767282.034145 8107.330792230762 7269.653088504594 -411.32851112550355 81081909.16175607 810.4964752805238 83032434222.64935 0.004226268779237929 0.9995385718339792 -1.400484509088742 -1.1868927776643299 5.51029333674531
0.0 70.80600163829206 -2932079.742706299 -24255876.058410645 17928666.04091978 -729.6469434375722 -915.6758533779503 1345.41728915961 92296301.78975879 817.8060016382921 35787401789.313995 0.015671999273831394 0.9984208483317928 -1.7104177899474347 -5.534058447815151 2.0670861376074026
0.0 115.00997353886862 81909764.82268524 44075199.466430664 5194718.463424683 99.9677556200877 6636.473840956962 -7683.221552961989 112159970.40007792 862.0099735388686 94635588300.65369 0.16414111358765943 0.9673869601260812 2.7099698785706208 -4.826179857775886 1.7807307069912537
0.0 90.06725132193912 84692793.84597778 22840200.948257446 -28699769.710474968 3667.5001205082626 2452.4919366076065 376.3923256899534 103490768.27422057 837.0672513219391 52391807002.660614 0.10916103177849719 0.9998888086258527 0.12030476205249963 -4.993991281989256 1.5617324186021435
0.0 10.26909585295084 -17304886.315750122 -2478581.701965332 -10784360.508563995 -1357.9189172837287 10540.393366370967 4007.6020005474456 33811347.578528136 757.2690958529508 99327130924.2255 0.21637475634187273 0.9995841059999697 -3.525695778942671 1.0143196065745208 1.8915603815410522
0.0 78.6635495534822 17414879.908325195 -73478.2071685791 8698364.417915821 7731.059298187622 -2357.3029833375076 314.0099862617321 93426638.7031995 825.6635495534822 31094890226.55307 0.29559020794485674 0.9999258086592215 1.5454102410428896 -1.1528146832195314 0.10729808836631705
0.0 119.20465102529704 3715769846.408127 8910331855.531647 930163917.4657854 24.19315134115095 477.709730583234 799.4261996829474 112074746.92602724 866.204651025297 89510221042.52397 0.0070459761904268225 0.9994809278636109 4.002561372812285 -2.4121989142761784 0.44431439468058587
0.0 65.38207646137062 -16407028.299987793 33483142.228286743 -3197849.0467357635 1093.5213079711575 5743.585262719378 1842.0657830395728 76551251.03366418 812.3820764613706 69272171013.21158 0.17032238650733847 0.9923761602383145 -0.9009012596376555 -2.2319016916788814 -3.957124586096866
0.0 59.38178025314096 13393302309.306686 -854340036.8352966 -3342973974.9529905 190.8152742305865 2470.6768466061476 -322.15749104441505 46019520.77755929 806.381780253141 62402083620.494415 0.14613207275462978 0.9994740877516566 0.7042313097680706 -4.203963613210293 5.522421324244744
0.0 60.40904922856669 -33376351.5032959 -5143607.755268097 43850616.49756312 11055.52534638295 -2056.872419526324 -551.8912070638862 55903836.53935692 807.4090492285667 25572453468.63736 0.3421089270058451 0.9996428649572011 0.6787615652297443 -3.522221605569051 -5.10410291474804
0.0 36.05201264773302 9612195.841827393 -17141019.190734863 -29924233.022233963 3407.8047636059055 2955.2605250955976 5084.099689977263 123539281.14589873 783.052012647733 62129716994.52814 0.025645418153285027 0.993370133681114 -3.0844991826827046 1.515929079739743 -1.5835331149432892
0.0 47.144333139220294 -9679316.99911499 17063345.311325073 22374666.131394625 291.3482687660935 2163.4676086091276 740.32053475992 37795528.26002793 794.1443331392203 64326730091.77301 0.0050601709144152685 0.9995752348578094 -2.195459688895341 -2.325850144236655 3.807827898708098
0.0 91.60616706043709 -10145200.822219849 31537872.1582489 31048791.655771732 -3835.0390217549175 -589.5649394138745 185.3543733684901 110046844.97116716 838.6061670604371 104067279500.11218 0.22566824010431621 0.9999559238015924 3.6096054158220103 -3.6733178568319724 -1.7625279575850392
0.0 51.68344558849765 -22073733.82445526 -9946009.589324951 37306561.43979788 4125.196644673568 4453.171294583975 -4687.445096506006 64325673.79626383 798.6834455884976 58132483498.467285 0.20115031003533668 0.9984108723788776 2.6393503127751656 1.8066365125970145 -5.861927133541776
0.0 111.44038989022465 -21279268.55115509 -60270043.52911377 -1566349.878440857 3081.132203562269 1296.68962651749 -1778.0910247785926 126219944.63167839 858.4403898902247 81677649799.97092 0.020979343127836808 0.9992301805664953 3.6454035415528665 1.0599651784840383 -2.7530173441295185
0.0 94.80281419950222 20360024.42406082 -18122262.267715454 -31731214.705901146 -4640.948180718249 -8082.133117726293 -2275.1647982043214 73563628.00062314 841.8028141995022 11619867657.022919 0.266882339578102 0.9995297607395769 1.4639089960709708 3.319152198073286 4.894161289564363
0.0 52.670324894067335 39938746.30036163 31303558.961975098 -22571313.921663284 2152.372114134174 7000.314837044711 8014.817605639204 75342394.9077243 799.6703248940673 66394670618.2211 0.21435772593941013 0.9797035058045921 4.274399958575728 0.4451216691279818 -0.36745157404215045
0.0 21.820247577468194 10258135.223739624 -6464977.90272522 -56037.25110435486 6645.485606386541 1279.6872124419933 111.55652393250688 24726457.700378716 768.8202475774682 63898386213.41516 0.3368798677594367 0.9994101611842722 5.573150438201622 3.15678063019973 2.5601512714259003
0.0 48.76215886592138 21425158.112472534 14145691.589172363 -17935311.563485146 -2155.4836540813376 -3292.1842089321763 -3122.4163433013346 117991690.82468873 795.7621588659214 25929124624.220184 0.11318551509460488 0.9955037469179164 0.41334951649032364 2.6988636337373717 -2.9380316364195114
0.0 29.352546069162827 53023811284.4751 48883044593.84091 -4712045905.015263 -8337.170146677212 5271.339292205157 208.3487121971004 28970094.867332317 776.3525460691628 49660006395.427795 0.20896954968414727 0.9994161274803319 -1.7498990499936897 -4.592324540800183 5.5649602289701345
0.0 22.940505273734175 24093216.009246826 24988556.84791565 7582974.3549666405 2112.0697521597067 6246.541978139128 675.9377633385315 23432695.307460614 769.9405052737342 106488187628.04007 0.30186630565021355 0.9990423998898933 -2.0639225076772205 -0.6335898756859777 0.4528573702251293
0.0 79.83714292893114 6664248.401580811 3756826.756149292 22864021.183244705 -1531.4831703542477 1069.2214193854797 179.2633664000776 71689992.76358582 826.8371429289311 38253401763.38397 0.12956624423135177 0.9947119560337303 1.0655134238651298 -1.3617630638730482 -2.0585939376003486
0.0 23.43951126871127 16513517.558685303 7195624.233154297 1238885.2252984047 2229.1876585133105 6371.2733268744905 1603.2942997238324 32913683.841116287 770.4395112687113 28325384272.936523 0.17581120446028328 0.9999878402108225 2.2042884930619486 -0.9927002492287098 -3.2378540772735325
0.0 98.86967713716922 -2302967141.0594177 518235842.79904175 420118120.0280123 -1978.4204760395687 207.2507851202172 -361.6998449393309 92975671.22146979 845.8696771371692 102719798661.70279 0.0498755392797511 0.9997207297804911 3.7613367551290473 2.3488470579139538 -0.2694033205366806
0.0 43.796589458049425 30807938.867401123 -15268636.133148193 11618093.239815235 2979.0507275927303 3429.5636269935258 -612.9362067046675 67412299.90603043 790.7965894580494 67431159874.162476 0.14309205520920043 0.9986301198902112 2.6206173374494335 1.8379942834014202 -5.587155345775267
0.0 42.088648361573746 -233683.27603149414 12560907.113494873 4438214.540964842 2562.466686494041 2603.0440707069283 -501.1001927492165 43423908.76131938 789.0886483615737 58436047095.94125 0.1471488536576554 0.9995851007526597 0.6995147857371203 -4.658909477976444 5.75004624684621
0.0 86.49005805454851 31449879.249526978 -65714435.89413452 -46268183.683348656 1337.4750843609418 2705.8983241783935 -4447.470228794088 112172714.48652485 833.4900580545485 90332682271.64658 0.06917403719164109 0.9998004409301119 2.009089058670595 -5.401932901734861 2.6140912186436243
0.0 56.5804959551142 5551958.032623291 1389683.656539917 -17386041.91821456 -9580.185394029137 -1052.8849365788628 -832.0845366133102 94899362.3192442 803.5804959551142 4182150556.8802185 0.3366843098366707 0.9995402409486887 1.902349576982651 -2.274082218901279 -3.3746718270667024
0.0 126.84688246353971 20546653.81042862 83036614.97111511 31645014.079802513 3140.4612967252106 4340.233113585802 3607.036983719831 95221517.91426098 873.8468824635397 104739774200.81882 0.10590949149329237 0.9945227402332765 0.3127705307122244 2.0582663709842706 1.1086022459181282
0.0 99.08274174534915 -16197804.340171814 -27121066.3256073 25211469.738365173 -5392.812886401516 -1944.9948251483265 5888.310799367857 128566274.57088761 846.0827417453492 40153427042.04082 0.1949114142083354 0.9872905447865346 -0.7028626749217817 -3.5640104518186657 0.6024860979589439
0.0 91.36459525601902 13843940.027832031 -27004035.804367065 -50336579.69555235 1784.2023228016333 2075.0537366665267 -5050.8488580062185 115315663.77783342 838.364595256019 87481194820.5315 0.07243520661988952 0.999183967479578 2.6688116483187834 5.1702248132065405 -1.7291176707946767
0.0 92.08157758988364 120815113.22937012 64025119.43293762 117780530.81060219 3363.1626101511556 2560.655101674205 -4715.654735285908 70349652.89982252 839.0815775898836 84053756932.86908 0.017019079396099188 0.9940120785416087 -1.6764610901413264 -1.0023696995648608 0.987365756754903
1.0 47.14751905913408 -2041153.9559936523 -13357304.097595215 -7505997.441762209 1312.6090335882855 1444.8962860048669 -19.937070473147458 63096389.38477353 794.1475190591341 55964977723.8064 0.07101842676214935 0.9999198245216172 0.6506953650072306 -1.5985157310942917 -2.3963755387426557
0.0 97.17452996867235 -16175799.561178207 -24218035.22554016 23997984.47916317 2790.360076384968 2286.5287492612447 -1672.6684959442373 77421590.77746944 844.1745299686723 91654305979.45999 0.12718808608119414 0.999973030009314 1.836937855521279 -1.6492009050243934 0.6446979915319946
0.0 54.39915378150022 16439418.301773071 -14829366.264434814 -16077797.614351988 -514.0312705437427 6097.126596031423 1262.1453571140164 53549384.124540575 801.3991537815002 44709493662.55441 0.0376543759853562 0.9990457431372832 3.4957730901139743 -0.6301544968007449 -2.442708508468177
0.0 42.48150133148738 -28323430.722198486 5541685.131271362 -17955303.83678317 -10904.522631817985 12146.678214170504 -1630.4382087295128 79478079.0235259 789.4815013314874 8736038813.893585 0.42355091855848553 0.999588142333547 0.10868880911122103 -2.50491672489102 3.033794155876306
0.0 26.40010534557655 8232439.335968018 457131.5754699707 -21291890.81326294 3424.0062799891716 1589.761219385513 11696.108363871048 53343267.00301131 773.4001053455765 46967154605.17526 0.286233444952245 0.9502152619034643 -0.8691288228925877 0.36941839002403015 -3.57975038153143
0.0 61.33280793855238 -8443674.115356445 -12696768.761901855 8605489.688012123 5184.511166229731 5492.935519245721 -613.1603488760313 63843854.948511966 808.3328079385524 50535712135.34772 0.24244512019254194 0.9987411753729072 0.8761693785876206 -3.448715887766483 -5.053781827895413
0.0 110.10636724820404 -4812714.458595276 -14367141.340148926 -69597617.70048594 10406.576331712324 9428.786639005342 946.6126062388644 89845376.50817227 857.106367248204 29049569662.545135 0.40318425419239823 0.9990182110229064 3.6047694050183754 0.2727227104173866 -5.912047719112022
0.0 24.92921973589398 129929503465.49667 73473908927.71404 -5189168037.550945 -16625.237401137496 16553.572871566354 209.5870295324746 19766610.323236935 771.929219735894 60428862330.62546 0.13764373436162688 0.9994933929111854 1.6825075588545417 -1.335104484347091 3.888804813363123
0.0 58.13068245373984 23965301.515472412 -16294733.403160095 -50966816.67470503 -1463.3868760725654 1632.7740584204257 8.632052803545093 68941377.34163314 805.1306824537398 48064641632.71536 0.08090725808257342 0.9999781419329872 1.2133715612098575 -0.7521258990813213 -2.3560411947447824
0.0 64.33727542426709 -19540304.17932129 2948011.6105041504 -15986726.514636517 2133.377799771759 1919.9441850379735 2258.0766514328016 58813529.751448676 811.3372754242671 69481267055.31119 0.08793541753480016 0.9987938154878364 -1.9881532602971754 0.1555720201748363 -1.014510149710073
0.0 82.19886283660685 -22326110.64161682 14572498.165434837 53312054.879316315 15737.620891738652 1495.22588149082 -315.11959273087444 105054563.27520715 829.1988628366068 42848637847.36522 0.22356272492786247 0.9985465333457877 -1.2994218110999745 -2.462006507240754 -0.14181868692018984
0.0 86.99797165280188 9186126.963684082 -27111245.90536499 -32205378.32270527 7160.806212498552 5254.343076288336 -3470.488638466796 114687322.4696812 833.9979716528019 111077508598.94705 0.2481248613702606 0.9781632418838246 -2.420087516068048 -1.2212971218102016 -1.8876898820274914
0.0 33.27383959844781 -5192465.568283081 2317005.6541671753 21107079.591197968 7967.171445963635 -3273.8965855258284 2710.8118768633403 33408685.901650168 780.2738395984478 34225813259.899414 0.290306957464184 0.9992216720612199 0.45195103359097 -0.14742959580427983 -0.01829417558359525
0.0 55.90430864922098 19366932753.06021 3456333976.2116413 -14621683033.620142 1623.320338389509 -136.23184962032974 458.3786758321065 43570127.38756314 802.904308649221 75800541846.30756 0.11142287358590612 0.9971906760438174 2.5361181640542387 -1.2675387732513888 6.052240657636819
0.0 13.80907121263067 1068532.8195037842 -7134467.101425171 -7367951.083565831 3702.7054359623326 -2124.532373332633 -1403.9690726470149 27004149.810999617 760.8090712126307 38132327980.40073 0.24047969056936222 0.9993983262234966 3.3109267021129876 3.3199956110654028 5.302279260011595
0.0 0.4374641288479779 6488955.044128418 14429999.466888428 -4436119.172704935 7935.808238487639 3570.080489489439 590.6226936268465 35742622.64784563 747.437464128848 35574169135.37079 0.29397721067437776 0.9998738657368612 0.14714984395181338 2.055536320453159 -3.0753550185944283
0.0 94.62521591226596 4558452.7216796875 1556157.8971557617 -13491002.910137177 1705.0122914322928 -3104.318987273742 4741.790308804342 98514568.67186978 841.625215912266 76704628458.236 0.06907653140274145 0.988939142045572 0.5477042125868329 0.23235373768504802 -0.14952074874671792
0.0 89.4271860535107 6790766.717731476 10004598.12487793 24655893.125162125 -1399.277102429569 -2350.041227900518 -2888.4628417117237 93405899.53777346 836.4271860535107 66744814103.213135 0.13799606672576462 0.9968767632794213 -5.259886432199246 0.7279111695600193 -0.6285245053318248
0.0 71.23026975645917 81254617.90788269 -38012229.26651001 57996774.89223325 9584.579079611567 9468.994739966463 537.9312364448261 99619310.44280028 818.2302697564592 18735072312.881195 0.3208169210775176 0.9999644046799652 -0.3912455624164617 -1.1477473474537887 2.6205166211232065
0.0 99.40319545927946 -17239539.819641113 -37957075.19011688 82344162.89561176 6355.316554493509 1431.8150449414716 4869.872712747541 126285494.25293016 846.4031954592795 42117821450.88675 0.16026645121085065 0.994809134798337 -2.8136137305729996 0.022276282914458614 2.927988128856565
0.0 69.80669904244826 36025015.40762329 71471549.64627075 -21444594.41202259 -1134.1403075474627 -683.1018181939562 -373.893070039116 100822253.84371667 816.8066990424483 58349831613.98047 0.041972770318989897 0.9999097724756342 -1.3122618595482576 1.592032503408612 1.0238098046457105
0.0 51.0252654401977 95626538.40911865 54733397.56980896 58420716.58017492 1197.889691008726 -5138.617774443541 1309.790428110845 78834952.26788056 798.0252654401977 10993378898.933868 0.055633634246743335 0.9991502531814714 2.15252803469163 5.700952142635762 3.1081596197549235
0.0 38.35903068135076 -4691886.918891907 -1410188.4146728516 21168486.094890594 3158.3703481180346 3435.49535017169 -6106.00561838828 42941257.16330279 785.3590306813508 41854282986.134705 0.13383326469596993 0.9987036411621073 3.919965657674987 0.7165294656673336 2.6264601620341588
0.0 87.57119028980526 37136959.60391235 -14626561.217895508 -46492575.86958861 2607.585718318882 -2830.3555714205486 -3622.075526500155 90126290.31625582 834.5711902898053 88793763065.73013 0.12042108413031771 0.9929111559573447 3.7147229371101567 2.1277142008952987 -1.8865274418070883
0.0 38.38967077355289 3138396.3605880737 -23923175.814056396 37815458.56549454 -590.8286333004471 -13489.23036714935 641.6951692075088 106191378.31761147 785.3896707735529 1785359128.895111 0.3925177440181025 0.9999011379568786 0.7792817736341541 4.29975490253125 -1.3980853013083019
0.0 40.283954430187805 17358362.182647705 2336309.3750915527 -20724553.64696598 2066.301717535389 6017.314731322391 1314.6778760066566 40611160.69284905 787.2839544301878 47601863038.52695 0.15252254470671406 0.9990899819914751 2.8400207973500984 -1.275561844551149 -2.5120979912534755
0.0 49.650934036743934 12967237.721862793 -4738266.246070862 -16373963.992266655 7215.434661175567 2150.9956248581802 -2403.4285469602714 40560007.328107335 796.6509340367439 36750738579.22409 0.31560192836297574 0.9941016696785748 2.9534418633171753 -4.651082188263883 -4.576383633595647
0.0 65.23541616251282 58707796.57376099 -84260666.15248871 297142812.97346336 595.8628382433806 1933.7397883658377 923.5642842027152 62007004.18929282 812.2354161625128 67538137117.18637 0.10465166889458637 0.9999299081483469 4.040521441332623 -3.542906157712853 -3.3824797720668123
0.0 42.63280575485544 -582318.5044708252 -14739495.743988037 -9603180.5728539 6186.640605788383 2285.4923821308294 -1400.285519918001 42185425.355573036 789.6328057548554 52030791064.77106 0.1145386782251294 0.9993694730354742 -1.1976666379652472 -2.137717120294627 5.569575725606349
0.0 81.50815477808021 73625070.1581955 -335917922.01831055 -171230483.5471115 2255.2884903405065 5307.617500116334 4975.078715520366 125801342.66987644 828.5081547780802 51171149368.43727 0.2143111831347241 0.9871775565967386 0.47724324228942794 0.17307647924187727 -0.3102858771415109
0.0 47.13539904235654 -27385400.672576904 21255079.01649475 -33750554.08944261 3524.0318712471817 4247.756790351541 -454.58443862751363 51148517.3214927 794.1353990423565 54061109555.69818 0.21696315118785411 0.9998210243340828 3.3705614112933944 -5.536789842003261 -3.059455855215833
0.0 158.92435063776225 -47761666.37273407 -125958820.56651306 -84921733.32237744 6734.546998437705 2126.598021622891 -895.3102274622498 126713820.4404439 905.9243506377622 165418390642.47736 0.011271068867898304 0.9996372287816939 1.3347865378915982 -5.952627342766643 2.2121229862576497
0.0 13.386264201268432 -10745623.546539307 -2381963.677658081 -31479875.28829068 5569.425905285541 9596.554104300136 939.4460984502339 47779081.758846484 760.3862642012684 44248862605.56189 0.37682103839702047 0.9995436962217814 -1.3593130684590549 -4.393644633180301 -5.712520630067335
0.0 12.977358802058802 -15990776.600463867 -5012906.976398468 14805323.47048068 10461.359478189781 -1544.5761104648882 -611.9311713332796 52324341.64141494 759.9773588020588 29969888356.688843 0.29299060169557667 0.9998325181020536 1.8270659595213725 1.8615989316905788 -5.98996481279692
0.0 39.05690196445005 25402376720.5784 36841053697.18591 -2791798168.0081754 -3633.3329315425326 -877.9109667776829 652.5252338412604 30800817.14588721 786.05690196445 64161565683.06149 0.17301395271457798 0.9994930080698939 1.1346002294274762 -0.19917957051877933 4.417182504423925
0.0 91.81471591366403 -3362199.65058136 1245980.7207946777 19572086.325576782 850.580770741457 1152.7364389864051 -1495.912425289002 81291247.79971871 838.814715913664 12300998675.729431 0.04184873814593196 0.9915713949803276 0.7779642525776387 0.014470246141205262 -3.1725840278207302
0.0 18.661234806213656 -13129697883.745941 -246225807487.3639 -1084283657.7206476 42158.46716576122 16890.893584850317 -783.7634023578075 24825308.38581877 765.6612348062137 83259007150.58911 0.07684628897450868 0.9994805285867917 2.7807868956539328 1.0558846213171356 2.4104125740587112
0.0 79.04051299821072 113040702.32241821 201406809.14935303 31465530.463977814 1723.7114153471375 1803.19257822279 521.0014310659285 115905797.09392285 826.0405129982107 13970344463.673523 0.08479514265735874 0.9958922227086308 0.18091308973327125 -0.2993922562979046 -3.102991285466927
0.0 89.5688887315664 20607147.04788208 2149645.643798828 2712767.9017133713 606.6462221169022 833.5665508919265 -645.8268974024951 87766635.05310044 836.5688887315664 52869455664.26938 0.12894252152344465 0.9994050232963447 -4.296418187790891 -0.4175625918391269 -2.768325067467962
0.0 71.6457991421878 3262930.558898926 5894027.830078125 88495875.8178606 7834.336519721732 7461.530999933904 3002.0272178991772 114962530.46117216 818.6457991421878 17359657689.71942 0.29228449756046543 0.9997961755848104 1.4025992292375953 0.47006149632854044 2.373855406852828
0.0 102.74203305010826 -18736160.99333954 20420337.587615967 7871445.117643595 2110.6244982460885 3111.0587821009376 -1247.4802028722015 103213674.83233595 849.7420330501083 78726668525.85104 0.07166819935521954 0.9992789495688763 0.6281633403112893 -2.768043324218679 0.21013869441953825
0.0 90.3036201238433 -167258059.65048218 -12797581.371490479 68105719.44048691 5653.47776702431 2316.7352800016997 675.4306358252036 119211057.4653044 837.3036201238433 44028119297.685486 0.15309224195290191 0.9963937661214691 -1.165561878097566 -2.6593268792546874 2.8779518777227926
0.0 62.03689080161655 29242822.85217285 5572936.28565979 6850599.045167923 -2029.1531611179525 3005.989181916455 7085.231326120446 122099750.22038545 809.0368908016166 52665756535.58319 0.06855457366731874 0.9740476733516714 1.488575465168351 -0.1343578507147371 0.009730141723622021
0.0 56.43560401630771 -36414100.497047424 -55061919.956207275 -34352859.200968266 -4289.248915795615 5098.136148671889 1269.4753383920806 83298001.01168165 803.4356040163077 69374171367.55087 0.2849862901766847 0.99932058599546 0.006028851483535047 -0.8212395892476027 -0.08509404949559696
0.0 98.96383752485713 51124928.20946503 -14123139.376434326 -43379195.44441986 2118.5746503810515 -2018.233865104714 -1672.0173200077147 103309887.55803211 845.9638375248571 104266340421.01099 0.07728050912809135 0.9950528801900936 0.1905456387957869 1.5995771272765311 -1.3031816864616068
0.0 40.3823426130906 28297490.25793457 5522788.8539123535 -3315245.5271577835 5180.778360766763 1162.075461483888 -476.8188455279993 108571138.58245407 787.3823426130906 19136968680.759583 0.11385951788642351 0.9995977190856881 -2.452047300192202 -2.6970966673204275 2.5524084160186944
0.0 50.75105772488405 -10245287.160583496 -10369611.639724731 -7417774.500016212 656.5645033565506 -2742.4633064386 -167.91901467026076 84393092.79588647 797.751057724884 73956567775.15985 0.060539692121680255 0.9998566673302224 -1.2275014910999729 2.3361290860416357 -2.182429115541804
0.0 115.09383340481725 1069549228.1488953 8797547732.60144 806727493.4353514 6106.188011057875 5997.878950388749 1047.6654520393224 86428104.94682841 862.0938334048172 44498932354.875854 0.2573511403171657 0.9994834887064029 2.751348895633469 1.2166812630126074 -0.13034637903099489
0.0 88.83402032570075 -39099803.63911438 -95316575.65112305 -42408324.78581524 2870.216275287352 -3838.9146625080775 -2174.671194920008 107802144.10159688 835.8340203257007 111519837823.67828 0.1673782894038106 0.9936091747235254 0.9943691991313814 1.8607637597171656 -1.6073296882705095
0.0 42.28346608403422 -20906644.641902924 2606289.859680176 47383737.04450703 -4349.562929050757 3669.3663127164273 -321.1624917857643 86462813.10133417 789.2834660840342 65860279835.96863 0.28252027241009403 0.9975045819821627 0.11412539294268784 2.279028138937041 -2.71996709669655
0.0 66.5151230946201 -12052204.750846863 15248150.429382324 -5066126.285737991 98.84275157079901 7716.397185856522 2166.385860415802 100641212.67306013 813.5151230946201 56289021941.931366 0.19378662046581788 0.9998601777282003 0.6736654385539145 0.20528527004806424 5.637629349044719
0.0 89.8298270615735 -458471.0030441284 25668949.59072876 -8253203.267066956 -1022.927114468479 3478.655978516084 673.3652138393145 124090297.70165037 836.8298270615735 65938144304.072235 0.05019799161240025 0.9982572085719719 4.3635166683210524 -2.279255946287054 2.7601673764934147
0.0 114.87077964270804 -6910851.406265259 5870452.819784164 182478786.0510621 15328.833022876588 731.6122455318036 -1920.5574980678693 117474381.63040496 861.870779642708 13893462152.83612 0.3910713720896836 0.9988324479168845 4.399167567608963 -1.7357796168605777 -4.213729736945353
0.0 59.17004834324598 3395670.4825286865 12826429.66418457 13933691.25577271 -635.62261576737 3893.909219924092 253.2020388890077 49128861.709644504 806.170048343246 55140544330.859344 0.04592444875807697 0.9999625718265187 0.3543822566577406 1.4718708189689955 -1.9594105601639549
0.0 83.39498114074092 -45488450.042785645 -59484592.031677246 -57234347.28971338 -146.97612992413633 3709.9573318227467 5597.994541344249 103040641.723543 830.3949811407409 93051021136.19305 0.06525953417075142 0.9865623160520846 -1.9774488813645617 -2.2293101949613643 2.083313294451492
0.0 78.58937092066526 38792390.55523682 -82980328.51582336 -125279148.54161072 -445.728375578321 1323.6161886724512 716.7819448259247 87233932.51261573 825.5893709206653 58621473081.911896 0.020399314057076595 0.999479924571525 1.7334510267063052 0.544621957006906 -1.3502070751277533
0.0 22.900303261247927 -2488226.258117676 -3010410.8711776733 14914083.849496841 4290.824167188763 -4174.063979976952 -701.805479455945 29788310.0009598 769.9003032612479 28332360682.4364 0.1807150240551687 0.9999733904904455 -0.4110867677412813 1.8845527068668444 4.905046252062791
0.0 41.80844388343826 -96960092.2538681 -85592686.13684082 -7495515.88897419 -2452.2203896772226 19368.149330868917 2652.014352415422 92638720.69994628 788.8084438834383 3380882426.1990967 0.6051047366999299 0.9999961639616144 3.6394813919552513 -0.40502013680387483 -5.5844200041452785
0.0 46.297493933042915 -54366915.71939087 -2258843.952407837 3237741.509074211 5017.397439116052 6317.460809284115 1365.576240449541 121645394.09281915 793.2974939330429 50451240890.73175 0.17833797764438503 0.9999664559256314 -1.266416392503722 -2.2584822127872934 2.7647946486688744
0.0 72.0130494522233 44217752.46130371 -50253636.67929077 128203901.08682632 -1526.5602186807882 861.0991238393217 -1272.3538617530298 66033696.96194081 819.0130494522233 36897697855.98746 0.05538026348943151 0.9953684942661277 3.3590496402398995 -3.0611053719103394 1.228679516878974
0.0 62.09254162577213 -42119381978.659775 -13774603798.348644 4005623562.291454 6749.987239646976 3979.4468765795536 -565.7863167100616 60041187.8047724 809.0925416257721 61832308063.19119 0.12706465459938415 0.9994614156351127 -1.4794025589544826 -4.739294861073462 5.391902572957137
0.0 43.712140868935194 4457440708.744751 -2984008588.124878 3275922773.496256 1892.2163967674205 243.59911553601341 1594.0314268369784 34190042.85628058 790.7121408689352 58401776063.90881 0.14533464698805532 0.9985280163339174 -0.403674470145614 0.9327235102335667 -0.25973084317758266
0.0 69.12723339410252 33183059.979782104 52018540.604278564 -18774846.98987508 1867.730521408561 12557.10584983062 -117.92492798384126 112164909.60135669 816.1272333941025 33971868503.088593 0.3503971932146054 0.9992742289074581 3.0999610543762377 -1.3565719337127327 0.6116257295779377
0.0 21.65321937634178 15123188.486318588 255724097.43395996 34987469.53734326 3988.561246402209 2167.454505569862 -900.6519480479819 21005351.4417924 768.6532193763418 62112207027.073364 0.24711455952930556 0.9992902769595936 -1.7589176307555885 -3.283450826272334 2.9005960864297995
0.0 84.33237839656533 3224949.1457214355 -24690137.221466064 25795818.89271438 -2882.493293092026 2631.636292706522 908.9604385215403 75574036.95885791 831.3323783965653 61401185697.63153 0.1150541482126397 0.9994301026757824 -0.6055947380868172 -0.36236144739013887 -1.770938115762887
0.0 27.955626489568544 -5559193.471817017 -6908314.137802124 44746320.53066397 -5508.484278933596 14456.800270314052 -86.28434712137312 95902937.7817956 774.9556264895685 5631772315.850586 0.49664173598788103 0.99999434160762 -0.2681808213134502 -0.22387310896181467 -1.6591946342555737
0.0 99.4181082602521 14812131.155532837 -18142581.158996582 -69971862.31739378 3160.0560945673715 -259.62469035816684 -361.8028886110097 96793947.93366185 846.4181082602521 53021000647.699036 0.13953474585972134 0.9999676569858681 0.4079238897017726 0.11928483379278543 0.08689108454891503
0.0 0.19597253925439873 -239122658141.68225 -188522839965.59717 5185912129.107516 35814.4207332192 -24212.270989990495 -481.5155819289768 44419835.660697415 747.1959725392544 88630954548.09262 0.11381313883770953 0.9996261158013574 -2.0644920456283824 -4.046988233272456 3.2642358207643896
0.0 54.32138293975504 8299755.120033264 17591619.841888428 -26751697.530453682 3218.2236546388194 2708.9506319122847 311.17274631735097 69070723.18223079 801.321382939755 66237193481.51117 0.18106526117605448 0.9999497010661952 -0.11538126611834576 -1.5661763149428634 -5.325177275075293
0.0 88.50613574835916 4239213.309616089 4094115.01461792 22385014.021294117 526.2482662469447 -1916.370816347931 1066.2828777499537 90400523.56757085 835.5061357483592 52857515330.85736 0.09907033323585962 0.9990981654426376 0.2623845402339925 -2.044588805537155 2.0598399535194427
0.0 59.850172691949865 5962326.556884766 -2287177.083389282 257069.81967544556 2143.684930327174 -4099.070623758114 -916.073301164988 98227143.97616488 806.8501726919499 78933411851.98706 0.03386548170984849 0.9999091705419584 1.8241353345195621 0.522697953328068 -1.071743091286943
0.0 42.19018154628827 5861841.912078857 -38402785.2978363 -3172715.0833506584 1527.668981585277 2126.391645893007 -489.2847958507198 65028296.15449045 789.1901815462883 62298850699.60788 0.17289935067306642 0.9997734608030286 -0.676594000773683 -0.25905357862453826 -1.5462288856952413
0.0 55.596419496336694 33618970.91355896 27495776.803741455 11911811.665187359 2400.2448106002958 5181.668297931223 8015.288417324034 69900013.80136986 802.5964194963367 55619183513.607025 0.1972705855998539 0.9513228087711834 0.2976311249837196 -1.6637760324352526 -1.3935543592690558
0.0 44.318023241880155 -4990470.148651123 -38644701.80238342 -60463323.70281315 3239.013132848131 794.5639796729556 13222.61723715125 45741924.1906784 791.3180232418802 43348044959.06418 0.2828155468247172 0.9397025977579726 1.5089601520342217 2.43649575681411 -2.532564956341908
0.0 0.15236997710201194 -2363392.793395996 13753638.328811646 21046077.586550236 8001.246749386093 -784.9070504373376 -673.0244240390376 37585394.946978584 747.152369977102 44533542264.6517 0.06991306213050491 0.9999451147081966 -0.8358796769862535 3.2552037411440655 5.6777196824148675
0.0 23.90858059764571 6215506.018188477 10424513.09388733 -34072762.1661365 4628.179137706607 -1356.537111438507 -384.95335388867767 19062446.93947697 770.9085805976457 43503374144.739136 0.2620828088693396 0.9999341063621657 4.758011912480646 1.6109184706039699 3.530533369597472
0.0 33.604431729553994 12404013.659999847 3788415.606567383 12560464.523576736 2271.8698555663614 460.04182575538744 -8886.713398323642 50847911.4590778 780.604431729554 48118118226.7413 0.21239546487105035 0.9785793343543441 -0.8800088398604284 4.388321921592746 -1.147006500250579
0.0 63.22908325786398 10793173679.104584 -1656324901.3338394 -2760501988.4217763 1734.850046405988 1093.8769452125453 299.26729898130907 48951052.30288076 810.229083257864 82495796484.94348 0.04426336801497768 0.9994807665020509 3.9815026005177705 -1.062762124404279 5.437791681590455
0.0 36.045869726880596 -10499674.121154785 21821324.39552307 20317692.014648438 5062.454687944202 2991.618026341548 -1155.6728157403595 38458625.83419764 783.0458697268806 32939689869.6127 0.24373824157464544 0.9998557592346178 0.8344888589787073 -0.5741008773292693 0.9796686443277769
0.0 88.43206252700907 -17471025.746826172 -55296673.79286194 21972995.536367416 -599.5835959191227 -1721.4713216815871 -3266.0532601106966 82134616.24165224 835.4320625270091 34854533744.89383 0.09127631489071689 0.9853795249122187 -1.0977065728284865 -2.5962213888346515 2.765373084166802
0.0 5.624209918493079 8562505246.97995 15536298914.579056 -1008290611.9963484 3873.7323759004676 530.9041022577876 683.6445929947204 19852259.81836655 752.6242099184931 23024354341.20578 0.18994297512028535 0.9996145864448347 -1.0407673384128264 -5.036204495822071 2.7250565213853837
0.0 108.28872486615398 -31840096.168304443 20825254.74157715 -49463186.27943373 -10139.84748763372 -1606.7158809039138 -289.73215380098077 124557279.0655663 855.288724866154 37666631121.92476 0.21193462955263084 0.9981317434618974 0.016037248857737385 2.6712625209438077 0.20229905923465985
0.0 73.10390167771834 17244731.165039062 4080612.7668762207 -15984544.537495852 2023.7240909952852 3191.1469847154895 -370.4689290786355 57964758.09165773 820.1039016777183 83952344802.75409 0.010232784703698136 0.9997721799445943 1.9511548509887386 1.484527635916214 0.3151382838519985
0.0 66.48722101227645 -18013076.521972656 5570227.289520264 33801396.86556339 3968.493699439432 685.6085213102124 214.32291566716083 71407561.00462236 813.4872210122764 1053421231.5088806 0.03029224516473797 0.9999008752620588 -0.6636946662642353 1.7700376953998773 2.332546028101615
0.0 42.655293481525405 32683627911.16272 -3742267190.1658707 -4415148349.695485 -1876.283036306986 -1098.4021938290389 217.81535982089028 33401797.81899938 789.6552934815254 78647152337.64622 0.030716324068556455 0.9994645375897407 3.9682073211015236 -2.7507253034101877 5.019682717509081
0.0 52.06402234472148 -37191150.48976898 25701621.16796875 -3828274.9238467216 -2354.6871246749142 9713.500682160946 -912.162558771342 55833773.69790995 799.0640223447215 44607034280.18405 0.34392256246252184 0.9997752107763206 0.9854770941501338 3.624177148960462 -3.7000694509964323
0.0 76.54033254571289 -1810964929.1691818 38837340627.62903 2006458145.207441 8731.060938450199 2601.5578227018887 813.0697875374697 73768620.60239254 823.5403325457129 28465760248.274628 0.3404390807827363 0.9993544129814604 -2.151809638288941 -1.8621868335284428 5.8511844498258485
0.0 44.37190604450586 -11112543.844467163 56191170.87780762 -80941415.257774 -126.72828792436485 -2068.2838945232243 763.3106695748097 84087542.40575394 791.3719060445059 48446529248.00134 0.03493904139162968 0.999992510852739 3.7142262804202106 -3.1540768187866566 -1.9108162259046941
0.0 72.5685645489109 -61616862.73904419 18994388.064865112 -71897540.19608736 3716.462779016888 1343.647115280346 1284.5920151999064 73140429.18189675 819.5685645489109 47925787973.79312 0.06522572788675761 0.999908545126846 2.994902319904472 2.0687027254093273 -1.223202079522113
0.0 23.022638689884047 -12750553.938354492 2088016.9961090088 -3704810.6778941154 2974.766866180533 53.98138542449851 2685.120413857689 26739523.24312389 770.022638689884 43114153628.71756 0.1693078936376887 0.9961694911850869 -3.2672340912025617 -2.109654918774563 3.938981849773174
0.0 117.03931530088562 49625782.28973389 27232888.3564682 -57199776.21670151 7434.674438858199 1729.5950746036979 2621.3699202463904 115130212.82358934 864.0393153008856 22049697966.7222 0.22728343946233703 0.9840128314577565 1.4619702502580179 0.02534372055486378 -3.2829653202832247
0.0 82.78341398954683 -29747271.647994995 44903884.81109619 -2070817.7617633343 -1953.029887091412 764.8478623596002 405.2443947454219 116733056.10467616 829.7834139895468 49557730849.581604 0.11841945360101659 0.9999620112362746 -4.991940292775741 -0.9442765788503764 0.9486215046731079
0.0 67.89037670947016 -35461014.65817261 29945662.677841187 -20740665.52555275 2650.07775134011 434.8683015501301 1547.6934804666378 118163677.77589907 814.8903767094702 64127263246.975555 0.08629150228669394 0.9996753521017981 -0.9543532239996009 -1.670723325343415 1.8703757480524932
0.0 81.734619426589 5131633478.570038 33695663731.91156 1461621300.8335426 9212.914333764633 2117.7262289529226 787.0712977995393 77974518.16613814 828.734619426589 27841125283.73529 0.3328587069386461 0.9995107286684312 -1.32522727134684 -1.7787615032130968 5.795730431236898
0.0 33.01928077899004 8790005.57156372 15202778.80795288 29223275.183942795 -3484.8198411598714 3345.0264561430477 677.8784410080038 57406145.90084341 780.01928077899 29203036104.568756 0.04551196160810002 0.9992321908606878 -0.11053438909070934 2.6578657877510987 -1.9884598184832527
0.0 51.3716726648488 -56455039.26521301 37060507.05545044 11155504.410975456 2487.554623975102 2424.568903966938 394.285761544536 76964464.86252315 798.3716726648488 21460145787.917664 0.1443836826274339 0.9999449544804739 -0.6826419130353278 1.0667030872211696 -2.7989933967799674
0.0 84.01883614745816 -4605183.913757324 -11972753.902282715 -4848511.608871043 1070.5140249131364 2789.144213833002 1044.6489419420554 88181493.05153126 831.0188361474582 84807021436.52145 0.11136196226024245 0.999379415790222 0.9732554599285153 -2.769055288126588 1.710474782925543
0.0 57.01973738156403 9238224.991882324 30544629.541870117 -73018677.10887814 2135.8747562230255 3194.138345241143 4410.204413345155 66791013.15678868 804.019737381564 60968998262.898285 0.1776604649043273 0.9906806746769805 -2.228628109386822 0.910802432145769 -0.9235255220692187
0.0 45.44394831473096 7645636464.208374 39820124501.40045 2334661589.410047 10678.481046214589 404.458529188194 729.3955081770708 59605841.49259477 792.443948314731 8821536580.262573 0.5120826308827813 0.9991152882132958 -1.4212886192316248 -4.364454924596031 5.10141517264909
0.0 26.000778168375405 142234507403.98172 82552783084.89142 -5699808090.281962 -20443.039974459993 14755.962222130645 340.05661561868885 20623229.8345917 773.0007781683754 77338722266.64374 0.08423872683139284 0.9994770544977548 1.1115161853017481 -2.170094726018561 -0.8931795091274715
0.0 65.83080375208283 -18710983.942504883 13111041.77470398 6949557.417617798 1862.4246884763925 1996.2774861335492 6554.182725753467 62498365.16953526 812.8308037520828 69848004237.27246 0.13012925897417457 0.9787025790333731 -2.5993167451421195 -1.1279038489379531 -5.271216456853763
0.0 46.34977796234159 18923323.141693115 -15787229.383483887 2805195.3425221443 3813.865549501823 2254.118969435229 258.64077412179637 36716126.31230728 793.3497779623416 58470445023.12793 0.09486952558283578 0.9996644614287507 1.0985287147226641 -3.7392867071961735 1.9107765051025565
0.0 76.47587868978212 -33659602.7305603 -61891476.00973129 -12057413.47804451 553.181641428861 -2519.304611111842 -314.3913375229008 103533205.98212591 823.4758786897821 97818913505.42606 0.14598918891791315 0.9999139006486515 -1.2556780813225776 -3.1084164933383374 -0.5270273742782755
0.0 33.2542209974489 -34861313.11567688 -10191167.27947998 13721070.475728035 -4654.222652683518 7338.86427874497 1576.6911891873933 54892726.02797748 780.2542209974489 25288376215.74054 0.12892525091810864 0.9981423080431115 0.07068302771073709 -3.6029616677670324 -2.4405614762752443
0.0 42.944765476329394 2139916815.0737305 1165606935.483635 -465885652.1860814 3660.6140953360627 1886.8379973302472 676.929721404075 32348881.745754413 789.9447654763294 52534095089.240906 0.14877792419291685 0.9995389728942956 0.3447373213441062 0.7871884940861922 3.738329543077909
0.0 49.5862053620981 -100552689.72686005 -113815312.07235718 69238447.00273895 117.67652169948269 -8013.749427356031 -565.4450181262713 49381839.38392231 796.5862053620981 11425800721.30368 0.2777830577298883 0.9998780488395873 -5.474923826106057 -1.4531627899727204 4.828306535434125
0.0 46.52451323238472 -23087321.60571289 59412767.832595825 145504745.79617226 488.8553422467794 -1786.5117330818066 209.12871092005042 120104999.18181215 793.5245132323847 38984743874.21384 0.0909313639977451 0.9996878732196727 2.533397590609148 1.6405270332952893 2.8369184396332905
0.0 38.447613031555534 -5499000.286315918 5503655.592788696 -29099526.309761047 -191.52433391512568 1924.492294807591 -4590.603415009134 51449907.2284847 785.4476130315555 53217448072.83664 0.08556315173499864 0.9866099357665712 4.289494022250871 0.6133811088175816 2.6335753154771337
0.0 77.70996193689223 -61651118.79122925 11496888.895080566 67385748.56975341 -1395.126017259121 3125.897920568936 1020.5321755563286 123970486.88546243 824.7099619368922 46981601919.00305 0.044910236889290564 0.9999730451120915 2.5994827035559704 -1.0916491542538795 2.3885456040435797
0.0 84.4831944510629 150433361.8071289 -97335071.40875244 -21311148.85926342 12572.121641115813 834.0622105815855 -860.7303494444716 114111401.7744145 831.4831944510629 9551037805.174072 0.5169451952894684 0.9985943316940593 -2.6352703637505686 0.1864720021483347 -0.7421727666703952
0.0 24.202070713888816 -17522345.55670166 -666610.8323974609 1470487.19871068 -1373.5541580137433 3945.993057609454 2647.961163552654 47370667.425186016 771.2020707138888 44832939455.69141 0.07580313985045023 0.9997931218923773 2.8592564356903982 -0.5866411905781709 -2.721325118449126
0.0 20.371923152644058 9459947.489013672 24547447.801338196 24042088.522838354 11293.886076899125 3237.147863258844 513.7439577781712 25187798.038633946 767.3719231526441 23010452659.98053 0.36477686686687183 0.9996674499586703 -0.24413927326822416 -2.9266640783811084 0.7351379728128533
0.0 129.20076407756426 2319088.443084717 72352758.77539062 5094481.334879875 3441.880558531673 5868.960482763681 576.7430868667367 120085696.30319831 876.2007640775643 31070621103.045837 0.2881132517977038 0.9994154586987127 -1.5077942884614082 -4.27097322268172 -2.9443147737678905
0.0 76.60868919568509 358356.7491226196 9948777.596130371 6054103.096971512 2610.285745081943 7945.914837024516 -5393.250776128706 84937048.38672887 823.6086891956851 64418674998.83908 0.2284602526661193 0.9856231283757326 1.3652787001499729 -3.005302970420613 -3.293869832921513
0.0 85.90019538392608 -1109540027.0048828 405894832.8529587 51162613.49749851 2720.096864519699 -2389.066793012942 -76.94602622645561 109860974.20834509 832.9001953839261 91886079899.46521 0.06750761008801726 0.999584121522205 3.509250292440303 5.3068311675502216 -0.33631602576990566
0.0 36.15982397828316 281710326.06118774 4153751172.094589 -1386698070.4940348 2875.5515592079773 3262.6396416209027 689.0489442078123 29840308.115731176 783.1598239782832 52846326113.65805 0.27404261021929804 0.9995907739360557 -2.6337611873269386 0.17382148421184906 1.4398954460842228
0.0 80.64117460015302 1395589.1202087402 75973847.61009979 49275099.8736248 -4473.008783221612 -353.4553705643775 4836.6702663517935 84376215.5637025 827.641174600153 35486727506.21771 0.07033965328661075 0.9789599961104809 0.1832872462287617 2.2045278331183775 -2.334556235742552
0.0 21.74187085643075 7490670.112915039 -19748723.749954224 12881108.827423334 2561.072641676481 -11.58700792831587 -2335.60641789936 27292629.675318006 768.7418708564308 43398781413.35727 0.14874111159600095 0.9991018580106539 1.8296583367462165 -1.0873026025163393 4.274814135829681
0.0 41.10754561547731 -35973676.53363037 -24370992.640411377 21874958.23477173 -10.409150989840782 1620.524719699446 -8471.303869930423 48959740.70675789 788.1075456154773 54562092004.1496 0.12728789690141604 0.9567466743904404 -5.248282971520361 -2.980750141675872 3.0674842319218456
0.0 57.00950108009215 -12005044.547592163 8522873.138793945 14002519.659558058 2047.3646447153587 649.0217046417238 780.5811098412097 78472927.95913148 804.0095010800922 17786581595.93341 0.11690609422519878 0.9993613587285802 -1.5735893580938933 1.8553854489836565 -2.3865165103634136
0.0 87.34912565108857 -95845023.82901001 -64219281.58595276 9197998.344407558 3842.288073424872 -3422.6964773885265 -586.2110183686401 119165798.1869484 834.3491256510886 139926581483.41815 0.15694296693122833 0.9996195210096457 3.454498978815937 -0.6428335095511664 1.3532622584659186
0.0 42.71633106472177 8213299.577529907 -10515947.794586182 41617631.07829189 11653.191112057264 9704.97835864039 1049.8913439084263 97541209.94539098 789.7163310647218 20722754968.31076 0.4569162277242429 0.9999918903519981 -1.8070397236616922 -4.181228653325779 -0.5377858589799089
0.0 48.59770425083366 22471628.806152344 13735303.165161133 -8552664.973172188 3103.4366001175013 3738.093038255869 -5183.052056271362 55013420.801416226 795.5977042508337 51959986719.49689 0.23245847465657507 0.9835782294655852 4.761278408693229 5.702135391254897 -2.473299769067083
0.0 20.674522781763585 22828421.618865967 -12660121.053180695 25046261.322444916 1784.9270629876091 2833.8190388611365 2452.363066055146 42151382.940851144 767.6745227817636 59787817993.21069 0.09253507407205597 0.997325541130833 0.0555972632620606 -2.525005991062798 2.338457591490883
0.0 58.70206832474889 26085911.3649292 -1896692.189453125 -20531514.864434242 2960.170169681456 6115.558062135546 -472.25779887289343 62312984.94158055 805.7020683247489 65547279451.99921 0.11207191362963817 0.999571588839876 -1.0280246025710487 -1.1920967746822335 0.47255149969114196
0.0 29.654431091624133 5044641624.452789 1680315816.3284607 -2233082792.9693003 5053.501044134642 -850.6913590602489 -72.75391960011865 23425184.502716362 776.6544310916241 51586495874.85724 0.23623511120149032 0.9994063288773242 -2.240079149527092 -4.658525340614668 5.2471378106648645
0.0 38.47702436500549 16989856.85800171 -10187320.493614197 15134231.751425743 -1322.4285550729865 3075.458041127975 -795.809375780422 74368287.13557535 785.4770243650055 56308966967.25488 0.13324745391800397 0.9999507646310387 -0.8477503599920495 3.6788299391720476 -3.812278138988149
0.0 19.565933431163216 -736054.4832458496 17695479.518310547 9838013.544348478 -1436.7077966433972 2440.349131051298 821.0155144353886 30681056.67557291 766.5659334311632 31643654321.82779 0.01960257921464678 0.9995060356826805 3.0243136444171403 -1.7029121570618253 2.6829689342839567
0.0 19.03292286548492 -152471763518.16504 7814779922.214523 3938223739.9560957 -9270.36913404087 -40590.226543369325 417.54209580094437 37474336.7928509 766.0329228654849 37861200559.6004 0.11688465848402091 0.9994917652332587 1.7019929599592754 1.5641048497492518 5.759095542815576
0.0 16.013386048438406 38762529.32713318 2768360.3425598145 5283281.053450584 2483.429038922528 3688.4100578599637 2973.877786643726 34966118.02216334 763.0133860484384 53305224465.01071 0.1971717992001636 0.995489801427425 -0.04864909135822448 3.5963388145325372 2.5993292178289296
0.0 45.51160650342422 348756.7945137024 -14408295.757247925 -30570789.3976804 3920.619931358964 2211.5163992995385 7547.574118998711 35657295.99965804 792.5116065034242 35964050192.73459 0.2725344187108786 0.9808946050321394 0.9002684098710623 1.2666508650119543 4.90248866806256
0.0 65.46785349050572 -11053694.971801758 -2539898.2925338745 -142908358.7402687 562.6117667256349 2044.351745715736 3523.5720608837782 60549974.362374686 812.4678534905057 60702513768.72272 0.12408264882082173 0.9883222088178076 -0.05491873986040008 -1.667951975509649 -1.5190639330657933
0.0 97.08431172481619 41510155.35267639 -6809573.657150269 -82490689.11836195 12403.161793652549 -3893.888835823989 708.8554891033316 107681373.37657548 844.0843117248162 14883478121.23471 0.3512720634457063 0.9999033392125317 1.7308377805079451 -2.764871734757268 3.264017971486817
0.0 154.80509812632215 -39390017.303115845 -10792194.937652588 19680446.82501197 -434.2779239025258 1093.0672957310549 2090.6537953999623 121786987.2650749 901.8050981263222 82352501734.72897 0.03785822557474021 0.999432489581992 2.6142738781063057 -1.7551832125876088 -4.672586615972829
0.0 77.40683655724843 -14503689.559387207 756874.8879547119 12784516.65874666 5867.133099318593 3290.237204046207 149.03541220377676 110069932.94297038 824.4068365572484 47789953598.838196 0.16661680586033173 0.9999827184977692 2.3732566560678947 -0.07172028906969963 1.6386643793652187
0.0 15.704374450326895 26167847.31501007 98101243.17895508 -13943760.611369729 1486.5559421707403 12667.281827254963 573.4195831652867 29994159.43075109 762.7043744503269 5293674711.97699 0.4397515022438778 0.999825083466532 -0.8621150688362307 -5.135473185745877 -3.062196743394965
