Label M_f Ep_x Ep_y Ep_z Ev_x Ev_y Ev_z t_t m_0 |Delta_a| |Delta_e| cos(Delta_i) Delta_Omega Delta_omega Delta_theta
0.0 85.5414763281185 10866288210.688477 21954733895.12903 593714658.5751905 -207.88077743835674 35.637540509938844 215.46548233603949 107383045.7809558 832.5414763281185 92161752412.74655 0.021491961589939254 0.999588794915006 1.3499929821207666 0.41981906592342944 2.195023972885089
0.0 46.89468193901246 -132338667941.33105 21498297132.62567 7047176523.321436 -4398.498504825425 6955.363687784644 -424.6712713557545 90693680.43727867 793.8946819390125 93462188741.43918 0.0797223728725234 0.9995024881994767 3.1868307534625337 1.6634709456837995 0.7990046354780065
0.0 67.28339904773816 -25224362147.98108 -756758550.9995575 -443726519.8324852 33.6949566938365 -171.77358785954493 -175.5672783574298 121834610.12821831 814.2833990477382 80288959297.75089 0.04394400097814065 0.9999928170280596 -1.0099457099497013 -2.604934122327781 -0.8335916732643316
0.0 0.363189175066168 -147693688856.0962 -79956927085.49307 2458320488.8922167 5249.096425808166 -40871.39808404091 -366.4963349469113 25777314.19320037 747.3631891750662 17475308186.104584 0.31355866756142725 0.9996787440597212 2.5719293800688945 4.041540854582475 5.860837293061103
0.0 67.8027134668962 13866296072.547562 -10715179163.01233 -5199583572.895557 -861.1931180147803 -1948.5417918027706 -205.40652836140342 86625140.61467664 814.8027134668962 66762165274.261444 0.009022401798135626 0.9994549260224552 -1.6157442607622268 -5.362771524706634 -2.1362188523402237
0.0 15.939322203827032 72368737446.4588 62237484613.9405 -5381378654.43176 -11060.76727010424 9660.023598601976 212.74536652097822 22207851.325050235 762.939322203827 52178565346.93155 0.20865153691908495 0.9993917055520982 -2.252768866602264 -3.778046605970086 4.250950947872931
0.0 0.3195065865562583 4557874491.324127 -46738247448.059006 -14993577162.13878 146.46148164874103 -79.73445870482828 43.01869565799518 26041965.750065286 747.3195065865563 124642037662.9245 0.32110152909434214 0.9985430027160782 -1.7653027161292432 1.18892957296643 -1.1015930069449902
0.0 53.776214100749144 52203106908.99479 -2493459137.476166 -4169131872.1845694 75.40584612292878 -41.2910230720172 -18.242726653280727 51153826.85814081 800.7762141007491 16388873054.598999 0.33706839830629254 0.9986852623215766 -5.175239656164264 -3.1119739621675797 -5.965740747465287
0.0 44.544075803546775 -26909443200.11963 19975664595.10836 5399824804.570326 603.3064465593598 1754.114838969199 -152.87055490777996 86899823.75062132 791.5440758035468 71865273007.70462 0.07088578082084092 0.9994889206760076 -2.2120277356901266 2.439325882424255 -0.7931008427524758
0.0 78.1417019696072 2953984800.6210327 -14845577965.200073 -15133262076.955973 34.5965192848962 64.32879730868626 53.58593327849961 69386701.95648146 825.1417019696072 89702251273.9685 0.013004844145349428 0.9917942613816394 -0.7609862881413985 -0.37291427495261015 0.20191714650692383
0.0 18.21265847881091 -99067195809.09396 16798869889.801727 2082917706.0986996 33.198315400215506 80.30717191845906 -15.390402085215328 44758998.76751828 765.2126584788109 23924141525.11444 0.40567611204622134 0.9999961106705383 0.1455630761399347 -3.5161818416206785 -3.4214505368306924
0.0 2.9798763758976747 -23478377468.193665 38086053614.89804 13504579143.44343 294.21069273081775 -195.2281646109077 1441.5895068192747 33397516.925983127 749.9798763758977 48909120006.454926 0.17965444614941084 0.9980454210303323 1.2246177832217546 -5.341136157848353 4.670092981314289
0.0 64.14884113152186 -46909811340.58832 13206871827.931091 -44587710353.92889 -248.697088902798 209.72083525412472 112.41266862813347 123394989.57525153 811.1488411315219 92824641567.44794 0.07793147022297064 0.9784486551877725 -5.429605103951745 0.12560826210855902 -0.049824139063589026
0.0 109.79731528020852 31900482054.801437 16441820784.592682 -36663077850.78914 2.727389453924843 -69.12582110036237 -47.44940438845802 112732639.69806865 856.7973152802085 130188091212.5882 0.11632197094952165 0.9642140579986841 0.8468203872584696 -5.833800492009644 -0.49161684331330413
0.0 25.482778942413916 20226804897.722748 55382555940.07985 3731906999.6656947 106.93270158535779 55.74685504482477 11.263441319973595 32450314.496004846 772.4827789424139 24320513313.59836 0.3942055507584185 0.9999863979541235 0.2829587023239986 -0.7193830129740538 -0.3857452911622765
0.0 97.09807140708017 -2367688405.1410065 17895377132.099792 11997994875.946756 -95.75303446762337 2.6994088091305457 -56.394054733675716 103627424.09103164 844.0980714070802 90137690912.22931 0.05124538806101702 0.9983626647163051 -0.7849917933505592 0.11237671496469415 -3.072861590339447
0.0 43.51280070183566 -3183538776.8778267 -47118054730.64105 -3838186688.8135743 -3636.408789936657 2810.4997820077556 -719.8123954785361 36589948.11384417 790.5128007018357 76584811903.29758 0.032711723288372394 0.9995017760222376 3.9967868548037453 -1.6568610846098601 4.578772628735197
0.0 82.28042258433607 11374752223.434326 10378869588.23819 -55380830207.37287 25.119671679178282 -26.407298798992997 87.79102737494634 81653949.82163511 829.2804225843361 83687615429.63416 0.035059365310495264 0.9734071304542459 3.4818013711904596 0.31806622186313804 -3.433628363762539
0.0 73.62730601193573 1904618861.7376099 3496776543.6558533 -109398984.278018 -113.85066027396533 230.46705939262029 -232.03496963810176 104388097.81715073 820.6273060119357 40674082605.79617 0.010882794092154577 0.9989834850655098 -0.6352001750088894 -5.095326615403157 2.2454582212675143
0.0 11.795298172852426 6025696258.27475 69100549400.64265 -9993166960.431412 215.77377536624113 91.55279011991297 474.944368292032 54249061.619197324 758.7952981728524 28540583651.252106 0.3271067133922009 0.9999729105942928 -1.6941550799651246 -0.7400121842415937 -5.923516965803139
0.0 54.869147930796544 -46814652187.149704 7713036354.87146 3946655876.8957677 821.4780513151818 473.3360277973952 627.4984024936019 71204621.18530697 801.8691479307965 41846288954.245636 0.10607140988469947 0.9994790443487975 3.9861461060833294 -1.1113346262381034 -0.09458727799817279
0.0 22.599588095524155 6107809156.572441 13036105181.401855 3765915556.0579395 -592.2526502039764 228.71991626830277 735.8404870143327 34217929.962408036 769.5995880955242 59142062494.73529 0.08448728757178761 0.9994546906978283 3.9322082312527646 -2.9425969792959283 -2.9552228337819897
0.0 4.647180700399986 -212994597.68165588 -20247427364.21335 1132293013.3730106 302.8296916777399 770.4963953289498 4258.917091077948 48621725.953982785 751.6471807004 58701002228.81116 0.17617519696842582 0.9961423944117667 -1.140810791271067 -1.0428639055902964 3.9845901257575074
0.0 48.9482097995151 -19578881368.929703 -19615083861.602753 -27067344878.71698 60.605559906773124 -70.50326478555871 563.649147025028 61838964.75581186 795.9482097995151 58617884962.51337 0.15923340569064287 0.9827413486680006 0.7343249989008603 -1.8130027363504475 4.864490030897239
0.0 0.8974130250121561 27292670240.676117 -7297087440.8688545 -39456303936.027664 308.2052666397708 1735.168629397118 1598.881862333805 20674480.575399254 747.8974130250122 118333049544.8906 0.25923756986661195 0.9852898166271667 3.2211842740891354 -0.0809427171276631 0.15894309843284282
0.0 44.40550077031253 13144109509.970306 -8547089864.678574 9896894154.342155 -145.45901811803924 -320.7149460640103 89.66156528419305 126240545.76408683 791.4055007703125 18952100342.016846 0.13996824970967847 0.9983148885042974 -2.735615018618942 2.6663375979866846 3.155408037006034
0.0 26.640181647478585 -30607605182.031616 5417483729.448013 1108042539.1648068 27.33374328003265 -13.925175687974843 -3.972847351326595 39765738.433867216 773.6401816474786 44740344656.79637 0.06321297618138189 0.9999962897922404 0.06661855717493359 1.9303476431899254 5.861725469690365
0.0 20.047392862999345 -290215837213.87146 -274548297516.55365 -591146930.309213 33093.17065415092 -37901.49353956964 -715.166114513678 79822539.69401063 767.0473928629993 76819905580.19287 0.0293059590171639 0.999516262041523 -1.857677207370494 1.897238592594716 2.485316172420036
0.0 0.7918892267900901 -194315139555.77618 237985149460.0665 8316792707.986516 -22062.61800926626 -10119.855553126568 -379.33505325600447 40362772.68804742 747.7918892267901 73327963002.52405 0.005023170925161025 0.9994523079334137 -0.9091704128423922 -0.931688141880236 -0.8550040098594415
0.0 75.96277881465744 -86448950498.90067 -8510695077.085861 4414547125.038364 -3882.6013495285006 3668.4174074418443 -582.5980970206051 97698879.79144321 822.9627788146574 91340863740.5704 0.016949230419583898 0.9994851475758983 -1.6664488031592097 0.13820663638262598 1.3648027516653436
0.0 45.038549287927594 -192693294311.79782 -416083604780.95984 -5835004509.429483 14352.65468026334 -20516.02489410385 -239.01821413506931 51019940.83800817 792.0385492879276 240103325177.86307 0.44362823881206614 0.9996432349949904 4.181541139296024 1.071761036677509 -0.5565823292502207
0.0 67.47484778512955 2170305938.01416 1031951246.525528 133189496.51527286 143.52317638826617 -767.7198414194827 -264.0170642316631 105959404.12114719 814.4748477851296 39340119233.90372 0.048268781413812314 0.9997962954140749 -3.2905217874576063 -2.881130872712738 -2.8867502998722756
0.0 26.386025789124687 15182996004.0457 -21032673242.460556 459404305.5031223 -175.16888563100656 -504.9832551071049 -2687.7660669591783 55798099.43097134 773.3860257891247 65263859359.785706 0.05316226253330715 0.9986627961150804 2.2619310479411636 -3.494613638526774 3.948409263661452
0.0 12.856053988298981 -24036281524.403893 -25596710911.057373 -2019570314.2925928 153.10190596765096 76.64532004991725 -435.43082490052643 44853806.44002862 759.856053988299 70526468187.61972 0.01645947259072822 0.9998544879848372 1.3672298613682923 -4.5112823601061365 5.118605359315513
0.0 43.420802568241584 -28682909755.184814 2934732981.396057 -1408771868.7927477 -86.98193771590923 -91.80734087903693 5.442788748846738 94890606.15160343 790.4208025682416 85816050262.21866 0.16464053341560725 0.9999136480209475 -0.7315618722015126 1.9946356391174744 -0.45604429450527206
0.0 20.356411922250572 -40646262015.86914 14210437322.781372 6216168682.944516 1974.176870996449 2134.6733509951264 286.7029542779287 78729923.33217424 767.3564119222506 28543522960.05551 0.1362785096439075 0.9995337703029581 0.5681707183420202 -5.035526791179277 1.7447999647700825
0.0 72.71635991477888 7169563719.286835 13607916386.566315 -19533713459.378822 6.414927144807734 -4.317386963914032 30.527817655880806 59518533.33820209 819.7163599147789 47770992019.27817 0.07423362251629681 0.9894094258729305 0.005394244417976868 -0.4451669510659407 -5.73480203723544
0.0 86.41349513865521 16528423969.726166 44711176633.12403 -1166211939.827107 -10.822146625547248 -53.769314970151754 15.099895951147317 109825340.4979165 833.4134951386552 36177566750.619446 0.2791100536200793 0.999780739178513 1.4349320634402516 -5.2656497548701395 1.847192670157138
0.0 74.09080116507982 -22593617189.716736 -85590681.60021591 -15657004236.84835 6.345164501977251 -69.96780007156849 38.58651069229256 94770883.2710938 821.0908011650798 96564939324.4776 0.038152530162999555 0.9977371479309401 0.12622998550170994 -4.596728989096624 -1.9217969629061697
0.0 73.30171351401361 -33027006416.66919 14377540956.390839 9528232173.030764 -2.4822337825717113 -24.338181299541702 4.0954551603405775 103298645.10334803 820.3017135140136 63864089097.5502 0.21737691727059985 0.9990611973312136 0.35598678229715564 -0.10251141086022417 -0.5272032976547383
0.0 0.6485499130818653 -414873358296.7318 76617199299.74805 5669899808.8664465 -12606.182765465048 -24587.795155943393 -512.8444486224785 32379829.209572557 747.6485499130819 112621544864.21979 0.24370252080675028 0.9995322950293201 -1.70007975056456 -0.9232375658007574 -1.5615993657333163
0.0 35.16884415574134 -8699634542.71727 -22696557843.998535 29778243849.469296 -44.65274492300887 3.880914951516388 -30.778471374927562 79244010.88587329 782.1688441557413 64122837531.021484 0.22163372695814149 0.9805696249338819 -5.827108217766241 -0.23047006153872163 0.285234681823749
0.0 76.27692940322265 -39147320243.85129 7909560503.040604 3149753459.481482 75.36864162476877 693.3611895567119 -110.63840886208044 100240350.28947946 823.2769294032227 117859197685.21294 0.15892017910976125 0.9996030124582355 0.8552860470375364 -1.5854346916107365 -6.093147324529941
0.0 60.674632015974225 -614315371.9064407 23688639466.9606 -6427445513.219317 -190.16240695644228 -53.76034529685535 191.54637492850793 127289036.12572141 807.6746320159742 49938653274.7388 0.1718289348155683 0.9991198475074501 0.19952685848981422 -0.830748705018294 3.8391499322098173
0.0 25.453877408695462 12157501486.200256 14504198165.27353 -33023408286.843132 108.47386072564404 248.77466955157433 890.3590248139232 26949434.711856153 772.4538774086955 65966846151.839325 0.028234815248286624 0.983558235268191 0.3126346898332546 -4.9449321865971525 1.9593144085484833
0.0 58.72754793338379 -18424062471.550568 -17120001466.32669 33549291924.94146 -243.90469726045558 298.2158232552274 -348.1792439625606 73519493.00705463 805.7275479333838 82104536499.17905 0.053001937067495064 0.9994219961288313 3.0392918266025606 2.2174185242720403 -5.150786766198088
0.0 37.91058430005842 -18440573779.796677 64271464130.43223 -9054652151.398838 10.324677899985545 60.99737754311718 42.90350604081323 54661118.76556373 784.9105843000584 62063534004.44702 0.33100058146971817 0.9997000473904561 4.411439040019295 -2.8049346581204078 0.5579811306384976
0.0 40.788842069811835 22714491881.917603 1145090680.8729553 -12567444460.516579 15.656201563801005 117.59872909058322 5.123973934959622 38698071.56565841 787.7888420698118 76874381999.64127 0.0752621995298977 0.9993225397688642 2.1496987620488843 -0.27453361801708287 4.971092912212084
0.0 62.66539430693206 10905066903.28247 -6393270468.009422 -38588960578.15369 -27.253200962571327 -361.5660244276078 774.0495183692027 81156385.09554088 809.6653943069321 57014133010.71707 0.062024280205333994 0.970424756217878 2.392571574246276 -0.8714233845553718 -2.211481742627825
0.0 7.525125778239726 -1261375205.7260437 -42959709995.99249 -32815677482.671406 16.8462312721731 26.328408712219243 -19.023737948705353 96855669.14888051 754.5251257782397 2876889931.830536 0.23091522101054585 0.9827432184088291 -2.8411467780904647 2.9799178129999837 -3.0251030147537254
0.0 59.0237970604627 -63838443386.24328 20671907966.180237 -305298657.87259483 47.99357793740273 7.561097148019144 23.14129400312322 100804704.11641105 806.0237970604627 43239903493.888504 0.3100404064251572 0.9997130928229233 -0.3979603277981014 -5.1531114651504035 5.813095049859907
0.0 34.39486708679442 10270109540.118103 29764062925.736816 -33404327927.408108 2495.6316400490796 -398.99813135425575 -46.31932325604369 31561514.42123768 781.3948670867944 62176643504.53256 0.13264889390852297 0.9845301353476602 4.483880949719773 -1.8191515930844393 1.870187309784214
0.0 67.09950383205478 -37445002135.55072 15548764268.53537 -2102369151.3893237 62.64106152724344 29.544814837749158 -70.00332162238922 114600240.43562523 814.0995038320548 58422480832.54089 0.16843060501612506 0.9998131606821306 4.524147991762746 -2.3866232516180363 -6.203086003398323
0.0 76.63074743269954 11713960361.919113 14653896578.39331 -11960796643.952805 -46.433782447173144 46.739424300967585 25.76128478320834 96480363.02575989 823.6307474326995 60732239193.45285 0.1485699474136844 0.9954122783031906 4.246973691136711 1.852164102774696 -4.760897014967801
0.0 0.2618435138156201 -12146144468.019653 31444763967.824173 27481097226.27417 -111.38280603282874 117.23567842055854 -356.0613247379946 24356065.720307615 747.2618435138156 14178852381.76059 0.1630766196633675 0.9998110246988735 -2.431251958740345 2.86315782713444 3.1179705866839664
0.0 129.4586607174151 -10475918330.016907 12491239740.206665 2836980609.9549036 -195.5329804328212 2.4909630627116712 35.87830009043779 110471652.30782497 876.4586607174151 80983902696.44162 0.0596367677056414 0.9996906430401601 -0.2920125845818564 1.803409656450993 -5.873793239461121
0.0 89.42744934488894 -15577789860.665756 -20482776066.74704 14293420090.141014 -74.50602712123873 -127.50429864224498 2.2184297714106833 122540377.73908979 836.4274493448889 120653710701.2503 0.06523493027788377 0.9942404376350523 0.8295945299685412 2.9492834189083417 0.32197607748743445
0.0 75.37213693228841 -7311508160.761383 18316510681.14627 41475889655.73013 16.770563767811836 -0.8319705569774669 56.31140413478511 83423324.86460815 822.3721369322884 72240550078.85025 0.0435231158126544 0.9580107539939652 1.8653601855850077 -0.8116373754297339 -2.331285380092633
0.0 57.52175757341877 -21531394613.103943 -12057762842.938705 955009369.4736688 36.109766663066694 -42.94584215508803 11.838533337965089 120595319.61286262 804.5217575734188 32593458745.83966 0.19052690834079197 0.9996769410349018 3.128494116893113 2.655874918388463 -4.478093498519351
0.0 99.42338694082446 -21074388477.262886 11577266179.500275 28442733707.442112 754.2276972565342 56.81690863470067 -408.89247468805615 124678864.06591982 846.4233869408245 71202940133.2063 0.1267026220485402 0.9810649535249389 -3.722153378768119 1.189000904024931 1.813770820295705
0.0 78.48196579490491 -56453527848.2903 -45369996684.81676 1799094122.7525542 1250.4611209584727 8985.736795244931 -683.1724476703831 75244087.7942486 825.4819657949049 80212692406.32996 0.0771663199522381 0.9994814657086365 3.9943415900481227 -1.9519295095159142 5.593492942637861
0.0 31.68211660352381 -8194096324.14563 -6082624551.203079 3934864789.315502 -452.47866503431396 3431.9893983802067 193.21131917252848 38343785.00974078 778.6821166035238 4959253855.37207 0.22041978372931745 0.9993497041024795 3.961628260515071 -3.9067737095468296 -2.3036187009074203
0.0 69.19899270822839 -16628196344.996979 -10121847968.269104 -22377080796.07875 -10.715445764137257 -42.39786603329412 -9.871811421481368 93328764.01562913 816.1989927082284 103859896057.18149 0.009787767639520273 0.9922088479450868 -0.18433518204417887 -4.616625813217859 -1.854300363161768
0.0 82.1966870544777 -14556028786.25557 5343647574.717621 4402846074.020365 63.85276667788639 -29.946996465165284 -10.801074254805371 108827640.22087419 829.1966870544777 73671948985.60416 0.10542063388679132 0.9999765610518755 -0.33329980376850377 0.7058715832583826 -0.7468649853555422
0.0 64.72986725762712 -14216098586.0309 -17970924788.199722 869885083.0538868 -871.4739198027928 876.9511655861661 103.68321470290344 83443479.1838382 811.7298672576271 64106578179.99646 0.02887691026112643 0.9999909858493581 -5.821688397539026 -0.2191511848997052 0.8968640124339846
0.0 55.86701981087356 -11544303631.504814 53430497711.345795 17333238779.307583 3087.258441883743 3761.8566433131978 -2121.9153877494696 72538209.4930806 802.8670198108736 66838666600.87439 0.03598362369471374 0.9913433393148742 0.4994627835668283 -2.4482129141055897 -0.9985820416170879
0.0 70.68372797159714 -45250235313.81221 25849036913.993225 -35758562143.36634 -38.931273323360074 147.69922886107452 96.77207727092764 98649575.16268975 817.6837279715971 48491469133.787994 0.30141831189977275 0.9558385496960281 2.56068780817803 -2.855974406676653 -0.20396720971653304
0.0 2.715290461462587 -1048585167.5160904 -21994266420.049576 -6398816229.1282425 61.966115360555705 73.30828039767403 27.07660170369445 29798134.32284863 749.7152904614626 69700264812.30936 0.2073789429246495 0.9997447159186024 -0.5571793138407239 0.5579964654790115 -0.38715159600610516
0.0 77.07946100415029 -43287370656.81656 56401344096.667274 8666652110.606365 -15.189589889101626 -62.261585175008804 13.142031394238757 100512299.09625666 824.0794610041503 15414074975.922699 0.501771823047164 0.9967448112007962 -2.0454303573538377 -0.9558890175122023 -2.441990114111751
0.0 60.71014100686614 1325521121.8057098 -15266734778.511688 -51413177107.86392 155.05306385616495 148.52058156260853 -232.8405012741381 102188297.3116219 807.7101410068661 100735552296.8934 0.04580010630467023 0.9668070845715134 0.2928248195592965 -5.63906694838067 -0.7260466535866013
0.0 28.992679163753678 -343027772384.7395 62299923826.06496 7196739697.442185 -576.3799241098895 -49255.9278739549 -253.82123974965907 57464668.652190134 775.9926791637537 72622908593.86755 0.0008543121843648735 0.9994707093580627 -2.29234010131662 -1.3027526323174747 3.513872574371103
0.0 54.69033836458527 -25070543409.15738 11752781535.303253 6606341134.289816 -95.7932673991163 22.184897542717408 -55.89305896265023 113290561.93601479 801.6903383645853 58269641483.41412 0.1383714603774574 0.9999843132100718 -1.1864461103560533 2.269295816412939 -5.68340136271919
0.0 151.6835992236405 -13629746196.128326 26175174314.255005 -16119686056.832157 67.0134474648421 -14.60135683459157 158.56062480848914 117622743.48606725 898.6835992236405 53820905031.71719 0.11278373623029928 0.9496928224711431 1.455879257869005 -5.349641367795626 2.298204535134875
0.0 49.11603233756637 -18865625900.571182 -12056304125.164001 8854132786.812384 -14.6576973723204 15.550971703942196 24.003203499292525 124991630.84397833 796.1160323375664 57574761317.80737 0.15463238438901522 0.9982561199119735 4.340000722967534 4.876638051981598 -1.3490657494178062
0.0 47.657442081094246 -23536118095.92636 -14407172012.897415 -10927584769.459187 113.59760511965578 -165.81980391040634 11.919342632371126 97107594.93460687 794.6574420810942 99745350546.92041 0.08580112103934845 0.9999946818547848 1.214927112339132 -0.09219616841470879 -0.23916501894337294
0.0 43.764554346223804 74078001543.51216 304775233445.94653 1137900346.1631253 -49140.903597399934 5909.3504880873425 793.2136418640797 86152891.47507009 790.7645543462238 34104650038.43036 0.26640955082126 0.9993105883835772 4.045243849586157 -4.305008379720903 5.720895199174538
0.0 28.299806374300147 -3913995823.522461 26131201013.285156 -4645264046.382906 -308.6078183726022 133.6258887277363 90.27324864331686 45052969.44171081 775.2998063743001 70643668955.81036 0.0838825449836124 0.999769002808975 4.911829961733268 -1.5086364170159456 2.290029854311029
0.0 50.44715472067253 21923559394.755135 -18429850694.00415 -9339401342.70227 676.477010976283 140.73054403472997 -8.8492940321959 112637761.34382048 797.4471547206725 101603973295.64972 0.06251136677782176 0.9994954562012309 2.096640831967984 -5.379445418859529 -1.2231203814932121
0.0 56.86634073745472 15198183028.581451 33226957417.709488 -505073753.85872686 825.6016560518747 -1715.4401036252057 748.4907045234412 41802408.90987151 803.8663407374547 75491131076.3953 0.10099981926401419 0.9994872831684484 1.7540192169594344 -3.987245882263788 2.5898811633583936
0.0 58.491697482433324 14257661142.348724 -9563411781.368301 -4768954721.361201 -67.32320475859524 -17.599019274357488 7.869737499401538 116873581.33970352 805.4916974824333 61703609150.22241 0.057311752850530764 0.9989283995597785 0.5001937756215633 -1.6832938085880986 1.1851186663511402
0.0 39.66009511436016 -25259366996.657578 22605339365.16919 46456785112.44243 32.235098320641555 -8.366924613650554 -20.442195706769212 53367947.741730064 786.6600951143602 4136576008.886139 0.17489698862429773 0.9793229484914193 2.4633948615168717 -2.7770036641894036 2.8968779308245134
0.0 44.2382714385343 21708800492.911865 -29899564967.359406 -5542031141.680382 -583.2659896919431 -149.94686708009976 -230.2122838389256 80757339.35907574 791.2382714385343 50946925808.55719 0.03307370156247881 0.9995932139888976 -2.2253923569888046 -5.363482169440534 -1.9786906117995058
0.0 6.021705691339207 13002029356.4805 -5849659324.853493 4129190891.431381 42.940270983745904 351.77946708990567 340.9840694690952 68374724.01519904 753.0217056913392 43800348469.80005 0.0959248434366047 0.9999986450184265 -5.147663819158327 4.579139351056511 -1.3879492802853295
0.0 0.2082975772559621 -132778831396.33334 -186845378164.91846 2093656632.7429929 43541.06058491142 -29549.110158448708 -842.490778505881 23230473.118913338 747.208297577256 21417459604.058838 0.2762778238777444 0.9995121613994389 -0.6689883793016815 0.5981768880669264 0.1640111636930377
0.0 0.5970648330666108 -326447978974.2502 176177541603.69537 7254351830.579594 -24546.509060821983 -25575.636468506425 -439.08562290763956 43316673.198992625 747.5970648330666 96132448276.85681 0.12040621694996484 0.9995203160903408 -0.2910122335551498 -1.4549837518060136 -0.544350298394232
0.0 18.60738197636101 10264427812.346191 65685408913.00659 57813986909.26396 3601.25832210312 3141.8423636529988 -487.03552353810426 32563542.287163224 765.607381976361 65644547031.60748 0.05186677445523602 0.9752542221608894 0.7774128123635204 -1.1929898486472807 -2.084951985385832
0.0 53.215180091731554 -23093262850.809113 8331839758.783829 -8678455605.451715 13.080404953740072 26.88386089960477 6.623154509427877 127905260.47436479 800.2151800917316 55343020003.9892 0.11003494586825263 0.9991945511099374 -5.5749649310408165 5.594958629164429 -2.3501985703028114
0.0 77.76494737969676 -7782496769.367615 12846619670.983612 7672552914.598063 54.53498488829064 160.0028011022423 24.27813526810099 99070633.96302289 824.7649473796968 81325616745.93494 0.0020545154446594584 0.9995934181322728 -2.0777803712024063 2.658543839515408 0.9984509490753125
0.0 70.29528891700784 -25074804238.304626 43176743416.72041 -33067717836.71966 -296.71893971689497 273.129349372397 281.55762058968935 112144457.39124167 817.2952889170078 70819216739.64456 0.17123684508647 0.9916212191405328 2.0930943201818333 0.28740571107510693 -0.08899025073028399
0.0 44.982025358087185 2329961936.6546326 -4858843089.466934 -998196745.7924135 2.8067736172324658 1.1188312397316622 117.84012928318057 64517821.95447049 791.9820253580872 18016160759.29773 0.03559181666508163 0.999374308420856 -2.253431456468175 1.9574255782089494 -2.5206081815901924
0.0 82.25491093388894 1680030359.6445084 -224002387.45812988 -1009826236.7148676 -0.8870621368005231 -6.880982331006635 -4.36808141492736 109737147.27985127 829.2549109338889 41414950693.8689 0.007762136406557707 0.9999074371111155 1.4495821012694046 -1.7086725065862285 -3.312137888922947
0.0 79.3070447632582 -49502177199.34736 29167164339.317856 1011639471.1933671 -9.370557780934178 -10.968275135259319 -23.308774207645456 122500629.6287326 826.3070447632582 23183199978.691254 0.4284509693653767 0.9999892658362933 0.13828369157183928 -2.1532142755360173 0.3487056812363041
0.0 114.23803829725841 -10206825844.63861 17737708492.915863 2831516565.949958 4.292164767583017 -76.82708326833381 -18.73943467507234 107721938.45426486 861.2380382972584 89306387055.61806 0.017777577868975283 0.9995213574617068 -1.8765097659673098 -2.537277694948881 -0.1065356698586335
0.0 14.260931426745856 -171638614659.13492 -109816891805.56718 5285907407.227236 30286.923203670896 -22021.001261357036 -536.3524596798433 54369736.42755913 761.2609314267459 44896488833.29352 0.167389204407865 0.99950366303737 -1.688310599485703 -1.5024616547181788 1.77359186494518
0.0 0.2000064328822191 48500375095.11954 228308738105.34808 7165280666.408678 -10835.997466724128 16211.08423203113 247.48367688862035 26823303.537803713 747.2000064328822 93509818266.61603 0.07749392434104299 0.9996175787456082 3.706697113622716 0.4273773134057888 -1.5354550090370083
0.0 0.1757884950193329 -88366197024.98126 -149256491643.15552 1745239784.2957845 37530.0184212899 -23590.705051401645 -876.519723370456 23224229.310001064 747.1757884950193 32387656099.039368 0.15501426679276056 0.9995167959274182 -2.18184368659303 2.800271773919686 5.541305152854635
0.0 82.88071841654062 18906402414.875916 -13918891054.670792 -30605284496.142735 -72.82078344305592 -14.411771732229681 33.094193927207414 99695694.2131139 829.8807184165406 79740695988.54276 0.23727204782937766 0.9687951478748829 3.775873878706873 -2.3149282784570295 -3.914103655710303
0.0 64.27325475611735 -42037681352.72804 13935486035.460327 2164276284.698896 73.08833320526901 197.36795197196534 52.7759775782907 61975012.67330325 811.2732547561174 53575407962.78754 0.18914802211869797 0.9999036342699352 -2.6428347648096215 0.7172410592147084 -2.540914752108163
0.0 78.90232685851379 -345060765.89450073 5936636156.5 4175209916.127393 714.6170854068878 -75.2283304059456 167.64382809052722 75879011.55704367 825.9023268585138 43176620131.81464 0.014047408107812548 0.99938592210156 -1.5558222486492324 1.2344778078865906 -1.9660515229044562
0.0 32.78353779424219 -1438705514.9689636 537887012.0141754 -215737034.11851883 5.6434853646787815 -23.08276478071275 -53.45531868637039 69838139.90672049 779.7835377942422 9066353834.574463 0.01969273793119733 0.9995747538924057 0.13531453100192392 -0.17118412207969963 -2.820618000647278
0.0 0.587169950903558 -208084929026.76523 191395307490.05945 4935368416.164599 -3589.903587053662 3710.5455762067286 -327.95781373584197 42092538.42104156 747.5871699509036 288798017515.0631 0.3754310787376382 0.9998413351315886 0.10939456860893337 -1.8734006104344374 -0.3259183012571271
0.0 24.134302748449045 -18370035836.923157 109879541581.82019 44805760597.265656 3446.6765035821263 7149.752899720549 963.8755803039586 46485849.30572142 771.134302748449 95479932863.71094 0.10391361413736276 0.9867142501859942 -2.40322278237813 -3.1585054994538995 -1.4213900548113316
0.0 0.5651864039446082 -4011400765.689987 -1606355149.6922073 4052287694.781179 8310.739622025329 -5774.405591412633 -740.942305494029 35104194.68215424 747.5651864039446 37224903408.03731 0.09806111910469856 0.9993624028749994 3.0164997911366567 5.322590148411253 5.913240098371544
0.0 62.12102064162673 -26144279825.128597 -14503100257.875885 -25708053552.235294 -554.2128191421725 266.318720716351 1957.0726888169193 60431249.187356986 809.1210206416267 61688066937.72861 0.19807141562952363 0.9787842092229166 -3.3366313073617646 -2.5983986554516747 2.9764410297575146
0.0 69.75491296101666 10965394724.232178 -3353537479.2258987 369088073.03379226 25.654870245104576 -99.81109788912727 20.924443193466743 84905182.01679054 816.7549129610167 57080803626.72589 0.0014026859533281255 0.9995511145444114 -1.0701155959994852 -3.599334646548602 -1.8188079144442546
0.0 25.642687621813707 -17206481522.152386 -21917666722.16664 -2300883617.998676 1340.0599095497018 937.4163753969478 23.990660970599023 30068374.74466467 772.6426876218137 72783727705.98154 0.31744187868954377 0.9998665131726633 2.573015591906918 -1.6231306962065346 5.018781881760592
0.0 111.75519720700242 -80856769.5571289 -427065965.94174194 -349997456.5141525 784.961386660244 -561.1086578652576 1118.7784705025513 106835333.56374848 858.7551972070024 34126267194.99768 0.07493983001440124 0.9906823449145592 0.29909108730602263 -0.002532640794360219 -3.121621757734318
0.0 25.446895009804052 1705885257.335785 38736558204.1344 36422690060.54425 62.4945871380869 -38.14302989399948 2.0970451790346942 114815029.7437851 772.446895009804 40195046002.2673 0.08661523392157726 0.995895640348463 -4.607868003144503 0.052405630672301806 3.011641663255733
0.0 54.460720597690965 -7356079016.388252 20239365514.72003 3239244201.976861 243.5689721116505 467.18513323991283 977.5897189860334 108455998.20132634 801.460720597691 54491664011.95102 0.010424014848989749 0.9988646113236458 -0.31867731550565326 1.2280110411817244 2.3190260963072333
0.0 50.65303224074637 14432217755.252289 9384489523.664125 2468652488.5032845 28.58236951074348 99.39048292943335 351.67378063526473 63451882.5076055 797.6530322407464 71680938831.04565 0.07406526637325761 0.999878462406671 -0.00534348633361148 -1.9235561843881595 -0.6265554855632041
0.0 3.7547647709005787 18799054415.67594 -15394864304.844803 7753583549.019785 76.4070082813596 3.78022983680421 38.11361743953239 24445769.173999436 750.7547647709006 60634818795.05771 0.17553202291528108 0.9994562009665396 -1.8118412738141942 1.0602154223281963 -0.9861884345206708
0.0 50.61699540682321 -16859294040.750092 29323431615.30394 2754534077.6558943 2538.8768257601587 1192.0100124319542 -7.3380957853576945 65586251.63400968 797.6169954068232 64225053242.739944 0.06571879184664936 0.9996926031530886 -0.19044750184950177 0.018914934818441864 -5.644004082340794
0.0 34.746883422182236 -17298274427.974392 -22207719570.762054 -1251183113.4809215 -463.54038842454247 286.09008168639593 -334.8842149799516 34182918.047173634 781.7468834221822 66619234264.6145 0.0010334302936560597 0.9999558538665575 0.5033212208635551 -4.662761968268457 4.458884349625155
0.0 70.56038247935021 -3051977176.0296936 17016979262.208435 -1341956238.7122974 967.9943993828783 434.5622058557383 57.555589212189375 90438154.7226511 817.5603824793502 62250819760.519135 0.04249405572252214 0.9999678552496946 0.3412656667715728 -0.6661992618994429 0.18246109354683893
0.0 0.34276403878448036 -335643382380.4515 188074724354.05563 7417538509.151988 -19268.26413069034 -21742.910208707617 -499.3761761504732 34950705.26367703 747.3427640387845 92041525501.20944 0.08604689192801676 0.9994693236751363 4.007236483887951 -0.2847087610550336 -1.150395109454683
0.0 13.401328315577985 -125416067144.80081 -82607176244.52756 5894203766.593551 20395.161739702336 -12329.917450460229 -468.147007692341 50500014.16968702 760.401328315578 69731990488.31895 0.053793729787670955 0.9994425990432457 2.177909067753908 -3.043708309023096 5.456594085166943
0.0 50.804074123045666 3257057142.8042297 2645371127.0780334 1092196146.2378979 -27.72650380885716 1160.9283745639914 2199.0169122814686 65499794.8952201 797.8040741230457 56952494686.72046 0.086780590976995 0.9969499049912294 0.658139524523488 4.581189633338857 -1.7075375546135994
0.0 12.424410589348895 -73341181826.01083 81687631124.87665 9793015300.155926 -2436.3460782392713 8152.993965714097 -34.07900093322766 49102808.65848235 759.4244105893489 72968016503.7547 0.11370651598252174 0.999477283689577 2.001496930485746 -1.3388261768259568 -1.3910414562755458
0.0 4.579431098004989 4664731448.547211 -162845302136.58923 -8433382828.779396 -6861.05658001206 -11943.359419956785 -361.49262657931996 71005491.05705196 751.579431098005 96049536364.09088 0.021944899354015612 0.9994705875777127 3.9996255860271286 -2.0776122051956207 -0.3853551331103967
0.0 32.920300980049774 -37840218103.28021 7148966226.004395 19563545030.949303 -95.87118132758405 105.04525267338795 45.200236315580874 68094215.75121208 779.9203009800498 21566281124.225647 0.07053753897275475 0.9999036863477343 3.0330319966526713 1.2120657085090687 -2.0427152574039558
0.0 77.18563677349346 18713651655.162933 6636840302.212112 -15414086393.231186 -34.152929296002185 38.133813865180855 18.76848975152478 104507648.03207469 824.1856367734935 75702578821.67825 0.0158460772135582 0.9999852215361908 3.386728059945871 -0.835742128114735 1.504877244408245
0.0 23.958825319609673 -9528738925.202925 -17446951969.25592 -11811185012.478613 -29.598932807501114 11.36354509615228 -143.21493925315667 73383083.59178078 770.9588253196097 81595514436.04951 0.1809295272454846 0.9980144614320252 1.0557543293497913 -0.7041519861741741 0.3886087095102777
0.0 88.29875427113734 -2180102492.2042847 -9751639700.236221 22829118727.374893 63.49645403610339 -6.211420941626784 -14.649949590627898 71882191.63653235 835.2987542711373 78830243003.28821 0.03836070601276603 0.9815698759414768 -3.9836233097130274 -3.3644227192909373 0.31468540800565803
0.0 46.10934059808733 33386985611.15767 5258315951.946289 364665558.4109931 1869.5447496643937 -4019.0623311296386 856.543391668871 59980146.16739071 793.1093405980873 25475293869.766113 0.26433901635519375 0.9993992400689579 0.4945617548483018 -0.589544829674316 0.19292036860754846
0.0 21.262926812920227 -36174568278.69321 30006938631.48239 -3750341103.6532216 69.95154352538157 -34.50443578587874 -131.14117836188143 48175438.835808836 768.2629268129202 41092601935.74255 0.22663937508997528 0.9998435940424494 -0.5524951772130542 -1.8297347832760589 5.482272012221619
0.0 19.57804253244069 24640796927.929977 -4868645511.23642 -6079942918.229016 -21.975173551618354 14.218368103665853 -4.395048382066307 39005517.27200028 766.5780425324407 66812296457.786194 0.12256818131555214 0.9999195931270737 1.0267938223276512 2.7778031223547974 2.5868497619984776
0.0 39.233237704164935 -8814569778.99472 11525172932.605225 5520517706.94581 -131.8576613237201 -65.63247698693158 43.68994258605547 77628385.71236694 786.2332377041649 40608394302.69974 0.11034656782502968 0.9994754197051908 -1.7202074600817663 1.7957140112473575 -2.1175061833089197
0.0 15.059007161258478 -7495003776.037796 -14303959733.830658 -2073708257.8042898 -296.69329766898227 69.0313572800278 -420.75666654415477 27006402.638746727 762.0590071612585 41906681355.589966 0.04358351043001435 0.9998683908605713 -0.17252818457383212 0.8689515756043784 4.828328481567889
0.0 53.687830636921376 1257378665.3443909 25355455410.068466 -232142397.62397707 269.40505097635287 80.23291663219425 521.424746413674 52379033.798895605 800.6878306369214 71643335600.00754 0.04769498565662871 0.9996492372782777 -0.9567051899415158 -1.4292394286281231 -2.688937493523954
0.0 60.015439347919596 10460567006.894455 17091599106.706696 603551635.286921 -23.10560051469656 14.651489435204894 90.63644587378428 101969457.3495396 807.0154393479196 44461565902.49475 0.07555037084696788 0.9999169822199658 -2.900425824886201 -3.8561633605381456 2.4606086289818005
0.0 20.031778201048837 13114673976.815247 -8850302349.995514 -2154370837.129614 -140.2717409384095 51.54235412285925 -495.0538027794002 20914865.929804146 767.0317782010488 41005335382.7865 0.11612308820287917 0.999824706043188 4.382821575312047 1.9865119755409784 3.9920757976478414
0.0 46.567728167867244 16496047375.341095 -2220987472.239311 -295269786.13101864 4.737649620456068 10.236052718268184 37.70188594058743 56396053.541578464 793.5677281678672 64803766771.91449 0.08125457800295388 0.9996678506105666 0.24853960448775847 -1.294040908843972 3.868167494304024
0.0 107.20732701967961 21943805574.274353 27656609548.72165 23041480956.142986 -122.823722956462 -33.11528206836738 17.15902837534702 105953225.1381668 854.2073270196796 91534146978.7716 0.1262518916223802 0.9730762054315204 -1.9133461291836982 -1.8858141555767949 1.7575653985448778
0.0 51.34308971892676 13099834084.1391 20460620856.251686 -19839122220.65107 28.699272706993725 -64.85988899866788 -31.39963688692501 126223063.06475613 798.3430897189268 63588990492.91513 0.12977576222204495 0.9860661169053179 0.6584141729040603 -1.0741683584910695 1.1556156994801499
0.0 17.249048268683282 -161032847714.91046 -386313824667.9871 -7021737581.025083 -1472.044540790801 -20104.69863549161 -212.1075759604775 67159852.59193349 764.2490482686833 232350134875.12637 0.43594952440920093 0.9996418252837771 -1.4722797521328235 0.7549159055835463 2.131752646789177
0.0 66.0160217355891 27353647004.5448 14248892411.957062 -4148520715.662003 -471.19709300528257 -1380.7220511701598 126.91487963260579 28607293.12535769 813.0160217355891 64846017360.81625 0.1323084617555756 0.9998257259566232 1.0635379509337612 -0.7481389887343765 4.831567963771756
0.0 29.064294421302407 -75145832445.78606 28286850055.331512 -7102736073.647031 42.357571014450514 159.53195797470835 -55.84296276236614 48293305.38291186 776.0642944213024 36384743828.55408 0.3434801893137906 0.9996099542770743 6.040064112044766 3.181588801423417 -2.822097876571784
0.0 128.68273995260188 21680095916.381172 -4708209719.698547 1266190126.9883327 -22.084763772996666 19.414220785922225 -22.889135402888442 117110850.99458118 875.6827399526019 23047696811.8562 0.21052515220294943 0.999956670958752 1.4261790674921242 -1.0801702168739309 -0.1722311591289154
0.0 80.52277831696176 -16610963128.410294 -13873206540.244354 -47462140085.15668 -92.60299955518894 268.15354926835425 141.95539343537519 64468466.08702056 827.5227783169618 4249619616.7029724 0.10381800737543803 0.9607384652617531 -0.36636187507230733 -0.020202188363304063 3.161005767095582
0.0 47.573836567341004 -4435937392.894196 27768393645.991364 32777490297.26973 1247.7898824987387 -912.6743095466172 1946.2641267744539 92321813.80391347 794.573836567341 67471257909.64505 0.04537679481457443 0.9875466590396389 -2.3683017907614374 -3.4284418151162566 0.12595663494688114
0.0 16.982347531410937 32240458020.871788 -11427271159.998413 5304569234.334273 -127.07805903955523 -137.5910586511818 300.9079534110348 111637056.44655912 763.9823475314109 39392371635.11505 0.04738597005928595 0.9997856334485964 0.9537409223537625 3.055079326567751 1.1265339777367265
0.0 70.07242995157526 2572102137.835022 2613025279.8576965 903467338.0976949 -291.3791635318812 -78.26427245960986 25.164634538518612 56710311.2593629 817.0724299515753 59130960981.108 0.007507057476395823 0.9999922431701724 1.2339430838074712 -1.5199577923289427 1.0879597041255924
0.0 39.417582581420106 -13805913929.340729 -26574052331.367905 21072205379.31539 -11.814930080989143 -13.32103518880831 -8.922753833584157 75642262.75732346 786.4175825814201 51696174262.22699 0.2318771612895352 0.9901481646563189 -3.7199954349717013 2.0304034999978025 -5.043622921602709
0.0 61.83084521053331 -26600202249.517456 16681758116.04602 8262765320.00342 247.1238251833056 156.31443637768098 -324.2233488810142 76868910.61294954 808.8308452105333 47301316266.58905 0.09117984788295588 0.9997421315085486 -1.120306551552083 -1.1540371406773404 0.01712735340331173
0.0 0.3776400349645428 -53283641406.80137 -319972677236.795 -2904528098.2522783 49844.632725728356 -240.69003378451453 -662.5053486292059 18306880.008108407 747.3776400349645 61254044668.46304 0.003028682507402406 0.9997153739914011 0.7054639685054821 -2.2376300131391686 0.4410307802114295
0.0 69.58401457464981 -4344926720.721436 5971298528.098938 2058056353.2076244 536.66224395475 162.2871557813669 1034.644147346225 74366966.64284979 816.5840145746498 35486952391.09741 0.07045079810950976 0.9999339708685128 2.291723161985488 -2.484255854290031 -2.4589270575087525
0.0 54.84712565848804 -33849074282.85907 35724939546.74457 993302739.6733701 87.83133052715493 24.002705789866013 50.336815195515555 91505753.8313525 801.847125658488 48355400581.12463 0.34182061832670313 0.9992184275563901 1.0369215415300124 -1.5436010057946286 5.345117281560492
0.0 68.81135115515156 13781949823.911163 1713605696.7519226 -2101118233.5992928 924.5253550999923 -1459.231283724057 583.8698572649528 66566963.52258514 815.8113511551516 45131489754.47986 0.014729364372798523 0.9995113578111807 3.987581373044145 2.7842386406241566 2.3388573109855875
0.0 119.33632735909919 -5779773592.136597 -4103376277.6507874 15601700209.521559 3.918037234339863 97.40341820608228 133.80474366490057 89658240.89471835 866.3363273590992 80670086663.42859 0.01638587590127725 0.9923433425454783 -0.6317183450913127 -0.2318480870036373 0.23502657745445935
0.0 76.47310080797683 14333297359.295967 -25379870100.990753 -1557504621.901451 238.9698442289082 -167.29830924085127 -6.160867138184585 93747955.57563521 823.4731008079768 91136918970.90622 0.14130484200919258 0.9885569285834567 -1.1642318080762883 1.918904791550316 -1.7260500544287571
0.0 0.06955787125343704 -47924077349.51939 -309647551646.5809 -1045050356.3630955 49160.271202644886 2825.7211380631506 -777.3621658692732 18016983.4286391 747.0695578712534 43480294965.57828 0.10377884300276667 0.9995560017005396 -2.2133287521748817 1.1141369227795228 0.00725393221605497
0.0 35.54404588302407 -41061915118.82846 19914632120.570526 32685907212.76433 54.01602203860966 40.94403641832105 37.13211189562435 58917776.561808415 782.5440458830241 44263763645.428955 0.22765251083324053 0.9908975165646314 1.1941307278848678 -4.1074427633764214 -5.175146662977673
0.0 80.49389958171082 7241978268.921692 -9307516380.800919 -9985220119.560015 -43.65843456371658 47.235812476585124 16.979064366655166 78012767.8661646 827.4938995817108 22349870159.90793 0.08389674365840327 0.9883947775433599 1.1555038040655439 -0.8743997154692061 -2.0774442571660434
0.0 0.3527531461234048 9346339920.157944 -263868241491.49265 -1416043076.1575878 46316.48771574984 5299.284058505253 -891.5477298490259 21674204.188762434 747.3527531461234 41715753040.53204 0.03626041956228062 0.9994964897649125 -2.307372704444977 3.6728052755208966 4.282733867004075
0.0 80.37666464806239 15407297676.445961 -17907177787.99771 -14736740828.730778 101.45983120022356 -51.24813556027084 -142.9952014736131 124328697.25558792 827.3766646480624 127867497946.7843 0.11050003006096004 0.9948181465940953 1.1066678982108373 -0.29993725296974905 -2.9784141151883663
0.0 70.67192107963501 31435412251.093506 -8162938660.983337 -12127880125.277073 30.787786282286106 -59.962483216932014 -14.509872158772623 119470406.84719604 817.671921079635 88398725078.1207 0.0008813109626789745 0.998866198772529 2.3200463334419075 1.2587235807497643 -2.9188923591397953
0.0 60.10291537109231 -22681404567.49405 29992037022.977448 25070333878.573437 3.367847614503262 42.0728641891219 -31.466795937671804 125305317.65343267 807.1029153710923 87752918945.23288 0.19474850604819832 0.9888428950621329 -0.14509921919598812 -0.8096926987595763 0.618236764831696
0.0 65.24690641099278 4737632954.578186 -1539900375.7349243 -1690385381.862173 171.41448240083992 -856.6125171681524 1867.5700164655655 84333561.22023088 812.2469064109928 37409512446.67883 0.03708731060533868 0.9999780771387461 -1.0700538876684345 1.5521103034108346 -1.1581506317936379
0.0 66.08838725507769 -37880924988.702576 34453022114.50159 5627720567.909878 39.59241217624731 -47.96922502955567 -6.376691975004924 106193926.94587465 813.0883872550777 8932442448.780975 0.27004883876208957 0.9989410691178423 0.07887618634967364 -0.018778915093755413 2.733982677969041
0.0 64.90274325141024 7961466147.088593 -41027169.85946655 -1726260367.4080813 32.90445123171412 -24.467928875666985 2.013802620629008 81076633.40694927 811.9027432514102 56113605112.118744 0.02997350350874016 0.999972105094936 1.2514431734076503 -0.4545516421818453 -1.7608259440316594
0.0 20.406209922952257 -13183183423.785015 -11329670745.856262 -2293455959.885089 1209.541833933472 155.91625061834975 1524.6891569654554 42828733.48769406 767.4062099229523 50585069730.19791 0.17945999815089128 0.999203229321083 -1.3889736331692597 -1.6996937770658853 4.442640131933507
0.0 45.24787039552484 -329007636417.3415 -151210510109.01917 -984002008.8371931 10552.425749024365 -40059.94141984003 -722.0208974226647 88946530.8801471 792.2478703955248 93716297405.25864 0.030260860390957562 0.9994786662656006 -1.6628419638265983 -1.0253111020277248 0.6765647562290547
0.0 74.09652809816089 -2147047431.7973022 31503940811.961456 3369652415.4029694 1843.2173312485465 362.1628559321862 574.5194407909032 94829478.04726943 821.0965280981609 69511067160.52646 0.0471946021119178 0.9995652329029737 -1.5375599378828646 1.2640613326357057 1.1758025642309304
0.0 32.27965238638137 19648600197.98105 -26253618014.345764 -2106262151.183549 21.978598445975877 20.84438763543585 2.973872945725816 39884580.50333192 779.2796523863814 94442523360.10498 0.21952196195038617 0.9999549588283575 -0.1405537748318495 -0.14944325066321218 0.5036591404614896
0.0 61.06836549524735 2021130316.1326904 3849876505.1177063 -739362803.3714085 72.77264812615249 -25.895349007299956 92.6523998909596 78298666.51779224 808.0683654952473 49751472523.11456 0.018838906302332772 0.999999000295101 0.41694004979750243 -0.4302485177568835 -1.0394983997601104
0.0 28.324136412752637 -10039660431.101913 17179346522.874542 7311754655.751157 115.1720212171349 206.97516607741818 790.5192745969803 36604666.50023511 775.3241364127526 54737178083.10504 0.018524742368463465 0.9988114334902989 3.627046367327178 -2.9106159485357974 -2.506015911687751
0.0 93.3196704843283 -49997543131.31091 -36928801503.508484 5856852695.356428 -1.5780861354251101 7.255923122524109 -12.004076962583937 116087819.14832109 840.3196704843283 10904268452.609009 0.38275343426317837 0.9996216019355031 0.08154159908166347 -2.236758305337645 -3.4887701052862985
0.0 65.15450901955364 -40837674149.43945 48387498750.515686 4676346858.017075 6415.814313689505 -291.1274157218659 609.2966380363156 82600010.47082596 812.1545090195536 34784471644.25934 0.33005473589937684 0.9995508319415802 -1.3912521778025193 -1.385714874726628 5.897360389714162
0.0 73.50277581179864 92227598009.31772 -183488734923.19934 -10980507001.401436 5661.757034542152 -4736.65505296107 232.20786364955012 56825784.30020044 820.5027758117986 184956919317.38046 0.1894886987772818 0.9995395656894598 3.94278394650646 1.4747138593341462 -0.544815062624868
0.0 36.85322358744372 -269807447201.27972 -315501216538.6631 -6531487639.569039 19432.135920588506 -19104.251455550148 -358.1776218824122 45947688.68361194 783.8532235874437 132812230438.76123 0.14392147034185582 0.9995515020003694 3.915569175858002 -0.07774592626263943 -0.34189605529442196
0.0 35.78939781453164 -111235330318.09961 -32437498170.90228 3888567789.6462584 -2618.0179806040906 14508.749447731236 -97.69643450990458 70205237.30556196 782.7893978145316 95975898804.94695 0.0702212484732758 0.999899571162092 3.596505569230913 -1.0857769726608384 4.943377518635924
0.0 92.88709361422241 -3405757459.8097534 -21895064363.710083 22072053460.929306 -17.38462830678327 -8.021393031522166 -60.283067598556954 71033136.67857918 839.8870936142224 53846263194.92984 0.137103510257163 0.9723549098603846 -4.922297512807939 -0.23958340789835386 -2.8491982189084295
0.0 36.73411471058034 -3220143808.435913 -10954696884.94339 4831206200.781977 -606.2220219553019 362.4035615985267 -632.8640104136026 89008344.89590468 783.7341147105803 25411972538.687805 0.07582047652734256 0.9994352519881686 3.92271367960827 -3.668007874347007 -2.66069655724206
0.0 52.936585576833636 15451693797.862045 18188274126.28101 -2602302786.398525 -13.925657153706197 152.80116924558024 -61.984131838888246 52680383.12435211 799.9365855768336 57909615896.4418 0.1627579214497682 0.9994979932210739 3.7246715861830606 -3.695198090442358 -4.2049412728782
0.0 27.229821067914145 -38321250709.100876 17746711936.44168 -20324472354.48143 -5.383291694175568 -13.161095415885939 27.68477060289922 62563912.158732325 774.2298210679141 46232209608.303345 0.27237871707951955 0.9906652431060929 -1.0596232983025797 -0.6168738665089337 -5.877149860325603
0.0 19.444394144856574 43068586618.07852 14708900253.535324 -3823057092.17259 191.2671931135701 146.21764424106004 100.5733646381004 120525553.11260985 766.4443941448566 121223227212.94513 0.30172948737328137 0.9996546090737908 -1.901211166491994 -4.951066609873116 -2.9580450141894765
0.0 0.10994369603395171 -130069289181.3475 -212108162514.84653 3270985812.411511 42775.25100093612 -24849.116606178348 -613.1549648928083 29310594.84205494 747.109943696034 33548917355.62349 0.18058592514386754 0.999357098631022 3.2687181455288394 -2.5359024125440532 0.32209420224584173
0.0 44.80122436838974 -7638319513.945053 54666881406.20336 1700400878.1142926 110.7790447307998 85.61017478601934 313.28945664578407 42646900.72511004 791.8012243683897 43519780086.79758 0.38108718840394673 0.9995244193523154 -0.4234725443304186 -5.331417241574663 0.39788886612403296
0.0 23.297976407474835 40230826474.88608 27630284495.932983 -3260108965.625778 -3027.114161973517 3300.28660826106 55.88560323692779 22781811.737368528 770.2979764074748 51011380950.984985 0.23255482839390906 0.9996108099634073 1.0445983744924745 -2.036519523624894 5.5698217074322205
0.0 66.32744232845744 -65061144346.43754 58542364019.80856 -19066785282.11831 25.807436863309704 68.32910791516406 101.50974424276959 115342080.69733542 813.3274423284574 36662245537.637115 0.3836822648219746 0.9926348658542545 3.0257850463190366 5.691434899522619 -5.465427649508506
0.0 59.314343220379214 -25167977103.674286 9869597462.752548 -5655319695.5774975 0.6731013532728412 -4.342180446310522 4.457902756939234 98198489.4720145 806.3143432203792 78671750264.48578 0.08052727020659532 0.9999986192917996 1.4847984527288849 -5.1906702428446945 -1.664147875518686
0.0 0.7616159122828776 -418976863534.16815 55305698900.50195 6293273528.241935 -12989.38984623121 -35138.003053553126 -506.47051938039647 25934836.01829667 747.7616159122829 64951150381.37555 0.282329903360419 0.9994459495864971 0.7974828976419052 -3.6026199131062255 -2.4129215358332736
0.0 0.3382321024836301 85455850674.44797 223956049402.42526 7179078893.392798 -14024.613842679237 18825.56839076269 347.1051466951267 19458496.447657082 747.3382321024836 70025403905.26498 0.016169805205947935 0.9994990965801218 2.9342073151458345 -5.180213964863787 -2.514517008085898
0.0 34.97489642274445 13787049915.946716 -15846126674.79544 5487010933.220294 54.244438451332826 93.93529198343094 -92.87453331003735 64850926.81887079 781.9748964227445 67744581252.815704 0.12006024530089451 0.999999436817537 0.4801243721435089 -4.4898186758158625 -4.574485538756129
0.0 100.0802182681308 -1567642118.6256485 -110896975.77548218 -385409625.6825638 137.39650120568695 160.66750301985758 -190.86533930204837 87394999.61685826 847.0802182681308 72140271526.72498 0.027961304150550835 0.9999858698172295 -0.21812814540985437 -0.7000361615859504 0.6701184583103581
0.0 74.89799775236634 40181771822.14183 -1000052533.4982452 -30679889234.629246 74.57802511147747 76.5572236434673 33.90441807286982 118620720.3041218 821.8979977523663 115888923080.82559 0.15970995964516796 0.96819231721527 -1.0998867302747777 -2.043457783572382 -0.8686851568142977
0.0 66.83709115259728 -28460510561.599777 12121548731.46048 9525665316.20024 16.99171928427677 45.8940584859306 -13.808676973520903 114666681.46195994 813.8370911525973 53464084185.3154 0.2078034961453516 0.9993996716584989 -1.4530771122941768 2.272923587708487 -5.766018212406275
0.0 74.03125932861496 -7927130880.251617 23648800731.12027 735011646.9183962 23.881562598327946 -0.17922036738673341 3.0604667176485805 129033535.31714967 821.031259328615 77804897714.44382 0.06822861115219034 0.9998362104579326 2.3748951166354058 0.9657331596719247 3.4374573282413747
0.0 0.439636921750548 -262473481108.29468 233605603618.20694 8089986256.691974 -25251.307062446296 -14419.584410188843 -437.73476878943154 43361560.00819416 747.4396369217505 94272790016.61917 0.08414190050608136 0.9995666571990902 3.313460851656246 0.9412893027167857 -0.1045769365792989
0.0 15.262121650777544 -41483019703.58542 54155552936.33407 -7793033978.765289 3872.1471013744604 3948.558610842847 -263.8535483745477 57792154.6957866 762.2621216507775 49754746220.51128 0.18761906746627344 0.9991201849957775 -0.6925734962448865 -0.022388964825262564 -0.31876425384409446
0.0 25.058835670014673 53275453015.99614 -2060964437.9623413 24256694220.88428 27.39635634268052 41.78609875036659 8.163152279454835 50029298.303793065 772.0588356700147 17691137669.73242 0.2573969055715094 0.992531587540532 -1.586812540366085 0.37995475263568457 -0.5111318822098792
0.0 0.14864059853664457 12118535456.210037 -18681953437.531693 3428886126.514881 157.9181468260067 -12304.112766527265 92.93673443810641 30726430.535476595 747.1486405985366 13585300002.778137 0.29221075064770935 0.9995101363801413 2.2335348474588903 -0.8726512411618992 5.923969343691892
0.0 68.14605154612627 -52455273185.986176 63941575544.30269 17219624171.29772 400.3088194230004 179.93584772796385 -968.8177457464294 87275378.9065703 815.1460515461263 9085963230.60022 0.5018244635759 0.9999999634045634 -1.8051944969140874 -1.4731988378329512 -5.139158747845112
0.0 60.367792713132076 25424370817.17079 -10262645892.972313 -5360288645.922362 31.55071190167655 -7.172345938419312 -43.83682013717129 60094660.10777213 807.3677927131321 87355031339.04965 0.0010434392249213248 0.9995314610910478 1.6579020587761648 1.6795435716827596 -5.681364283475181
0.0 88.65953040460568 26425839730.10492 -12956177457.85791 15041682699.269014 0.38328243885189295 -34.22485781051 18.632180499658602 121021217.60631667 835.6595304046057 65617709388.26077 0.17386652262758798 0.9995196287777459 -2.934636851990171 0.5375459419298787 2.7624103038494088
0.0 27.114729255550515 -32745675191.76275 -21371631454.78827 -2767834166.2131977 20.149778105751466 0.6764936095460143 13.357160648626717 37029729.93711509 774.1147292555505 69241019692.78665 0.04315442888580304 0.999899942764487 -1.3199055789993828 -2.635657387872172 5.486344826782991
0.0 72.2401641554518 2573183802.591522 8581661063.145615 -1559616319.735395 3806.50513393429 -2906.348516856586 983.1211898160873 92971421.73771614 819.2401641554518 11223766542.470062 0.10401854399793184 0.9981649514323437 0.6227583841888165 -2.223895183271219 2.038571392995056
0.0 60.68048177937237 28879027841.082794 -7941267119.551132 -4360135680.163967 -50.307260794790636 11.55651355341979 44.075834997324264 46573939.369803704 807.6804817793724 99335204409.42386 0.12561702260291763 0.9996129254107616 -0.8798056009694883 -0.3242749031865395 1.4466034792319167
0.0 52.40971279461371 -21798447346.835617 -14774510413.069885 507443343.05402446 10.606939914603572 -26.7556388597186 21.356157871961727 120087581.9311669 799.4097127946137 121055479924.14383 0.13099326876997397 0.9995516491292584 1.5894793739538766 1.2977153943716315 0.5201351484570225
0.0 43.48541443578006 -18043359857.54129 11833040166.618835 5811445848.144629 316.81912964639196 399.7266094023471 101.10934644805809 84173556.3430632 790.4854144357801 80888005428.28494 0.09444570104820653 0.999543910018759 2.968772751191699 3.3144979025161803 -0.7208441984240128
