Label M_f Ep_x Ep_y Ep_z Ev_x Ev_y Ev_z t_t m_0 |Delta_a| |Delta_e| cos(Delta_i) Delta_Omega Delta_omega Delta_theta
0.0 83.9658973186896 -75823131.61480713 576608109.0368958 60623370.88399851 1501.6153409747785 2815.248885958761 610.9924060595388 127823801.8757472 830.9658973186896 69854508772.3023 0.11412330948287167 0.9996660875381347 1.4689862084730694 -4.272052647969769 2.5309145443740046
0.0 96.71401029850222 -22670576222.287643 19746635574.31909 3006723267.0205655 1316.6946684123868 20.301906907377997 879.0591291094279 92102698.59595409 843.7140102985022 55456316930.84538 0.2025728424240275 0.9998755373552999 3.9774585184310634 -4.200852402466124 5.308906991396
0.0 63.19201003343528 -25700975895.59439 -37871436949.501785 647116052.317724 3776.658287405491 7153.106180876217 -843.6337976690471 61118335.26206883 810.1920100334353 65654086584.83331 0.13344266602398358 0.9994817327006419 2.2302792306935384 -3.2672790962088625 -0.027166206622855515
0.0 44.77522515106011 196294026.5933838 921543350.8731384 44480343.40123367 2179.2966259553086 2878.588024958033 715.3251655116907 48341359.53080869 791.7752251510601 56770826991.58627 0.05057898620030089 0.9999568933565081 -1.3246398444698082 -1.0994738896541743 2.952549699869874
0.0 87.49788066957456 -30169816123.283447 28238828787.501053 4143794354.861342 572.3874102322588 -38.57659534121922 -557.7301472976606 110586749.56048873 834.4978806695746 24833946017.45456 0.3571230321434382 0.9997345841150345 2.1078583003817446 -0.5145898933256441 1.26792865250205
0.0 40.045330897231565 298502813.8456726 -83686482.2721405 93653996.53587341 1146.6551037398713 3192.4855848231346 1031.8951691837776 59387871.458398916 787.0453308972316 24827566541.83136 0.020522196224790207 0.9996363226871097 -1.8003122468423323 0.2932121369410774 -3.2233707403581002
0.0 14.379191085752836 -3196882816.385256 -3165084699.4110413 735931543.3633327 2010.2249789623093 6935.2894891622645 -5311.935045699736 34032655.68675329 761.3791910857528 68893876589.7568 0.3306768749406118 0.9869325852497104 0.10511622708845003 -1.1458382180177251 1.2481053174344727
0.0 77.06695657454395 342050494.1991272 -370413597.46681213 171465325.73498154 2285.4502183002187 1918.6132977776106 151.38050425700595 76054814.34658088 824.066956574544 76930466052.8771 0.0003559144722928703 0.9996844179387425 0.04530641614762865 -2.1759239121936886 -4.396578568892938
0.0 163.9739767903767 -254119940.87449646 904207659.0838318 2489861369.212447 419.439388505285 378.4792198255709 1176.951409393751 122518697.63786721 910.9739767903767 64888187418.62396 0.03666956348715049 0.9997495316217522 1.7710351737330687 -2.779197032168577 -2.588003679303527
0.0 22.780148677589636 1335663008.2058105 -2622734273.3385468 -101027532.08625937 2028.8253481827269 875.2057992766368 595.834634933077 31721451.1293662 769.7801486775896 54230286521.965225 0.1902359097449301 0.9999475806861395 0.17484625925033215 0.016408340220771145 -0.28883137823891225
0.0 62.41966129774755 -6576652995.130798 4576318896.525288 1544513192.87704 12.588353659707536 -1877.8262635389838 -117.05802077187354 99819554.9623782 809.4196612977476 94796336640.60117 0.17045622724601708 0.9988380724886178 2.3136104282945142 -1.2465047048739926 -0.1374288963449286
0.0 26.8407695629337 -2351175271.9604797 4396149970.341492 -220499909.31946802 9227.1414055886 6716.552319173579 830.7621462308784 21415230.239427604 773.8407695629337 12329127171.6698 0.4724267586593712 0.9995101601221408 1.7514600971549705 -2.191254645097866 -3.0583046215585568
0.0 0.5250654081515904 5634519227.777252 -200621818780.35074 -1397323762.12065 32648.05206068162 25217.022274139446 -742.7133983371314 24218262.858086556 747.5250654081516 81866434712.0309 0.16343936963601677 0.9995319423225246 1.2249847420786535 -5.22767374996379 3.8103192626650695
0.0 41.32909843367145 4126732611.6176453 -1519547746.4618225 -1417851669.425928 573.3480334560772 2184.0294546651057 31.796522117980544 34675539.97410123 788.3290984336714 72057329309.55176 0.21242320711253856 0.9996024160701463 -0.7887006703076387 0.44833543946636323 0.07964717998415738
0.0 8.656378979110173 11580569885.764526 18251737759.812042 847750941.2722049 51.45203969823342 -576.2978178077828 762.660431530106 21318971.63904733 755.6563789791102 33984503399.654022 0.011413513545491555 0.9996238987104353 -1.3546003410621148 -4.471585910214438 2.4506258310338844
0.0 85.79439393619873 1999043371.5480042 -14945611551.792068 -28637931674.177628 1.7852230259413773 -0.210219754386344 -23.469431031847193 70806753.32328635 832.7943939361987 78383931625.21707 0.02880955569655437 0.9595681377489911 -0.987791721600993 -0.4673537767120529 -5.859553651578704
0.0 44.341566933166746 -56911004.83105469 -1677837319.2129974 228400932.87515748 1955.180925704517 792.6815166739507 -71.98654082660562 37471718.3391938 791.3415669331667 59127225424.37033 0.14860369235597284 0.9999770355176777 1.838795296766092 -0.32581471901822767 5.013434367535789
0.0 19.992479269469413 -95339439649.09848 14729366899.475807 -5936538458.273855 183.56668992917093 8437.787867308143 2712.4039844999165 77172791.60091688 766.9924792694694 86917331166.39822 0.07486904377620301 0.9917751661165506 -6.218267533673792 -1.244037438021903 -0.7590970764004338
0.0 44.620862449942706 -88441003.55906677 1212006961.7246094 640688434.3815956 -291.61534290113923 -249.5829294032137 68.71942600975277 121736725.55189222 791.6208624499427 40627626981.04834 0.02527569262574128 0.9991591998580318 -2.413495042300694 -3.8272477893368597 -3.022411603751241
0.0 67.18499182469338 -587500498.9831333 1253979557.9017334 2599312808.782382 -1403.2719340990661 1300.5943950436445 1123.8256178477334 111454305.00684212 814.1849918246934 58864238818.41989 0.02192512664457466 0.9986531503105319 2.425179047731059 -1.322343161216068 1.9111446031114645
0.0 45.35847276437039 -21447099265.214767 43366654627.81259 6198672304.225885 1778.0697563587019 2450.643709465514 323.34501280894716 87969662.5180577 792.3584727643704 68114493929.24667 0.006553567789735856 0.999508347350984 -2.2424400953393766 1.6729313881981258 0.043926990588777234
0.0 76.27726423964407 -33107637262.909454 20520383322.37578 5000903832.769334 895.3430265662118 2082.179405810457 -195.96399730482966 97429496.8196314 823.2772642396441 88472938050.22046 0.030836699714053187 0.9995321993217047 -0.8666171164275975 0.5233705562426895 0.41749831462020043
0.0 67.05774517871646 -395957556.6473694 -392542099.964386 -445009063.1480284 448.7048190358237 -1427.5691757572968 -3591.086442779675 117019571.96712601 814.0577451787165 38737737825.2952 0.08117157848350563 0.9919925691277692 0.4035161661761731 -3.3485020047562317 3.1525276223918377
0.0 64.6638165173182 -21325232646.259212 -10687684294.035507 26531542455.51473 258.53841270136763 134.77481314134366 13.883872361034264 62312065.532334454 811.6638165173182 64752705765.871796 0.13946306087000598 0.9862216305450404 1.4004763939710978 -3.4009340719050276 -5.88676998233854
0.0 68.19027672601578 -6278611904.8516655 9801031660.352325 2888110490.68994 -185.9689613339906 1690.4888456654253 631.0232308877432 65419933.98126107 815.1902767260158 53915352940.53436 0.0691783963048576 0.9994632129638484 -1.8207161555014353 0.523824017598317 -2.2740334143327106
0.0 48.1447222569343 -21606121027.69931 43345262710.40271 -5142343394.299641 2308.503746707709 2072.0553546801166 257.60345651483067 93460098.33871728 795.1447222569343 60126922829.33621 0.09012664175745891 0.9991996951666804 0.2515870227933079 -0.45014951928307245 0.4025318094801443
0.0 7.9185306417756465 -8563571540.986206 13234781448.540756 710415830.7900717 -1154.329124359334 -1820.8605508788714 -92.99741866045726 95091203.38133545 754.9185306417756 67972551691.93579 0.08741172801188297 0.999992850988474 0.05064799712680211 4.2100337692046885 -3.1985255560102113
0.0 76.97776730163696 11592386662.989227 3465949565.383026 -1145313357.461302 -184.41548882539428 540.547603421237 -20.473606756293176 59036446.98907885 823.977767301637 77318130512.44135 0.05637200834919201 0.99979827010347 4.031550514703223 0.7821207550161235 4.093829897123963
0.0 90.66285735879808 -112800445.55667114 -31696672.498809814 39792771.97554684 797.0527849239807 -179.41378714657367 -110.4551555370166 86236731.63337825 837.6628573587981 52704987977.574005 0.08481283955800824 0.9999966445957774 -0.5024608416049372 0.008717996992930216 -0.47562564045059885
0.0 92.40284796919582 917716922.341095 -1260078434.0325985 -2354932233.4455585 -366.4484808251045 264.03232903053504 652.0029437612698 70794751.29169136 839.4028479691958 11321412491.440887 0.08443590233726506 0.9942504800874534 -1.3560239403282899 1.2269049089157331 -2.3146007263587505
0.0 47.7934098687482 -118008449.25671387 -768780988.9464722 160933358.96863627 5659.413903626661 -1829.7005128335477 -1527.4931946074503 51406010.51514541 794.7934098687482 44661067419.49318 0.18583141059234531 0.9989745067582263 3.503011342893484 0.08058493148164336 -6.031899548790445
0.0 42.562645612509186 -14798242211.274734 6066829273.35881 -878600504.3869038 2950.4543881070313 -3.580629937707272 232.17329827613372 41650460.085381605 789.5626456125092 43907116141.07782 0.1532054002243483 0.9999328110280506 -0.26913030535846194 2.6666719726238934 -0.2048923104824416
0.0 111.36735549919013 20177104.542236328 -21681396.584095 -85751001.99842072 1246.1997927589073 2338.5540928509326 1857.8306843026671 102930937.61320195 858.3673554991901 65416118132.25815 0.13244756089263415 0.9719739964262216 3.322946738456003 -2.614634239129628 -1.7702615378017892
0.0 36.86175923060648 25328068372.866837 25412531843.47426 -2315976524.828973 -1361.9219076766258 -474.04929919682036 562.5014431266641 31152989.68757475 783.8617592306065 61376907192.455505 0.18999676905452617 0.9994996733844103 1.1809607990104762 -2.0662305200393427 0.04895283244722126
0.0 89.58559644781724 -22151323787.42694 -10481888128.038204 4699301951.266826 -985.5083396900591 1546.6106466882302 272.40142321146465 112926175.5049247 836.5855964478172 107754377765.39578 0.13383624140686454 0.99959028888764 0.586530931434935 -0.5256262400378359 1.7572603282207027
0.0 38.78520201468575 -15628890378.991394 61227889414.401306 6191168579.977988 3082.941126180842 4313.020443868372 459.5161497340125 75211295.68117237 785.7852020146858 76076997420.56003 0.06875790613549979 0.9994863445498068 3.19355709053084 1.1372846806268713 0.12961849850546042
0.0 49.41682491542235 9268552703.023376 717898973.6636963 -9522024478.953568 1396.0029991341953 -240.4759343617843 6304.03946437408 64085744.27081577 796.4168249154224 63778990907.47473 0.14621667504972213 0.9639525711523694 0.3113417955339405 -2.0539807128411685 -1.1465322740251498
0.0 132.81045523556634 -3726955947.4636993 -4200526459.2773285 976814731.9881134 557.5180789414371 -484.8211117042083 -281.95142311137465 108410125.71443914 879.8104552355663 74137990032.88632 0.08699082071846352 0.9937996981344761 -1.0299670085757364 -0.026148795802042324 -0.16320064096804243
0.0 60.52936855917039 -25552934469.983887 -2118032244.1926956 -9894286557.846436 79.30027601071924 15.810652899930574 -44.634155575218415 127706481.45756043 807.5293685591704 101922476377.68484 0.05304447724600128 0.9985545805825381 -0.8894556625303669 -0.38762524883494587 -0.22182432859713996
0.0 0.06726103757546298 -37955312117.32474 25016056156.417755 15006149096.970356 1651.964638120411 1458.2178195068263 742.6731551696816 27427677.16609424 747.0672610375755 388791145.06048584 0.2913844052451259 0.9971722681070582 -2.163045201143646 -3.6745678663951913 -3.008452710410179
0.0 99.78550482031335 -11563982516.182808 -14264707512.04486 -827400487.0911145 -97.64537952309183 331.0377036869056 -124.71673587817233 88261401.05617666 846.7855048203133 86924101588.17776 0.11831021007609582 0.9999189897946104 3.82371997123059 -1.916719326539774 0.5548955246228977
0.0 54.49960819011585 -33074391931.928177 36867469704.908875 -3217317327.4226465 802.2636267168455 730.7016353760155 -1013.5874966321792 93306911.42394978 801.4996081901159 44218292891.998566 0.2868456535754793 0.9990235163485095 0.2835548367123282 -2.052101490073182 0.4254794518170715
0.0 107.2240836281353 -8666555667.213303 12221351759.941956 -1037035492.1492901 1083.443535577715 203.24133223742683 107.04609608136661 101234549.85283749 854.2240836281353 65903295869.31526 0.12058709817687646 0.9989556657804933 -1.6471115180218263 -4.5433383583647 -6.026737139587377
0.0 1.1368683772161603e-13 -9724889055.857239 -40864479075.11078 -2096073948.7933376 -3825.5316785609502 -4294.399264979506 -773.4210835213199 74455984.79242785 747.0000000000001 42761117501.88269 0.20644509609106668 0.9994394968784803 1.3920513263337564 1.866363703325381 -1.3136066764753929
0.0 103.32288964175757 12657529959.048355 32627763337.5896 -4886234497.697153 408.71759258678685 -30.70880707082688 1019.2638117860204 78268645.71882206 850.3228896417576 14618280393.54602 0.2804691376440867 0.9968837814036777 0.18288319736411474 0.1540417449580398 3.0338155718268287
0.0 0.1960695709162792 -322843606913.629 -13737292399.329185 5364268775.915078 4741.936674475871 -54385.71813999561 -419.1716967466829 41640731.55201613 747.1960695709163 53734925102.39505 0.02654975537681095 0.9994804763668148 3.9807076767275444 -0.2961101264916799 5.902958098960056
0.0 123.2275939242287 -1845298220.3388824 -7412811533.442291 1859093362.3100665 330.48999934241874 13.707888051141708 7.127981397233015 92455385.8405075 870.2275939242287 93992846051.47003 0.033510233258452635 0.9994436331494603 -0.3250895060074923 2.4474907301273037 0.6545126952869963
0.0 37.85116055530534 81921775652.19672 42391838212.65526 -5013918503.469282 -7147.497526346448 14644.069692751244 -127.71608067357735 29536594.880352125 784.8511605553053 46321676326.59943 0.21209983221774517 0.999406428506652 -1.6519593967987782 -1.5045554792568079 2.6770696711180744
0.0 74.81531677053863 -6223465198.155861 10182046983.72055 5730977180.716923 -154.18719556934957 1171.6850938238276 -406.72052044823795 118501079.85470831 821.8153167705386 59806956212.732056 0.16576563020894036 0.9993618606227993 -0.8179264820099469 -1.5143217266934665 4.453341080120685
0.0 46.38702777712729 127315976.85136032 6724301.581573486 -92031306.8926239 -4420.830971387004 286.7777864896759 -678.3970264744785 123467861.25376926 793.3870277771273 73184267701.89822 0.14350902100939866 0.9991926387611425 0.37662895221449144 1.8340527540734008 -1.046464716805506
0.0 57.034203674838864 1365252296.348999 970247020.6206131 682705335.9787011 -1278.719777554386 1384.8137864574164 -175.04869818612974 70286385.56867632 804.0342036748389 42248478651.739655 0.15522950827258283 0.9998119380363732 1.0998547306425437 -1.2333986673752684 -1.7470452064114106
0.0 0.08815306532142131 -351137271431.9456 50572212647.98393 7506612184.338404 -22185.3733594108 -29711.177697808347 -439.75850006441607 45191856.59668872 747.0881530653214 78278191918.90967 0.2923172198683679 0.9993317614944429 3.667249251943784 1.6190586439609256 -0.9142405163740811
0.0 43.558155092249194 3127289576.746063 19877683513.67227 25423280685.547855 1068.7459169293616 1978.4706820602323 2132.4029923496328 40401366.07409639 790.5581550922492 67296082574.93277 0.006832545371084103 0.9869291257140661 -1.0848457398651576 -3.534920865138179 -2.8760607512127674
0.0 45.27804967046575 -66808729.4788208 1773832267.895996 36048719.228595614 2556.814373746831 5290.319689811791 851.8735140438544 35624094.67514677 792.2780496704657 45423869745.8389 0.17147455710903511 0.9994951480019152 -0.5889776386989136 -4.114590100640364 -3.206857525351638
0.0 0.558646128379678 -368276043443.7302 71380508558.93633 7722201079.878861 -17115.717116857093 -39130.53603961117 -497.236695191794 26893944.133369867 747.5586461283797 18079677017.71982 0.21573744096416153 0.998944156776463 3.964863469800873 0.24860853305919056 -3.101285580552184
0.0 46.93535351593073 1109118983.0222778 264791732.98320007 -324073584.45116615 -697.7357300993917 437.6779944562659 -1173.511443166233 72035683.5161353 793.9353535159307 49121045191.17807 0.054605015782849674 0.9992038846207401 0.3777021229423624 0.15928569901447315 -2.37256747006234
0.0 4.470583270906332 -2367908259.2999115 -3979022704.330475 -18998977333.42811 2492.6827846880296 1827.2233190684956 4321.680485809519 52202514.51234587 751.4705832709063 50920434684.73285 0.2112341584201847 0.999212133081681 -3.523579337517934 0.30641955693509343 -0.5844209363022368
0.0 46.49444010813306 5351817519.224167 2128820830.7602234 7921417656.751152 -1654.2522964826148 -729.7766323293545 5163.940879504054 91128931.61116315 793.4944401081331 55690156601.343445 0.05819618286829048 0.992148210285121 1.2760389263513048 0.5616177312727859 -0.701295474551843
0.0 119.23714076886984 -15140297423.63198 8616347913.887665 738749413.0798662 115.41436839140079 304.7108869500007 234.54513311733191 115906086.53458302 866.2371407688698 70138384724.55908 0.1197537485082454 0.9997509123197743 2.6764367702155334 -0.07908825241632655 -0.6258264174401442
0.0 16.37248670536087 50286425612.58774 68614708222.552414 -4509979920.743455 -9107.90903820896 6138.252925162677 281.6910182624737 25052529.20086734 763.3724867053609 39774949656.12952 0.24999091067659962 0.9993780539918986 4.058779519787098 -4.115799412911472 4.9089877364824925
0.0 21.809093230034705 -94396557527.71555 47457515635.52438 8049174598.525947 -1515.0921020329279 6848.254013594782 -269.34025086203724 87135429.1725134 768.8090932300347 80753473092.75824 0.025266325117495325 0.9994693588846916 -0.9783896319605746 -0.13016421748480644 0.13852354659001714
0.0 57.221061765173545 -2543087253.2222595 14403103579.73285 1524249182.7297359 407.69161211364917 -138.33918933118548 -8.883025768969816 110620224.20325084 804.2210617651735 65801651509.780914 0.03667261512233186 0.999776488422199 0.16252512281260778 -0.7220220259923378 -3.5175131326089906
0.0 40.22035458662185 -1592778332.8378792 -5296808853.195251 3850408659.3836536 2902.981422641231 1529.6857001781007 -2858.607502157268 52583534.45905633 787.2203545866219 68855466168.47238 0.07111356499014666 0.9928114637987872 0.17373159869686794 -2.2815625283793506 5.564569138776191
0.0 1.503504422915853 51713927198.25661 -303248651455.89734 -1328331436.3069222 43679.969782418295 20421.62861993095 -793.3098514806456 18955694.433289442 748.5035044229159 82265474351.93243 0.056628252312467174 0.9994474792952932 4.2630333180571185 -1.1582020628453262 2.0224039249333887
0.0 59.264623187530105 -5341569405.780243 1496038921.7159653 719449114.3366222 612.7143091882326 -2358.6466451598462 52.71789923555349 105837841.3915256 806.2646231875301 97180328565.50311 0.031500634410399644 0.9999998373122149 0.15586987575037936 2.566649138415384 -1.4126306088877842
0.0 0.5561302051320354 -247260167531.9632 134495833549.20638 8585573908.998234 -15442.909003203753 -6602.604355630778 -505.1101834447048 41107109.45216409 747.556130205132 74066365021.66263 0.14118352481441013 0.9993636651195452 3.112480573201112 1.716952236942173 -1.0882189242342266
0.0 28.783350842867094 8768633952.2416 -10342827141.582352 -1132657543.7095869 909.5763743517018 250.35920030564193 18.434706951985135 27890727.5137359 775.7833508428671 49499747335.23775 0.19172771340184414 0.9999680139173929 -0.998570570944431 -5.057365597558249 5.552462228319847
0.0 32.0093380152822 456896059.52482605 674097124.5525208 -4962782695.692465 -1267.1792839737682 3758.3447333195636 -1317.9203354358754 42347575.076399446 779.0093380152822 47476469036.55179 0.037069928851998446 0.9955853825165575 -1.0980899252666445 -1.7599726353754226 1.9142237549484151
0.0 96.00964174660817 1152188225.9857483 12113307430.73172 -31118644449.26624 -43.56255263948697 -243.31288035001853 -204.95545904198536 73022041.21528646 843.0096417466082 40519898736.31073 0.0778371361389875 0.9449191317516856 4.03537930373882 2.2508677639694215 -2.2241578462379774
0.0 78.27423213762631 -1125734204.8703995 844159323.33844 -1309291603.669487 -627.4930546699652 545.0151838299944 -411.0401818410536 107497099.81492847 825.2742321376263 40493735691.155914 0.059230442371106556 0.9979076099905667 -0.08698733608331077 0.40838787764426804 2.4591963902195118
0.0 128.400897364515 11070758151.663658 3691261605.6283264 -19037448578.32151 -332.0258158053621 -661.6126181461177 -1292.8857099018815 117612967.14738138 875.400897364515 44580831181.75391 0.07349948634284884 0.976988160577181 -0.16595874601497929 1.642506025824384 -1.7052996362797397
0.0 41.96837235230157 126032098499.22366 -148136778010.1404 -9746692511.5017 12202.565818218012 -12777.849406569825 108.33872547743914 82007398.50960134 788.9683723523016 119050288885.57083 0.054040824218711606 0.9994812521768143 3.9959498326545013 -0.8549972409629176 -0.5211702615061241
0.0 62.7839671740187 3406784062.9168854 1976416414.6071014 -2907671190.098845 -607.489712706556 116.64865441470829 779.6350441655305 80046761.99079457 809.7839671740187 51184073327.941284 0.055599442753881644 0.9976693384391558 -1.1599200456398762 2.056373163316314 -1.57374857545627
0.0 16.580608516482584 -44434673778.46924 28461198701.6326 9720190854.750153 162.35307638388622 2301.3906035494365 -240.64854971106737 65363656.36976706 763.5806085164826 40108858135.88599 0.013405237407965787 0.9994073847221943 3.912623372499379 -3.7916535018490327 1.2275759609421564
0.0 91.73262798868484 1146385144.6488647 93877555.22529602 -930913529.7620531 19.71608311633645 217.5549488425131 143.44832709777523 107844508.86642691 838.7326279886848 59528549616.55829 0.03863283764747255 0.9999795564033827 0.4936012439613933 -0.7086185460806358 -2.3810654172472683
0.0 67.87642370236642 2121294204.8255157 2104120507.526703 614577658.0305045 -215.60740251207608 210.04122779781756 676.9704400702838 87406739.90565754 814.8764237023664 55271836714.63394 0.01928924297081603 0.9995623693512521 4.204939366177199 -3.804072378240302 -0.01740161682632413
0.0 10.885747162556072 -272071955.8154144 146126519.89474487 -230749297.83838177 -4703.830390776166 8389.420576550398 -726.4342224484994 54517078.15598021 757.8857471625561 29426942398.16867 0.17209116632940605 0.9997187454470008 0.824571071603805 1.6487103426151597 -2.11356869919518
0.0 47.41053917620911 4309904642.048767 -1138829555.9238281 307089393.3975773 -842.045031508841 -1898.2140924871273 4076.031440558727 89338196.50571465 794.4105391762091 33389323351.38269 0.046393622241912194 0.991151715090271 0.8005952164196104 -1.860400993490925 1.7353438656838107
0.0 60.524867401142615 186194024.08715057 -39801162.91595459 -290739459.8781681 3397.8612020881374 1181.4377926527104 2520.9673425201618 57199486.1544158 807.5248674011426 54311930094.984406 0.21835605878570252 0.9907221456941503 -2.7661256262586136 -0.5015823839984408 0.28802939899892666
0.0 21.761886571257037 -577834935.3540344 6437790612.744339 1641408775.101966 6266.547216872294 2996.6271857358297 628.8018721767249 20977880.743659716 768.761886571257 11082417878.471771 0.27273915110879243 0.9993754101833612 0.5133031898951627 -0.46791090719775125 2.936666627809664
0.0 65.53532249779721 -54452197613.29631 54256726078.5343 11149552048.22501 360.6290263698211 -48.872317566485435 515.0128126830922 84875485.60327646 812.5353224977972 15209478756.25351 0.4992581263255908 0.9988407256655425 -2.158494579884574 -0.6563635666238425 0.19360955358052045
0.0 4.667588649830918 2076168106.4115295 1482214864.7583847 107204203.43378472 1064.6504596618524 2747.364935016143 -361.0418694515571 58697852.47419557 751.6675886498309 40646548365.59955 0.17626391779023742 0.999998536962746 1.212561175636431 -2.141694353356743 -2.732356515883049
0.0 50.62016465709303 19983871501.61415 17129252167.019196 -679823345.4677908 1045.6692388572264 98.13630380228642 287.3565568032598 39549950.75246573 797.620164657093 47536469254.64993 0.23418000773027264 0.9998583464026396 2.0873583768504997 -1.9999506815442458 -5.921619355293934
0.0 0.3693203445812969 -109484919132.97287 -243816963446.20523 564839221.2872394 45633.060672028354 -20792.649357578528 -916.5556143808672 23700750.541516885 747.3693203445813 34153681908.19867 0.12826364292110606 0.9994942906077823 -1.872845084932805 2.6693394056591258 5.356138392467062
0.0 39.76360829189696 19966964326.166283 6563389782.439636 -2237588365.2321744 703.5221818781138 -6128.404037339889 321.7477011277905 51725297.720444486 786.763608291897 17512626627.382996 0.29031686015079294 0.9996911584584287 0.49586695470113673 -1.892614094429093 -0.10253877374387033
0.0 145.21326404145987 -485584335.9454193 5026200.037414551 -207563377.57079792 1107.33063645714 -38.4449531026421 -652.8391780562856 118962935.19640093 892.2132640414599 98035460506.92578 0.08716544038686111 0.9979837012667712 1.050700637270639 -0.5141367280305351 0.6886032089271077
0.0 82.4079009575313 -87273556.30709839 94307104.30815125 -716536416.5988064 3373.7097728774415 278.8917052675606 1675.5629485491854 103857968.72237901 829.4079009575313 2793782998.2281494 0.14184922071695324 0.9854139515877507 -0.523413469596417 0.2880346685758335 2.9131223149165626
0.0 85.2642907367707 -215613416.9220581 1751089246.5856018 1374598938.5733104 319.28165849959623 -2550.8095399813938 5404.036359323958 114365413.83014527 832.2642907367707 76033745209.65482 0.09285029784721663 0.9740655371797865 2.2263928057165034 -0.8791279756185165 1.0154585452196634
0.0 51.94704702434876 -219898285.36383057 984844408.4861755 614403583.4701633 -2421.282704909574 733.3314244566027 5220.404316385251 48029252.31159021 798.9470470243488 84948496632.6912 0.04278584364908464 0.9822351288883368 0.5717354760292581 4.191848092171789 1.993073334780818
0.0 49.052003650090455 5477589168.864944 -5146615320.31279 -3226061127.3738217 2191.0761869196613 1726.9522046428283 -272.11542361467866 49521837.855225936 796.0520036500905 60490881570.03525 0.13382503082534566 0.9995946089222429 1.311158700164873 -4.116621142597169 5.51434484537756
0.0 89.36117645090371 809714770.0063553 -780200595.348114 797175632.2187579 -550.0598335077775 1960.4738757495957 678.9254514919949 121246797.84762639 836.3611764509037 63225155830.271515 0.06473523527493495 0.9994206705158046 0.4167924782819783 0.5440226509578054 -2.8058258536947966
0.0 13.958413880118883 12364947033.373718 55647689156.37048 6048578314.8745775 1001.514990440135 -840.5848995013912 -734.0221670102062 41752611.13332312 760.9584138801189 11091721819.463531 0.38741101158448826 0.9992237004020154 -1.2503573762112596 -0.671600174249614 4.092865556764129
0.0 50.7598597656505 1090845328.771103 403475314.39456177 -1325272253.3661764 2402.99126578078 -13.909740968392725 -1131.945414014982 127559806.23897909 797.7598597656505 24312741303.90222 0.019786211736209758 0.9994801692897604 -0.6663453274945135 1.7555676195808507 1.9903800056247962
0.0 77.09859234316525 780152338.2344055 -150867883.4002533 62080314.014930725 401.57882957549737 4525.875123627047 823.0668730352697 124514480.52078232 824.0985923431653 93045693783.03442 0.3151324129140615 0.9946882294147642 -0.3958119242341771 -1.2610815998865625 -1.7172547933567959
0.0 47.678185562695376 3270880179.53347 5636960742.39566 1383951931.073082 -132.84566135242858 -171.42486640120296 -267.3516602985004 83502756.38538462 794.6781855626954 51146655344.5863 0.01985686548772206 0.9994392606659078 -0.3589648154275448 1.046461095899382 -1.2677188109836532
0.0 116.79645786092055 2896671201.2006836 -14074930057.25232 -1562008229.7677574 278.3837609436014 175.34647244714506 -353.0760373320177 112227868.9546097 863.7964578609206 79787341397.25793 0.0635264717775938 0.9986566624277216 -0.8440427550355292 -1.813253754650821 2.0215264147683807
0.0 116.79374380525167 112818813.13453674 -350537569.91748047 11609400.26917839 3034.066162250274 122.42288416393012 10.5299529116445 113944505.8414527 863.7937438052517 96291492571.91638 0.15560537023046714 0.9986636644411808 1.8649094692088493 -4.513270008349773 -2.0087770353274155
0.0 13.279624604180754 -5102895786.49028 36940688691.623184 3632117248.6481953 4370.051012428772 -1667.1780516801664 -37.632873188232956 53113774.77770227 760.2796246041808 31878325858.308105 0.22631916065954127 0.9996680521826653 -1.6748067983351427 0.029778596719994166 0.0011256952340601423
0.0 79.75674733651738 -31556608447.09636 -20896450115.37033 -2909774005.9560013 -1104.2504551749334 3293.786642473806 -141.8381641174292 76587050.4199028 826.7567473365174 86656685621.71683 0.02763729473840626 0.9999642151637925 -0.7011256006967492 1.0612777709545396 0.7878206899638918
0.0 55.89815389672049 540482759.2219009 7473252493.32077 149794673.89057162 2142.353550456046 4883.942194047928 661.1048086876488 43627726.36444276 802.8981538967205 55878026481.50824 0.15280511140016106 0.999665625911062 0.38075161868775764 -3.9950823961485384 -3.2544486846597334
0.0 68.5842942558254 -193739662.7529297 -117642490.38781738 58495967.12493324 -428.190946341123 928.569339691694 -1103.575193531949 64485511.35186856 815.5842942558254 32117113143.244812 0.0805444141767675 0.9967183328156543 0.047523006463370265 -0.6374393980208208 -2.7104011346981025
0.0 46.79004558319673 12703216188.593887 40532548054.47967 -4043536745.2117605 309.7861530995997 -312.02065815724563 156.12576341486394 45593636.54396147 793.7900455831967 14089160137.609253 0.33731860012340237 0.999850235286337 -3.107844939392778 -1.403206064661025 1.2471367274578466
0.0 34.984423728924526 -39610313367.830215 7175658488.877243 -53073936620.96282 773.5689593065163 3998.5151334370676 -1948.436819708108 68410045.67494659 781.9844237289245 68950320208.9443 0.10237297177403405 0.9478707351933167 -4.045262195813747 -2.419829464936543 -5.8869831711671115
0.0 29.79931801748694 27957755237.60605 -166506520402.75153 -993162082.2849258 24728.15059672206 23426.076017454932 -604.827098354064 29029758.51342147 776.7993180174869 79203315605.18799 0.08322352180067907 0.9997027676525443 1.5617465634213996 -4.4737640451449145 3.4523648594969965
0.0 59.47124808746969 -11387165469.970032 -2726115890.1036835 13654160648.038975 634.309016811716 -1314.2765679703334 -269.6572889562597 94764936.35661438 806.4712480874697 104755261491.37311 0.04167801497472404 0.9957711340926941 -1.372931024599964 2.9604298548625576 -1.567667444733467
0.0 88.45130367522427 8063941978.9418335 23065015854.60802 37133696110.60614 128.63930194336103 -115.5118309506106 42.344692949021976 84321863.38086301 835.4513036752243 83997938479.41733 0.044995684865179214 0.9805043332515618 -2.5655436239718536 0.07517227879259836 -3.303984086491874
0.0 42.16241118025198 2259637291.861664 -4706563697.674696 2045219843.29152 -2827.406497421527 4100.3774926979495 2565.6158247128155 33083415.912357833 789.162411180252 107260980598.53497 0.20872863633176442 0.9930393003492402 -1.1768409244777474 -1.0836513753796309 0.8461392153165753
0.0 77.433188226104 200698203.64656067 -4085426889.722595 -62195175.27713108 3877.4635656339997 1049.776898260713 -446.8273381435281 120084343.784092 824.433188226104 86839086453.7616 0.22521510611612067 0.995595113987687 -0.7047050284621528 -0.45235403773276595 -2.524939774447381
0.0 55.994827085765564 432590781.7498932 155162979.82608032 -292418660.0452564 259.20076201665506 -149.17501966943018 -1758.512070390884 102465284.7832732 802.9948270857656 42326120574.00833 0.010130294877085305 0.99768999575354 -4.395127856980881 -2.182083283110299 2.1367936120748463
0.0 32.81588031088472 -6783448464.41684 7154699051.097168 -364782651.15307343 4943.876927105786 3771.402188060478 823.3796544354435 26020354.07692401 779.8158803108847 6714331405.763458 0.30672058616298103 0.9994026140675502 4.1914887751879135 -4.158871217988405 -2.853004144020068
0.0 51.128982096546565 -2571797383.747452 -1059548985.557663 46282298.916673094 4714.899498679399 3812.667875273097 -1160.3783606317452 66246097.525212124 798.1289820965466 53887156030.22174 0.29520719614771934 0.9994799163685688 4.419626491949096 0.12550033475444966 -5.448999543082881
0.0 45.540530357029525 -4145048158.754944 57335662923.59761 -4065395593.3996067 215.33835524959204 -8.489396683762607 150.26615705470908 100939099.2225233 792.5405303570295 31057995083.381927 0.33885474449420433 0.9992239595763593 0.8613101626139743 -5.636044982333731 -0.0017089099920237771
0.0 102.80101611982718 -137402981.20661926 -43281392.774902344 163927430.7205639 1486.028626015679 -1212.6552675788826 -1184.1265079437792 97455607.8850053 849.8010161198272 105483284661.70255 0.09128328817559517 0.9899557047097817 1.4622303754333155 -1.123277630784287 -1.5601692862495766
0.0 126.80883979840746 8436981115.316208 -15683766575.091599 -21618558765.817154 709.9604857111444 540.6736532950144 -50.63943132699262 126442012.67763418 873.8088397984075 109104117927.0575 0.2163755489111809 0.9643883073167923 0.9554425022429215 -2.1571233550378857 -0.9958094209093445
0.0 62.037917195668115 -3213705037.3617554 7214989848.06485 22922002493.129383 2081.1366847843674 2837.645781595593 8447.770732888632 48227766.79337724 809.0379171956681 51434646426.71829 0.17494825711431633 0.9380666740613428 0.3027072006329216 -3.080734833436013 -3.2639836884713898
0.0 0.24786117657413342 -348948362851.7369 -21324005190.717285 3180139043.063632 -13375.302354323685 -26115.349553197422 -545.8028148060721 47380471.434855804 747.2478611765741 101466837540.2208 0.20578371052006383 0.9994815526727581 -2.2621222724612586 1.385097252842706 -0.8820242314910806
0.0 60.108759881090464 -23442248939.561523 38246729848.138306 5440161422.849998 3467.11532556788 2755.7070745093224 56.38153116168874 96261693.91002138 807.1087598810905 67676353758.894165 0.06395137254339398 0.9994832370103779 -2.250674556357689 0.710068178548855 1.3892892212591266
0.0 81.07337364968885 -131725138.8096466 -82300953.15899658 48795123.45328951 119.54183424402072 763.2796635195245 2816.7374602280415 106959803.34482813 828.0733736496888 49559708715.21994 0.026618536572763946 0.9930253209786502 -1.0697368733628938 0.8090868684532388 2.502253813559455
0.0 70.9848059261941 -677895761.4632034 2227675781.778137 1891601002.8988469 -259.55305428984866 209.21464386364278 250.80389368430852 99712426.42220426 817.9848059261941 55839353729.67578 0.015884855646629385 0.9998962135425505 3.837291073690146 -3.5473904201613715 1.7370136729222425
0.0 61.58003879832859 -55435197411.52716 10101777422.427498 2347847404.2420387 3048.0796428176145 5515.2791232186755 -507.3500776359277 79907439.49443333 808.5800387983286 67160098195.26816 0.1448996306532555 0.9996277066261715 -0.1030636947802469 0.7060650102007042 -4.962208253630086
0.0 60.68428864988903 -1077411483.97052 -149072930.60681152 425971438.2314944 4757.600240244772 8599.238948158978 1597.7471832094202 79337290.38508321 807.684288649889 51494291406.49957 0.008747811245404802 0.9974899313717442 3.7616058297241 -1.4977438895590498 -1.7905174347268613
0.0 122.2623011661426 593541001.3377991 4759437049.334404 14950729173.884232 458.53837123504354 1344.2518033581837 -1534.8364414433008 113752820.58165295 869.2623011661426 62368533060.26898 0.02081864316183442 0.9633745648826914 -4.786655036431851 0.43919736992712766 2.663837785949141
0.0 15.140719718924288 5470988797.063385 -1941492530.004242 -170716068.39217198 1434.3367041811325 1727.403231659082 -1138.3163644299452 62673451.161381245 762.1407197189243 52456626325.48871 0.18450227497324242 0.9995015625036484 -0.07953644722832243 -0.8336133682164268 -1.8727197081308422
0.0 73.80227189811012 10610868691.46585 1766985264.5607452 -21269217758.55282 258.8964788988169 -213.0082711979485 -149.45948411227732 90409897.38737993 820.8022718981101 55714278376.42227 0.012915966486074903 0.9999581025731203 4.139685599776873 2.4848596333864594 0.9784131252316511
0.0 62.892820095255615 -1687932727.6226501 389891337.91119385 -243993686.6733303 1707.3458162167171 292.99252613758836 495.5278075577621 68679172.70848686 809.8928200952556 24293962356.747864 0.03630226737053133 0.9986168693361942 2.7184645847356537 -2.1897126074757174 2.053157442557681
0.0 90.80387131611064 -4737591560.797188 -11800276512.917633 -29966953994.34668 53.411284500016336 41.372054725319686 9.179945807819081 69167204.22657079 837.8038713161106 75318599046.33762 0.07541301919280395 0.961491898905823 -1.051830035573704 -0.5896888551787598 -5.716878945908594
0.0 57.67232646994137 -27069189232.797302 -1314941832.8442078 -2945393713.3018703 6.7152470207474835 60.41087436921589 13.692328529100052 97269847.85860054 804.6723264699414 90696414833.9725 0.0913531366623358 0.9998494272827155 -1.100237156921771 2.0553950036976447 -0.9345893016002949
0.0 6.119245737872802 -2124598470.1382446 25877654723.933834 2979127926.8022203 5981.584541821881 -2593.8319481594663 -1535.0438601711803 34934116.22388396 753.1192457378728 38330007179.47455 0.1889893522902361 0.9998831025398729 -1.7922985035983112 -1.0707465903068667 3.64958011599417
0.0 73.21311820835263 27314413.539108276 -124434669.73150635 -301386041.9252666 -410.1898923736044 427.1809083499684 693.8896319021899 56371526.215989985 820.2131182083526 60506309234.14322 0.014098218705104762 0.9995254537700866 -2.27726312056919 1.7780056478669675 1.3917666292895925
0.0 64.46016729752341 -1843225295.8390503 2049991799.1985474 452228316.8047919 -565.0453884229319 -864.4417684711298 173.67254678465704 83692432.63172582 811.4601672975234 59126581808.90637 0.052185711931074685 0.9994794908169958 1.3403448681953638 -1.3200011761727801 -1.8614332637463469
0.0 104.81269159087151 1893809545.9201508 -2013821602.2786255 -868340514.3540602 1968.3673164224856 2770.8893840321616 162.4718527590613 115854841.90623355 851.8126915908715 105131059794.70404 0.042855236919671136 0.9999840616396419 -1.4527508308470174 -1.088955385893902 -3.548029429806741
0.0 33.030607228794906 1233572810.2036438 -1839500317.8577423 -155561684.58014297 -2517.3986994524594 2475.3352057931443 -147.743507825236 43632255.198042676 780.0306072287949 67566348246.980774 0.155999356929105 0.9998254058428632 2.0158857441927664 -2.9879647737141037 1.3466685366988131
0.0 108.37081279251186 572713380.8139038 -1229628463.64534 89459679.5732832 377.74099291718994 2739.7081643647834 -51.60157247530833 103962230.83451334 855.3708127925119 97377363605.4896 0.020221305687890975 0.9996329797206441 -0.3383413570137793 -3.9246770973423275 2.316152087775042
0.0 53.701712143664395 -11592813669.77568 6301085139.167297 3344740623.984095 -2047.667521347481 3028.6317490743695 741.8056441776635 70003219.49291405 800.7017121436644 45952619722.970184 0.1213387392856296 0.9994635912611574 1.4879340943945718 -3.003630817820383 -2.1129495495966077
0.0 44.40412235507563 1927532609.2219849 -847984012.0582886 426758843.8484297 3038.5329966021964 1477.896943760084 -6075.551525305325 56634882.520584576 791.4041223550756 58846894541.378265 0.15493114393967655 0.973694952497464 3.513689494060799 6.006612706822583 -6.044063613065028
0.0 19.119974781038195 -171668368730.298 -130763787740.20264 12060465627.583887 -14348.77766246636 1177.068032909583 992.361011522744 73404791.14430293 766.1199747810382 125124077122.703 0.2162290333325043 0.9974707473979263 -0.2328244164351383 -2.5996618626261085 -0.8126912249878353
0.0 98.07020880651999 -239041819.4409485 496758869.04977417 329042577.29325294 -1190.8390121720076 2153.3295248479626 7244.2824951422435 124904434.01640643 845.07020880652 59917267335.36807 0.020113963465819118 0.9584533757956986 -0.4381297606318588 -2.117071658667255 -1.1399918849176682
0.0 82.0220489171345 -1634868616.9493408 871772576.2272339 -213579973.45246983 -744.584924851275 8270.76101011255 855.3202758625787 104368591.19046889 829.0220489171345 31928400038.70761 0.09941202704223193 0.9993524975127719 4.675195063127838 -0.18974081789044472 2.2298678456114485
0.0 88.66980494229347 -227999757.8038559 281241329.7190857 954360646.3751335 -551.3038947281202 879.162901955091 80.28140002733312 115411544.2339111 835.6698049422935 46281581729.80597 0.01886190823358931 0.9966534344814644 0.42242650452550445 0.16977044111015416 2.6863877353069534
0.0 74.98376917850544 1011996749.2838135 -3022091164.633835 -1256433789.4807825 -25.909578613425765 -15.635203936592006 -34.88754184127643 110560658.23366107 821.9837691785054 52601828890.26727 0.012599389255541944 0.9995094994131795 -1.5596799793561877 2.098159278868728 3.9407909098870695
0.0 9.565390774884918 -21330103043.81775 98630984849.5142 5119351415.10456 -5412.500969665143 12825.066298488553 230.48224068313928 37244415.30305096 756.5653907748849 38295606038.032166 0.2927432474548778 0.9998071700053711 1.5204344796798408 -1.438120074370366 -2.348826162696992
0.0 75.08880753508981 639791474.7632599 5535288656.338196 515635773.52162516 115.93488660287039 673.063532051674 701.08294876555 72058170.02304082 822.0888075350898 56887870438.18863 0.05298209674320703 0.9995664672955134 -0.23869736219372895 -0.47296543841192257 -1.3937194025168773
0.0 82.9603699715459 -3943645650.821579 -1545757178.0780716 388748929.3219005 3248.401686487614 -1892.0170463010945 -1070.4582716341886 115387412.9831042 829.9603699715459 29924163048.208282 0.2772269926554753 0.9992111741920391 -1.722853634389251 -5.182426531288411 5.804610370549738
0.0 0.5054716252262779 -41459303680.860886 -6109522259.839935 2515677814.3162017 177.98675450245355 2017.8242048004904 -760.8038892055923 34198858.68342177 747.5054716252263 61270886950.2272 0.09412902456030808 0.9996089019453045 2.0297594106840426 -0.511665487657615 5.581654002309757
0.0 27.727323389607363 -18711612053.261887 -2369454885.8464966 107801808.29824477 1943.3822329067843 -232.57079178307322 -366.50416890319036 36558077.79298897 774.7273233896074 50466196508.64287 0.040064384940643766 0.9999449728250297 -1.0458852287695417 2.8243128294632474 6.03576935163244
0.0 26.54814247898173 -7183676470.60199 -13371535759.532684 2627509847.8566337 122.05243639575929 -40.55424870448769 4.273939803176793 23454034.28751342 773.5481424789817 67990010565.86449 0.19517531962552537 0.9998386645504214 4.649283951776285 1.55177420663186 -0.8635268015910786
0.0 25.66829374751444 2627573522.687805 1396458977.7227707 -30449539.37618637 1088.2538267007867 2340.74091198888 425.0806722648481 20284908.351532046 772.6682937475144 65067602438.770996 0.17506421137813433 0.9998908726504074 -1.0669163922106901 -3.7367966880815096 1.791029714486137
0.0 18.301969094462606 -6484338016.9646 24324408338.802216 -55234585691.99495 93.13013642434635 97.33004466339116 -28.657851473816322 24991016.735877115 765.3019690944626 44197532390.97168 0.1180296568535561 0.9550742593888558 0.5486540845183094 0.40652282886031577 2.8078192888030986
0.0 93.69796575322482 2253154697.056427 -1049190776.7182083 2159648344.9004383 -661.2648974895114 2314.99998128054 -758.2602592732567 77476533.9681401 840.6979657532248 57128001492.022736 0.15086460352888842 0.9891647509130094 -1.0240536843577472 2.6687604362314206 -2.6855653281216356
0.0 55.21873037512751 -42480576691.48883 24321789363.473328 4909567216.182632 2438.150273482943 3277.972765002756 -472.656496702778 106159221.97307986 802.2187303751275 52622035194.92963 0.10308816815113948 0.9994751423374418 -2.2872404064515526 0.3004744551666927 2.5726349558079558
0.0 77.12790999903541 -545222154.0154114 59253147.61811066 336458783.80720425 2166.582672174397 -1851.5697706728388 -4089.119377682782 126455083.10114804 824.1279099990354 94446568993.14941 0.006093771532869982 0.9783360066833768 0.8110163161921551 -2.658491749343872 -0.5490307449945702
0.0 0.5033928229006506 -207906140616.3958 -265899496201.18365 1834093492.7825952 46287.87044152438 -23848.324608092124 -750.91602355357 35860453.643675394 747.5033928229007 80530496947.4834 0.01729004083486562 0.9994791024073234 3.981846818903891 1.006438258008304 -2.9818645404296533
0.0 155.62971089176995 -12081473779.058502 -12412395077.52092 4985653640.089455 371.9112182734207 -394.2563075931248 -206.21918942697266 125362308.74405482 902.62971089177 131132904573.98166 0.19414577867185004 0.9965164946142061 5.118814495871563 1.5397949226415906 -1.3261855832081642
0.0 36.32113073830226 18912016433.552704 15639502087.897034 -1900662535.977902 726.4959089177537 -440.4642639025551 631.4553106936276 30815050.99242669 783.3211307383023 70637922193.84067 0.09446845242880836 0.999482374562401 4.003476142777744 -2.1273948679342345 2.765611186875366
0.0 75.27332467910992 -1126286288.7741547 -1489942510.085495 430781826.3377919 3248.3611621079326 -2163.5578695468284 -517.1736259995068 108885915.95066121 822.2733246791099 113325071481.86905 0.2511834066257899 0.9994589081378169 3.7330860577176423 5.1412097315680665 -1.0211512436544465
0.0 19.974536481497353 -22776441851.35669 4941028213.809906 -2430688571.2292323 617.0511148257319 70.61099574299806 269.6369758938575 39247062.468516804 766.9745364814974 40608703036.1716 0.21696116956381048 0.9999064547155567 -4.490075258777089 -1.926964006695901 1.1052546675882404
0.0 44.24411237174377 -11203563080.332886 3790718600.841278 4325193022.414467 181.68798386442927 -853.1328529576858 519.213105690417 85756215.49038899 791.2441123717438 80143418966.54117 0.05683520728199998 0.9998456890842498 -0.8363989782788358 -4.53994038333343 -1.9373708537945478
0.0 114.1720100426835 2316158493.3995514 1741314015.8215637 880758406.3664427 -1609.9224389899464 2517.5814525425376 356.51572369529686 121288236.50422238 861.1720100426835 62537146833.77573 0.1303186588666792 0.9994493530402372 0.39022767968507266 1.9155777929048645 0.9044610905638835
0.0 0.5436959406038113 1343643558.3599243 -2212648899.801178 -25327973340.441853 2047.1217993108403 873.8165498321378 -8795.597619678112 47038782.08216975 747.5436959406038 54758044333.695496 0.14587670576504222 0.9693900254206044 4.853850295506001 3.9106877688781427 -0.6813700983094177
0.0 63.75577590376963 11684828060.73404 1142615100.6349335 37118203106.15559 47.550038828545894 -6.1566227789153345 -172.14479911642195 82634660.92484151 810.7557759037696 59460357224.70941 0.08447902734170842 0.9664823951882466 -0.41849543896526376 1.4881461060705514 -1.5937266853440062
0.0 11.472527878948313 -38184815279.60605 6577834135.467346 7388524702.097798 -818.0667986328626 2166.7798293520755 -28.679623619661502 64243878.65805065 758.4725278789483 33543757802.021454 0.12449346716879783 0.999551007194154 -0.5616523510912715 1.7441965017696373 0.16471122736618107
0.0 87.90383536809111 45959462006.87093 -26672463231.57625 -2976319205.3334126 -4837.834635275409 392.40969537565434 -912.3822086805052 65018646.7697993 834.9038353680911 4220680762.0391846 0.3497377645081116 0.9995051583726415 -2.474612936746737 -0.22647038142823717 5.2525429602178795
0.0 14.988425935368468 -59196829420.127716 26382680049.454865 7288608080.168747 -5983.420564680648 5677.636264453242 -236.2799037373607 58030254.56992207 761.9884259353685 47923275325.01044 0.07362367046262304 0.9995188631062352 2.1892830948199116 -0.2400747326571933 -1.51918013876816
0.0 0.08441844266360476 -25258020685.62393 273526090519.90228 6492635646.081948 -22660.13946215964 14087.677323222242 262.5501822288255 19901619.41274806 747.0844184426636 16183254447.76709 0.22398856951494966 0.9996278105865324 3.029086796463485 0.9625005961096447 -2.7567060642450105
0.0 41.68131794554063 -7693634287.303261 -34543284562.271545 -4129069327.468692 -147.3882042525329 88.5391113052965 402.63964014607836 54743829.933836244 788.6813179455406 89277787296.25304 0.018882328508387267 0.9997559180430267 -0.9638883505594134 -1.3817858247936408 5.544610176201913
0.0 82.93919644859261 1581367589.2138062 -8849401310.446686 9906240060.524908 -137.05620826250743 142.7564623188191 338.45294146412505 79392678.15322676 829.9391964485926 77089705162.92236 0.05956185881219299 0.9960261598858533 0.29213935243666667 -0.15995051973093988 0.2305956238153808
0.0 67.37651557913568 185331962293.64136 -75196350759.56303 -6863285116.936998 16713.623265619237 -2881.919853091513 284.3821830129786 86605390.90089779 814.3765155791357 135996893347.43088 0.15112476528880303 0.9994919251033005 1.2746269644619261 2.4396711482996705 -0.6393924327251018
0.0 86.15093999760313 4253682054.3953857 5596322273.523575 -775418393.9501851 1357.525683576076 -344.3262314229105 189.5841136208411 110099035.48519666 833.1509399976031 58125614950.874084 0.06187981737094225 0.9998889503092653 1.0099573783943223 -4.426438673516227 1.280699853044548
0.0 0.4385377056011066 -5006701507.737267 -10754678631.358276 5003152255.72551 1800.8780073406597 2611.7243171368227 2949.517909333751 33826611.08143273 747.4385377056011 63399008046.68237 0.22816314154556416 0.9947589617571269 -0.20539233616287045 -2.0553601916966944 1.8794321432733223
0.0 57.53182100021036 6351390337.910736 4360129552.411499 -894556203.1465027 50.15344264982741 81.96673488851593 431.403047744527 81887382.66131634 804.5318210002104 58428718882.9834 0.021487563609372734 0.9998873026152532 1.2686271718956317 -0.47867882258110456 -1.6531695767569266
0.0 0.48084335291264324 -329126740829.2698 111783920219.19481 6002292473.031758 -26567.367512939665 -42472.474438885714 -42.910946513376956 27796031.053273324 747.4808433529126 30978541054.756927 0.3219160495324972 0.999602903453915 -1.9138429090399411 0.8317157089362424 -3.749599489036689
0.0 51.913153009838084 295178617.693161 -5732646.296020508 -316117932.8623886 -4.0099866372365796 3846.918069113699 -992.3626391905466 67083032.31375246 798.9131530098381 22642438566.89044 0.1716371903104017 0.9997216909859781 -0.34773709442866185 -0.7459231301615277 -2.5824723107191057
0.0 48.11261401337151 -156718414791.85974 71905201709.03923 6929658870.6510515 -13001.173396326883 1984.5107063026662 -483.0506604302593 94342568.59186074 795.1126140133715 85486786134.2945 0.05632922333161869 0.9994915053489704 3.9957582652006054 0.48353613375970084 1.4735569445862928
0.0 85.60357515746455 -255589211.33852386 -12474938.066253662 -30301643.615135908 -1942.0097394022196 -491.3861803689979 1338.9982250458143 124416589.1361721 832.6035751574645 32251621307.260956 0.12758682065739335 0.9997810194295763 4.308880839494341 1.1234034915075868 -3.5358275786941618
0.0 20.260349626795687 5856144851.250839 -3049284408.020378 5977671072.966776 1626.3866661267584 1918.177840559034 4325.442028217262 49907628.247241944 767.2603496267957 63676144126.29776 0.13112350053836128 0.9945023391679798 -0.7553193472384769 -2.143699658812063 5.1098438020121515
0.0 110.17144449361217 10771686115.209908 -21357702753.279373 -149552048.64490557 233.55435486011265 60.20626608114071 -15.506349776916295 122915765.50230125 857.1714444936122 99563731309.38593 0.03081384323101534 0.9974311807588896 1.2986739170986563 -3.1127003597860914 -2.8400221017149234
0.0 106.24693187616856 431476641.9458008 -109321216.68429565 912052654.4496355 4140.048845764941 -2413.50454222408 -192.88878786935715 101017887.89890324 853.2469318761686 119749960009.98355 0.17485605263896734 0.9995030342112784 0.09686503808987357 -5.25340093868185 -1.9166268776085142
0.0 37.58262422672033 21688985827.65793 35119121112.11761 4760198713.336673 244.06222002155482 -205.77842276230513 -196.35467243719964 43456125.2786054 784.5826242267203 22269263965.282593 0.24768797777768198 0.9992687722168228 3.2171147628725745 5.742115707816314 0.23359501047228548
0.0 45.79973802494021 6773965133.550171 11813488322.921112 -31046081035.408436 -45.48927944000752 -214.8924553168108 -232.7375059804965 90088339.7408619 792.7997380249402 59941956580.615845 0.030899713493086057 0.99820029624343 3.9730131119351215 -2.0595181318906866 -0.8642737847598353
0.0 137.20152473033988 -433656462.5354614 6337927.137512207 375579400.6007459 -92.29342121260561 -31.18024013121976 -25.265070673855348 120500883.52475262 884.2015247303399 75630442543.76581 0.05889686727032851 0.9999652327403118 1.6572980632425356 -0.686862121049373 -5.291625869056224
0.0 87.79444968669839 257733288.20610046 1059460804.3200684 362189049.8895607 2757.4769243028823 2133.138109851674 6486.84417174089 104905645.36137185 834.7944496866984 32030155453.92215 0.10778806337806236 0.934249037071497 2.888285669770708 -2.601726017039848 2.386538985763227
0.0 23.40445803360103 74724065596.05925 50876134964.68552 -3201898002.3853416 1372.4474668364346 16732.562502976205 -331.6510225912757 18623996.438337307 770.404458033601 41540412839.25607 0.359151113179447 0.9995657857106793 -2.058702301322792 -0.08816665659323464 -0.0060732428979832775
0.0 58.65832054327859 -1490862421.794197 9431529323.234222 810482201.4049457 800.6149764842994 3063.6542508528273 696.4887329426685 55724905.85850434 805.6583205432786 58706979185.50375 0.06604226592147583 0.999604037612475 4.007842256312178 -0.35753041531039315 -2.646493856983894
0.0 26.933702015791596 -32060214896.478607 30766018803.177185 -23320131620.9078 209.90325715954532 66.12765803610819 276.4447691929571 52863492.88522744 773.9337020157916 51424615114.1301 0.16558872087905135 0.9874010036818396 0.9302344678381897 -2.8085394879461 5.837332980830611
0.0 71.68291491410537 416538061.5395355 -1081320184.157135 919139076.7038326 -870.2698098194487 -477.99195956712356 -1657.6921560483988 102559797.87824078 818.6829149141054 35691252132.65015 0.04210009332898977 0.9950240212698407 -1.4792116107103987 1.5948049167061835 -2.4363960551898467
0.0 0.8275894046172425 -3433921453.4185486 -6306994140.671722 2575149304.135354 2667.932515504148 4046.1830162102724 1503.3626310174454 23751758.69501387 747.8275894046172 86074099459.14075 0.29948232183780454 0.9999562961840179 -5.115373474950842 1.5446436139523843 1.5647988600627671
0.0 93.84247335299654 -2964853334.0134354 -20372049828.614777 6683512708.960726 448.59509643522324 418.1765074238301 -138.25001607540997 91795300.10178906 840.8424733529965 94113553870.66519 0.1092322419015928 0.9967363590236477 -3.3354800895362136 -0.20392257996714713 0.3682738844111806
0.0 55.54395899070391 652527901.7756042 -164574940.987648 -59562808.9823401 -1.0562664487629263 2624.1418851714916 91.37190059959534 62892483.33895432 802.5439589907039 53364171869.97211 0.1836557480461763 0.9996180777523233 1.0095216460675152 0.24347512183970998 -3.8204031501906925
0.0 110.00876811173691 -28572386501.818512 -21770457567.93889 10546038782.774048 -393.0290274512445 115.00252085300963 -98.00818568249144 99451761.23458438 857.0087681117369 46121204554.507904 0.28561830317025677 0.9863035654217756 -1.5594020715792598 0.08889906470596909 -0.1559358288050885
0.0 84.294082389231 7373759964.456818 -274876625.85964584 4125188970.4164753 -264.0376901033933 1140.7572160163909 -5.5462975563382315 67802883.15851977 831.294082389231 68172322621.34747 0.055750318563703334 0.9975096547760385 -5.140123521983949 0.514393180773538 -3.614345658791109
0.0 81.38842628906116 414620026.9212036 413716985.9112854 22248465.242954493 2215.29029739179 2031.880416583892 153.15420558230795 45044246.061052054 828.3884262890612 55203005977.508514 0.21063731088649315 0.9997627398235962 2.632427477453249 -1.65132058753661 0.0008225939594308507
0.0 28.97588576793521 -788493133.939331 124829230.57717896 -244287087.25868046 617.8142572045435 11113.88552163059 300.29166975134314 37811520.3466368 775.9758857679352 23252410214.88382 0.37502340669668555 0.9996978919909791 0.47870846578277515 -5.6948831287435 -2.7075246650316265
0.0 63.08965189954813 -2990347146.8671036 -2377388524.378174 -618649896.2820959 -797.6651818378268 3643.241995334676 -380.91310122610486 49068907.971405454 810.0896518995481 42009680275.16275 0.14568679079829405 0.9997844621253553 2.528570387272205 -2.9185234824720676 2.069909694218889
0.0 0.3195299671892826 -151677391843.12546 282616166100.4613 8835703896.424438 -26284.727926596242 -5580.654756656077 -267.6817704062087 29884661.418371055 747.3195299671893 49677269907.37131 0.0019253369281387323 0.9995716549846596 2.1604179586608523 -4.142574906227443 -2.1637684904355976
0.0 15.124271288747082 -22574987146.69751 41806113009.37988 4668454643.7709255 3602.855873527824 129.29743522097306 169.72780390795293 58173565.87462283 762.1242712887471 59934151587.93707 0.015213641825955748 0.9996468492303157 -0.08932972376329873 6.163450789909696 -0.16939711542333402
0.0 94.47483759142563 -82793615.58865356 -128967178.63172913 187503000.68463135 76.47632009619065 -2229.125018264156 -267.15043063015395 96062382.282268 841.4748375914256 92543184403.86472 0.13350320777420033 0.9989387294331823 -0.04238421067555587 1.3228976545520705 -1.1560501824401206
0.0 0.6145188346314399 -919877044.7460041 -59383068442.5282 -3951207913.905857 -5468.298141631876 -8228.511663686102 -329.6800458302239 73884004.97599258 747.6145188346314 52487315783.457886 0.040152757608979184 0.9998000740866441 1.1910828017311688 2.544003355014449 -1.6621413399626155
0.0 19.19837838095168 3684645551.638916 -19074820.203598022 748951352.0532126 2507.180881721446 2062.9723094951296 333.365330648272 22109441.7786066 766.1983783809517 72581431039.92175 0.2460675126620249 0.9999102207880737 -4.436728651577742 1.2098265575536749 0.7122820672837367
0.0 15.827660574732363 -99363973907.67874 14822192869.83506 6609750484.395014 -8212.891526323247 3385.184668189977 -396.9211213072109 60258091.416153535 762.8276605747324 62732080953.311035 0.02866043097600464 0.9995231192511982 2.43711907592446 -1.215286133306873 -0.6625623316139051
0.0 102.6483718333186 14841310927.273224 10818245008.122955 -46703425419.66771 40.570843577137566 14.481270082022093 -8.471610005888124 78758640.12143214 849.6483718333186 89654022741.03165 0.014565225128746636 0.9565694380972057 2.4244709004807024 0.7986181431689734 -3.9405381149885823
