Label M_f Ep_x Ep_y Ep_z Ev_x Ev_y Ev_z t_t m_0 |Delta_a| |Delta_e| cos(Delta_i) Delta_Omega Delta_omega Delta_theta
0.0 119.73612486613399 202966285.80352783 40053370.03960419 -117377615.32145095 11747.67305427275 4663.026634280246 -1549.5633470936984 110809391.14189567 866.736124866134 21326671092.36676 0.419171727933643 0.9988474699974841 2.0178858043686168 -4.678408751887607 5.221080401692927
0.0 45.93694918796791 19914835.207580566 54470378.91070557 -44349359.97528458 310.32858568468873 1925.9505011419205 -1748.5981584734477 69521249.47429343 792.9369491879679 52915039391.32379 0.0871502546670303 0.9979392150571214 0.272157230471464 -1.1843379752115384 -1.276107837741724
0.0 77.79010587581854 4966072.58681488 8059961.233215332 29939918.591183424 -46.14124876088317 3734.5872988358406 -3532.3796499072264 60393358.927883685 824.7901058758185 49429579568.163055 0.006210610084760579 0.988268992079722 1.4721811009701569 2.2027501447452154 -2.3560905047099094
0.0 47.76338137380367 23344138.251441956 16036784.925735474 15790356.371993542 1532.9952197157654 2689.068751932715 9209.847884531599 48802265.96260033 794.7633813738037 63942212830.604614 0.11717573144481656 0.9533727347473642 -3.581209999806073 0.09975681529838401 6.122393906402403
0.0 54.872386914783874 6853335.674728394 -23799853.345947266 -101348914.83954933 1325.958649031545 1572.3010538961607 799.8296818929605 104487230.3708139 801.8723869147839 38569289884.57825 0.05944477932648366 0.9994584304454216 -0.6451099166653664 -5.267276602622196 2.438512626052631
0.0 48.063872533226345 -16129846.78300476 -19365766.669433594 -39095230.77287674 -3391.4338822218924 8038.107915548679 -1841.6488321433849 113050662.29864837 795.0638725332263 31645677006.199677 0.2905316531720264 0.9997799272528514 -5.675887888460689 -1.501149276296345 -4.630441937214591
0.0 31.044557522818536 -32628911.676879883 -34950306.704589844 25344392.614583015 1222.2503160190126 1814.8485413927847 -6886.373329404864 53259270.37818928 778.0445575228185 50435683441.620605 0.1217014610077376 0.9808580551022167 -1.3796704474504056 0.19228870726849356 -3.261545009825031
0.0 73.26351601054716 23063259.447891235 -45579354.42816162 59058326.806407094 2801.53858382209 1539.6404124979335 -1746.238865081707 61694577.96296532 820.2635160105472 86599481253.79782 0.001958571142098006 0.9999392140510668 2.4906306502361506 1.521813528070539 -0.06156552287463457
0.0 67.45977135151577 -68202363455.89679 33971674008.31537 5812657170.471085 7513.512043835921 5322.8490190872035 -240.672642720066 86922371.29427207 814.4597713515158 89679166248.28642 0.012215375166447773 0.9994801347131184 3.9709373377670065 0.7791167621280488 5.537612374887578
0.0 29.432409209684465 -1222815.2474822998 -20551859.590759277 23401769.633035183 5009.516569162966 12454.555299149824 1098.4333515504918 29523732.092279043 776.4324092096845 6099053370.780457 0.4755117780445125 0.9992756091568769 1.4354438586342944 -1.053389629540007 -2.989933827306069
0.0 62.05422206493836 88262474.23675537 -82923616.55426788 -2659895.297560096 -444.5358388464592 2426.1566572027186 -4180.488168060162 51564920.46452674 809.0542220649384 62928967004.16199 0.17221514422005188 0.9877225994685604 1.3915893491823448 -3.1259468477798515 3.3276881365498743
0.0 79.17999937926072 45916005.701416016 94927281.43997192 51437091.69280243 114.48698776269885 825.8087968301661 1393.0421565889467 71686296.32109354 826.1799993792607 28269065872.15735 0.02662755630553358 0.992868008410684 0.5042128055087909 -0.8178204182774963 -2.0454802163209815
0.0 10.058760917481777 14921857.7134552 -11500309.030044556 24685363.786291152 2428.369317281966 2103.677116505789 314.46704613584745 32327529.330867365 757.0587609174818 42958531396.8573 0.08690673288511658 0.9999498219613476 0.5055102671108116 1.2169457394954806 3.9781139331107545
0.0 70.12370812599681 -141776939.525177 230625553.08441162 -57593000.36167741 -1798.2924342545011 99.19922263838544 945.9592644591081 119184299.24739538 817.1237081259968 36188483744.38498 0.11669517943898612 0.9998521536518868 3.9478416942499024 1.5293028347703796 2.1042483002560703
0.0 91.27045975905492 92223036.11331177 40001934.205963135 -9535609.275445461 -131.5739832848667 5691.779872445619 -985.5017964239385 116456838.93192412 838.2704597590549 98010213476.0167 0.041755822298050735 0.9992626518050167 -0.23247564286652378 -2.9204558072061877 -2.8949079219978184
0.0 103.39564212505627 21397234.437667847 174117883.8486061 -102345860.77391815 5883.120577083374 -1411.3515383260492 963.927199761303 80204539.76818928 850.3956421250563 48383636854.47383 0.19261187282689476 0.9998669526773336 -1.7842847676873141 -5.012309440799255 5.010969386623247
0.0 97.0830910978782 -32107303.654571533 -18396448.392227173 -23130604.374206543 -190.35758202919533 -2186.578154134906 196.12537361579248 128564582.94153117 844.0830910978782 67161324548.739044 0.111135137352186 0.999783984239241 1.8290400454856663 -2.9608041278152917 -0.444523405908437
0.0 65.4034739528546 747201238.309845 402365430.13134766 10813434.835400552 -955.7306823983963 -1494.4616673834535 1127.5041452257717 82174054.86919259 812.4034739528546 31782374769.352325 0.01416916607219873 0.999379947823546 3.6839222452559595 3.1697582420860506 -1.0893806454177541
0.0 28.460231182077223 13380087805.02478 14818796186.089722 -1462538557.1549702 1986.5938840451436 -219.85343829143676 686.0353078734275 22466257.108995926 775.4602311820772 45013991045.70914 0.12071613225653106 0.999536974439035 3.942960572669681 -3.281166271327204 2.703006857304084
0.0 102.94142091601907 -44615390.09207916 -28303885.272232056 93434404.10648537 3065.6654632868995 2357.4796781418845 2309.609699861536 83256526.85619108 849.9414209160191 89323051716.35132 0.11690632776438034 0.9985520770319654 1.0786497790394374 4.816904562222823 -4.256141266112394
0.0 78.67732228332443 11971672006.829895 34748794109.99545 416625878.7967894 9831.732641458048 1460.850214059632 746.7132759906998 75802645.75613976 825.6773222833244 35769531631.33133 0.22054546605037179 0.999501521058132 -1.1411885986278998 -2.9215333768858334 0.302631366019253
0.0 81.64067739956965 -80224584.40762329 211495881.88165283 170345778.46348 2330.6837661166974 2028.2799605246128 5459.536061686728 123773809.76001365 828.6406773995697 81553418666.34756 0.06163963918485538 0.9806449029203929 -3.3205716160681513 0.9048784831738144 -1.0037528576593746
0.0 119.88916487849485 38335734.12741852 7304022.139282227 66621358.428393364 436.62034256469633 2644.037898388051 523.5786176794695 125868874.31498173 866.8891648784949 75351459707.74423 0.06986836462926235 0.9999768141072741 0.7202711070292636 -0.20285453915140883 5.270395839565312
0.0 71.33365512949229 78659631.88336182 40962756.121292114 -45540733.64997482 811.2548333075883 1204.3134954036286 2902.5033632750765 69821730.91103452 818.3336551294923 54230313692.1044 0.014344887333272313 0.9993591212537354 3.2892345794895457 2.543462540407465 -1.851233812154693
0.0 36.25936488270406 -55688645153.09711 32196401976.144524 5159905263.93613 -12455.418226715417 3233.766385491501 -495.57731203298107 70377951.27764732 783.2593648827041 59646995201.293335 0.2772503345658395 0.9993867623771847 0.14024153018499963 -0.9248017988818922 -3.006983441630502
0.0 68.08309435124659 -32273931.627433777 -9821971.87902832 -93356052.41518307 -1860.1742205146184 -7783.778591765738 -2648.1313795831734 88585128.95670244 815.0830943512466 21511487262.542816 0.03439012165466021 0.991163214298027 0.508470987909083 -2.352648479529826 2.6058615503748506
0.0 79.29517611377173 58570244.74864197 22306656.213043213 88595118.44846445 -1005.0269779436057 2094.1708802826906 2035.0460442267072 89087391.1810314 826.2951761137717 69773961193.65286 0.0878653797842971 0.9985113623723059 -1.3871156856780629 2.0060218133989864 0.7769394002963426
0.0 20.52135336377023 -13800948.452384949 3337621.734451294 -38390222.45192969 3587.369670942433 -967.5988536438963 -849.1925410555277 24010445.390521664 767.5213533637702 48416830768.397125 0.2637130445953405 0.9998500686885521 2.8345623379486753 3.5958298751786386 4.689086321573445
0.0 23.8641884130991 14794333.774475098 -43074364.08859253 28795958.377131462 5098.72331459152 -10518.477630318184 357.67904468283257 37007088.70733309 770.8641884130991 1761426755.1082153 0.38948843406830974 0.9998637243193859 2.934477421569696 2.7673102443291406 2.4356826879650293
0.0 21.475030243848664 59675947.559036255 50278192.21180725 -85572111.77556992 4233.59233498914 1764.6761883392828 -1586.546141321886 49337555.570405185 768.4750302438487 50740517740.58319 0.22578303581153453 0.9981570667011624 4.199144515481117 -0.8120716796406611 -1.8223306843685885
0.0 74.29332211305734 -239595017.5800476 -73712910.82452393 -61473950.64945412 2248.471909799011 -14.199704443704832 -533.3921906181339 128357169.5722511 821.2933221130573 65579684316.32538 0.08512964215789819 0.9999958789933568 0.6181087132225019 -1.553143816238093 2.0706942241313095
0.0 69.14736420445615 48647917.312927246 -5842034.215034485 29659095.971885085 765.6890059535826 3434.432251164366 -747.1687116104702 116613537.85445726 816.1473642044562 85594292540.85025 0.0584300999692772 0.9999705963450998 -1.9741930143110307 3.5294730586032674 -0.6602713289756409
0.0 67.53648222808454 -7684467.355407715 -67272056.8223877 122168163.6701281 -11544.747833555852 7034.196305378486 135.04248216856575 99358906.9538395 814.5364822280845 11851732051.309814 0.32841669617168145 0.9999999619647411 -1.880676723360644 4.375566332973204 1.6051393668912537
0.0 75.31151442480746 -156770182.87677002 -97203732.07969666 -89810605.25708771 976.9219137167092 6344.5892595338555 4032.677227017034 127325831.8399851 822.3115144248075 45403760427.569214 0.23311576310846965 0.9942420907825954 0.6871627984196684 -2.46962408825542 -0.7263336237307256
0.0 91.73183366169405 -261460976.59577942 -46607365.93861389 -28348026.827139854 -1214.9237877356318 7477.198271112637 -830.234842385089 119542091.47311044 838.731833661694 33129440771.40323 0.2936428034200288 0.9997831151355706 -0.1710634140257059 -3.9226981428401393 -5.249315268656016
0.0 109.89687219729944 8248419.487091064 68362352.77246094 -107744163.77014065 2520.016384862731 2083.423651118317 -182.77869351986726 107751243.55155289 856.8968721972994 56792729727.50983 0.13097906956457975 0.999803222238912 -2.337315009315641 -0.6482644545841089 0.023585476429227814
0.0 102.72134948654138 592617142.0177383 -8172664306.272598 -2061761387.347309 -429.3491584387011 3346.1792883428325 -858.6552596701049 97014142.29115519 849.7213494865414 95638259030.47284 0.03370578610811174 0.9994982536158507 4.001346298717323 -2.6663253151990376 -4.129752631855489
0.0 118.52869135339972 -118935205.32498169 26940961.832763672 82820859.46402049 -2062.635549636434 1952.0495509598186 -479.169526479447 109534398.94130065 865.5286913533997 50766843457.837555 0.1111023012900339 0.9997697274501257 -0.02822985752169993 5.7047945270061176 -6.0593169853081665
0.0 131.3051467085388 35945170.556884766 20575675.555984497 -13378746.288499951 4200.17239187755 678.0156833277179 -664.4998179967567 124875301.86351952 878.3051467085388 107660161668.38406 0.12385185797636736 0.9995351668288256 1.3627677305107677 -1.3775312135094073 -2.0566395045940307
0.0 44.86758703814621 25112418.889717102 -5838885.701293945 32427158.539643288 63.36722646720591 3565.801864875636 827.3956561421023 61982176.85435799 791.8675870381462 36019553573.307434 0.08383255125204128 0.9999810443822933 1.0392504809059473 -2.9371166733056415 -2.8186741725007547
0.0 59.28093773975638 20347392045.749588 59212932291.649 871140750.1372162 11488.192778433327 -1671.4055562444355 857.2182516152411 76335517.59383881 806.2809377397564 31010899706.081482 0.2671566275808186 0.9992707294633145 2.600084485318679 0.46287313818343767 5.885974943289065
0.0 64.71898337623475 -14371328.351013184 -78986835.73626709 -63067477.07970762 2541.259681006828 -761.146893679208 11253.507457714935 54997976.28313262 811.7189833762347 63250934026.04047 0.1588906710033141 0.9732912315647979 -3.414046230811462 0.788053889923223 -0.8975247463671006
0.0 8.799293489415845 13743675.6116333 -12313394.128845215 31521841.181787968 14144.347700167264 6019.071697239302 890.6448130812987 28443309.93742445 755.7992934894158 14649922358.260773 0.4686604380690379 0.9996833595498023 3.257613543804362 -5.001797174354248 -0.28702246555412136
0.0 30.192862327091802 -21163477.77366638 60993823.496536255 -20897547.21350479 5694.616216708633 -2779.598218508072 -1737.2400253901806 23995117.32095301 777.1928623270918 47729258406.99707 0.1986398579906008 0.9996879841649777 1.0087647983255392 -2.709291709020548 -0.31170964450040817
0.0 47.7508221325304 35189389.132930756 -10114416.255889893 -70755693.9699564 -895.0802385684656 9972.523573854354 2236.082550917657 64252229.93906312 794.7508221325304 49836333830.861084 0.3774695392293754 0.9963373713630598 -0.7521700745983952 -0.6799114022852312 -2.391774456811597
0.0 73.37566106166514 -706175.9194793701 104105510.76254272 134140734.67487484 -1435.780767523389 2093.735278536332 576.1768121058467 71669313.9125465 820.3756610616651 53810789645.867035 0.06587082043580904 0.9997855302281387 -0.48490572833970513 -0.4324087323125648 -1.7572740878116444
0.0 75.11387804197705 -92125646.54391098 -57443142.792144775 -58761778.740709305 -4062.0035882534394 -5307.451953042912 4028.9054015789916 79712992.19562197 822.113878041977 9997342939.835022 0.10099882883339992 0.9831955196863225 -0.30013975956237626 -3.323804989915247 3.2154486766098147
0.0 107.85014791810022 56040338.00392151 -1955320.1757507324 106784521.32507277 1937.3182890167664 -828.9578339955542 4175.110408901888 91403249.2436327 854.8501479181002 52428640483.0452 0.09271816088695373 0.9904245765533604 3.2663373024278632 0.8109495577669761 2.402876756110708
0.0 61.995120219741125 2581297833.449051 2675017430.599655 -533232935.51659155 -933.9526286744549 1188.3604725434707 665.7959260972818 98706851.40567192 808.9951202197411 71122778320.17163 0.09741233080653632 0.9996422562320366 0.44771280902824595 -2.4018653989845618 -1.851893153801352
0.0 53.65343374653992 -42113669.47891235 -47357785.68022156 -44006416.032494545 6222.836109375862 4437.080795219466 1264.5035339000199 43278701.94157033 800.6534337465399 53633694159.73236 0.19419046373273072 0.9997647631661899 0.7255959079727649 1.178606939041186 -1.7734451478336752
0.0 65.91201940129406 121843918.60394287 1056671.7290039062 -174981151.8883419 -79.2727187339442 -2698.044191473731 1141.6387311130554 83189506.56335929 812.9120194012941 70604965681.5463 0.0646933289551944 0.9996333224757366 -1.2646319643344495 -3.826164679993783 -2.3307306886848513
0.0 58.17190161145106 -49590318.278030396 30560984.908294678 -9984067.206748962 1071.4526814197125 2165.844099057562 -6520.373955099112 56826735.48902209 805.1719016114511 77072479434.29651 0.0647309351814779 0.9710529732647 0.1551219644530435 -2.945196092749163 6.1948046780916055
0.0 56.06859335802403 -19759191.191246033 -84275962.08148193 -46227380.54791212 436.2271559027067 -1950.9867730245287 -1773.2869082603681 99161464.32187198 803.068593358024 35772437000.86212 0.05973950075206032 0.9990862827809571 2.4683630378033414 -1.7296376075518516 2.3195545503827
0.0 64.8388273710085 -33737282.99316406 -28579679.434944153 55217693.5355072 1156.1125431658422 -102.2599902229158 -5.76800080141345 72545193.45768192 811.8388273710085 3449772387.4967957 0.03559265654552937 0.9929699725920517 0.091835985110156 -0.07877200172427398 -2.8416205524038656
0.0 59.063250153004674 12139170.596107483 9041041.205535889 -40340562.72894573 2691.0787294414768 13703.675692687497 -355.17600658452545 100286673.57614422 806.0632501530047 28223497698.11206 0.400079749008664 0.9999226691508952 1.6893485197136342 -2.825735929129827 0.5038053084886558
0.0 73.34141116975582 41591113.88247681 -136779112.89971924 -5111108.717031479 3869.1129212233354 3560.0390342249084 -988.8741315601349 60118982.97707605 820.3414111697558 39088625831.596344 0.1706203875437805 0.9995848894116797 -0.7058338873242661 1.1571934371143167 3.3960411226133402
0.0 57.82931338013077 -32569229.981658936 4709810.92578125 -47787791.10758877 2158.0106954950643 5445.449984133333 918.5029401880468 84702479.78096618 804.8293133801308 22389155267.046997 0.08675787795112458 0.9998091010537424 1.409050051217616 0.6868446036312892 2.5053041821380266
0.0 94.57078706579614 30150863.501037598 30325320.42551422 71039184.04776907 141.96601481985545 3974.9057227893136 2235.4652114663936 115384639.17570764 841.5707870657961 55147658920.68631 0.2320375312965675 0.9997230481772293 -2.6900604885425006 1.6192355229440856 4.162825275297545
0.0 88.82834966654457 -61081237.73150635 24736512.384765625 75504214.23882782 8307.684586476662 649.651270719809 426.175291137479 121302918.68168046 835.8283496665446 65353916489.58435 0.15242352635171696 0.9990711968686752 3.5949648793303313 -0.4668088253417244 3.5113011466106583
0.0 73.60627361419063 29120270.213104248 22790639.565315247 32835210.15888405 2258.4356948653876 649.9982445454953 6511.57391953793 57821296.023077786 820.6062736141906 48277936444.76376 0.023896555633090913 0.9687921737600641 -1.249425627031096 0.4319498881519012 2.6624424204909394
0.0 52.19173739979078 8698667.674118042 -44128734.69244385 -56635061.38231659 -1584.0470392452917 -42.901981724058714 -6975.362668332416 120874790.08833934 799.1917373997908 32027187236.243195 0.15734335398498317 0.9840850063653102 1.4679293221256215 4.700298887354095 1.469611250037279
0.0 60.74335521116666 23957017.453842163 9442150.84841919 -24881281.30992508 -1508.5829238524057 2135.1423485392547 4237.95678594005 48572227.0592421 807.7433552111667 47798061039.03299 0.09127333854167921 0.9801725065771025 -0.34656398786023157 -2.6756298198568453 2.6633169320661287
0.0 25.87637935161058 19266611.827667236 -38920691.24560547 14171037.900065422 878.4527388986462 5091.596625501637 788.0223366668519 31746287.527560096 772.8763793516106 15052137761.786469 0.17651176688938935 0.9993475697360527 1.5205110208872286 -1.2647924674403352 -2.7914135513770404
0.0 15.06104564199643 -31074834.96559143 -22406962.29159546 -60772493.09955454 3300.7601139716353 1159.2642965815648 -44.64362812241188 35048728.46360701 762.0610456419964 48753028774.84958 0.20961914629781075 0.9997208012991249 -0.9906882492262667 -1.8121841101413967 2.4792948136006885
0.0 75.66947434002361 -28062302.54524231 163371587.92504883 45166955.795744896 -3772.308588245807 2164.5683087428188 -1558.4473761996956 77715795.62714599 822.6694743400236 54772636813.196686 0.22113192049133057 0.9933395947981819 -1.270192271263513 1.2142715840129958 -1.4398160443390422
0.0 98.86290751277431 -16570391.019836426 12062677.735176086 -20982528.60932058 2680.026499593972 -1434.7119696587943 3401.2724291031263 93953049.5155408 845.8629075127743 45479000605.56412 0.11610959855054087 0.9893060389972218 1.1394643949986316 -2.0982754969820925 1.8261542778571462
0.0 48.654999371165786 7144612.724090576 -40364749.534210205 74661744.64782333 1898.3485213445383 3227.072524482911 2008.0159686111567 123945851.20433518 795.6549993711658 66401629354.40759 0.04380834670077477 0.9999925321958758 -3.575513136272682 0.3422258489583496 -0.7380361605874777
0.0 1.7811727862924727 -22576183.8434906 3008476.373840332 -11021008.999153137 -4076.8358444122023 -11073.879259760659 2532.947879359128 39518855.00628738 748.7811727862925 6739402367.67984 0.387092420497835 0.9995928454160438 5.117893279337887 0.19256029870541735 3.590258926063969
0.0 40.9694250846934 -308180702.77685547 2281151.9386901855 136219528.07506895 -4205.586023261763 2759.16591723238 -3234.849674917292 56565519.977667116 787.9694250846934 34385929910.49747 0.09663641717558306 0.9902721892338295 0.41386705830349557 1.0820127701616626 -1.3079671507389992
0.0 10.035740234729246 98978255.48699951 2286095.329071045 33814477.492432 10622.867220527034 -2429.824035642956 -525.6830642870533 38157083.074436195 757.0357402347292 19731583188.800476 0.36295441563185143 0.9999783669456968 -1.6298514858693252 -5.193799650164679 2.213527552837907
0.0 118.16397524712738 165563071.87754822 -140020070.01489258 -28494236.688252926 1489.5680335750003 2087.710019013175 778.9977191310109 89977970.30378707 865.1639752471274 80400701579.5463 0.04276272138150329 0.9977376290017621 -2.002824246927351 0.36101919724374576 -2.947690251821087
0.0 53.41522651789751 4698110758.458374 3435328523.0621033 -717687674.2499716 3006.453359260531 2304.9523053692756 747.4043670997394 41509908.541531384 800.4152265178975 68590956955.39877 0.08443030226760595 0.9994883022740284 -2.1128096425499585 -0.8847604751047426 2.7021116987744365
0.0 27.65814729737417 17894.688793182373 -20886936.912872314 -23159147.4187212 -2122.7181751964745 4016.8530806257886 2902.909321595358 53200065.16930928 774.6581472973742 32753339404.522644 0.07379162668753664 0.9925448970099257 3.2177549699190466 -0.5752816211744446 -2.4988893489759842
0.0 70.2072657356133 1944650746.4344482 -1197152878.038208 -2458961782.0112963 -5612.468742295671 -74.22675476175573 -6150.629604978662 90663002.7214882 817.2072657356133 35276692453.368835 0.1040996257706582 0.97055560783133 1.0232224028412467 -3.615356759903207 -2.5380978348652445
0.0 61.91738595874506 -67543409.66748047 -11007510.194122314 15296310.187556744 -9995.739951116126 7262.805738102026 -306.52032324167453 92155937.01553807 808.9173859587451 21434269818.952637 0.40304662028111016 0.9987140620235291 3.7266760519067654 -2.549441425959372 2.035533063522092
0.0 46.85798114891952 3948671.076652527 8010924.694885254 -1596921.1340641975 -2094.550664631901 470.52744461988596 605.0341251604793 82318223.1600909 793.8579811489195 52136337870.51654 0.14821960491131025 0.9992082223527005 4.20396482168926 2.343186991432545 -1.6541948011456826
0.0 95.63043109385 -135733621.23770142 17367384.847564697 12330853.317092419 -634.3126623809112 -640.900099828039 -612.2485595518629 103324229.7144452 842.63043109385 75279736358.74368 0.008736264768878108 0.9998458142091617 -0.8667577792132108 1.3261543434499707 1.2677937225125935
0.0 138.76428429382133 75447643.16888428 74793475.81291199 -28357815.239806652 5221.432782534788 1024.201922182343 2024.08734123429 115191769.24834768 885.7642842938213 121348122411.52148 0.15545103864546478 0.9898064027686739 -2.202935136133136 -2.1219431037573173 -1.0659241251607479
0.0 108.17773592214917 89106840.19342041 -28799950.45199585 -67597448.36155033 12037.00307914349 1328.696618447335 1316.2135596853695 113061906.96218495 855.1777359221492 140984056320.5743 0.29111201195874625 0.9998811052188579 -1.291555716296468 -2.6975756839382696 -1.0577815975246532
0.0 21.136387775636877 13930085.237457275 -4023037.6987609863 117927713.82818508 -5577.492120442939 3232.7293571301107 298.83470149596434 53728329.46288669 768.1363877756369 26772501495.497284 0.0049755948261746286 0.9994552393992377 2.1670631903433546 -0.25341190578000644 -2.0637586397388317
0.0 74.540150650481 17232820.35536194 -41273607.674713135 -74080042.62574482 2274.1492479278313 1361.510690716419 5181.2199098557585 58527575.827716224 821.540150650481 61586251700.780334 0.17478107411591598 0.9735764500571584 0.3135277374557369 2.426995402641115 -5.6880060133393755
0.0 113.14779640199674 -38072517.55038452 -184335.41902160645 -156615249.7186489 -1860.3200412179358 4004.5248110961684 -5803.339962614409 110417862.46428423 860.1477964019967 41869940023.950745 0.2740056006058013 0.9930031750457269 -5.19246097208564 -1.8860901218536448 1.9809911119186077
0.0 78.46801029551364 -82762047.93023682 -19352964.145446777 -126004052.54341865 1361.7759217986231 2016.6891927293218 304.4052002587242 122165951.08863603 825.4680102955136 51500693099.96637 0.03497787555598647 0.999495984439621 3.050754174970261 -2.3293664929530777 0.43826857339840786
0.0 21.880932335672355 83698196.66360474 -28737337.163360596 17576228.90871048 -6839.263494806111 5402.470702665023 461.99538387353914 46806624.649281204 768.8809323356724 11164418147.382263 0.158707824560295 0.9989724030217506 -1.2348354503418342 2.4734128299810423 -2.3099222864664455
0.0 82.56192867698655 3233319922.0972595 1085190728.4612045 -895395047.7218999 11982.120355169898 -3964.707700339637 83.1160052537435 79246647.64478968 829.5619286769866 23755685686.002045 0.2924161462080402 0.9997131274152324 0.3896538843663256 -2.96505920051654 -0.15823707035515522
0.0 41.939013427105124 -95919549.94261932 55699796.030670166 27028107.057662964 388.80607186031193 5201.382055213715 -6777.673619155345 46592233.97094534 788.9390134271051 56681145449.96866 0.220797898628609 0.9796724851635545 5.018930495927512 -0.6234954260234791 3.911089207308766
0.0 50.070448561523904 -39597367.84892273 12090897.518051147 -30586584.45591736 -16889.264483634634 801.3741438006655 2161.2484468079706 44301494.97798398 797.0704485615239 16735234736.452194 0.2982373638005615 0.9967399006944834 1.3070853680514103 2.3939861274740677 -5.728262983200331
0.0 76.81920190996311 7688860.154930115 -10246732.932281494 -50156567.944010735 -2459.7205375465273 2959.4577275587217 -210.13082013074893 83263168.22370523 823.8192019099631 85095569402.86206 0.14150318220597907 0.9972170577633374 2.2468230919637535 -3.354039396307588 0.5579187824359343
0.0 60.64079904001346 -25897258.996002197 -32507354.878189087 8323353.786235809 1551.2705366727205 3264.1491857130677 -5293.062281115024 47192274.20341157 807.6407990400135 52200473017.01141 0.13118158184061568 0.9772576425553576 6.052669675443942 -2.170887367545602 2.747053509195438
0.0 34.18420136836062 60749945433.74411 76278357683.40356 -4108465314.6487894 -13622.47320150788 2511.7151061077784 529.756378562193 26643808.766624663 781.1842013683606 68049839417.9386 0.1526521238289375 0.999483112384497 -2.2791887182420845 -1.199086440492539 2.1522516432156213
0.0 30.07913311518098 -31483908.50228882 44725780.60481262 8908905.573035777 5151.6918000358655 2544.8561832379564 661.0079875701531 23617845.035192538 777.079133115181 42371331484.835846 0.21022425604766076 0.9997078348223244 -0.7963677390646251 -4.1752563615297476 2.2534525278753073
0.0 71.410450272704 9258756.360427856 -38984384.743927 -109373957.78340435 -1043.8966504493947 -155.01428847642273 2106.670856831368 102505609.2955369 818.410450272704 52931227521.10904 0.04140054575781246 0.99954759922843 2.348459798156024 -1.904012623958748 2.0841801324284823
0.0 94.87856023238214 25420790.566825867 -21272344.632659912 28245454.44687748 -216.04708474657673 1744.5864820445756 857.5267040277447 119144986.61249587 841.8785602323821 61117100897.82303 0.038838424849628406 0.9993538188156604 1.6720129709256004 -0.6604747188502854 -3.2628637632948854
0.0 49.27906555291656 -4788326.168670654 -23267586.230895996 16610463.096993208 5562.916617838313 -3732.1688626657 -8704.330932632023 55421381.23117002 796.2790655529166 72840340502.74583 0.05111787048882571 0.9734411967055434 0.8279213148916038 2.5533892821558313 -5.588166563206635
0.0 6.200384369482663 16766954122.50293 6284106236.4309845 -2131093077.4293144 3883.188872310281 545.864332272351 572.582267658418 20288965.65938076 753.2003843694827 46697667292.788086 0.1827570425627497 0.9996862532109743 -0.743600157846348 -4.7223514796081485 2.3439488831306527
0.0 70.57638032711066 18418461.0750885 52176654.51540947 288779195.44959843 14628.596214643445 -1824.6440460544109 529.9633954545873 86345007.11079392 817.5763803271107 5267458835.7716675 0.46995418693437496 0.9996381264941723 -4.396990251032028 -1.9644578647072302 4.664996974707066
0.0 76.81446803800941 -95081115.59658813 -173368939.19763184 -90824490.43572187 4021.5402661201697 -109.14548161716084 -584.2033189836395 67563391.9085122 823.8144680380094 76732612926.6295 0.07429159275185124 0.9995309723407373 1.805287260502859 -3.087293100681692 -5.331153384412387
0.0 108.78747324195695 -14029399.056137085 -65790999.79040527 -58136122.47324073 3221.465834940209 4677.204049477118 -1936.4947927675853 92248083.04233906 855.787473241957 84886187823.37872 0.01357292156863174 0.9997637868868139 2.945877207142301 0.13875083359340779 -0.26678894122347385
0.0 31.018252497566664 -29510007.365219116 30497774.24006653 -45721452.55912113 9670.29186571718 -5390.760252940527 -947.6813680181313 35249537.59843678 778.0182524975667 28649126917.26593 0.25263407766206314 0.999936794172071 -0.9547247061830663 3.464613633088652 5.289225996914964
0.0 80.14701424575708 25163298.322177887 37790516.30328369 -54848231.742652535 4.600157513650629 3026.479974482211 887.4615330169021 75067552.38602027 827.1470142457571 58400101087.414734 0.017552594945503153 0.9995766510065717 2.38569010459308 -3.730251636396426 -0.7584618635344688
0.0 51.15165725177644 -42351566.5408411 -55511630.368621826 78127274.86571789 2899.2508497661183 -2419.5035111708003 9359.374837903908 42601839.84301443 798.1516572517764 36777940277.413055 0.23841610117091297 0.9711593411530043 -1.6648406107400486 -2.7522954351966837 -0.45526406131146
0.0 91.291046882292 -84384221.35512543 102690856.68667603 -131991684.38519526 675.957884521049 1768.9719650549814 -2286.3060773202233 107546979.90430719 838.291046882292 74122765620.22702 0.06629605610518305 0.9999420536698245 3.5241777628246487 0.6817126288147977 0.38742932001764996
0.0 24.837026717226763 77483844534.52441 52898725237.124725 -3831129446.775292 -5558.084490015353 13958.271947680892 -112.21759930483864 19652134.65140825 771.8370267172268 36707515401.062836 0.2778984050461679 0.9995814431351076 -2.2769205404984962 -4.308861470463762 4.560665831705608
0.0 100.97283978645396 89555314.24952698 5944505.665405273 146677100.83400154 -1099.013477041055 2628.1787768432305 5357.308098834926 81156248.87756942 847.972839786454 52161252178.55969 0.10978082630385842 0.9820180480101822 -2.8480740711142967 1.90613964852054 -5.085317018597628
0.0 97.04942358099834 -7957686.683815002 -20328858.125030518 -32769728.672141075 2567.390608936181 -3302.970673843819 -5186.633263950323 103926313.00647007 844.0494235809983 58504185700.00583 0.12420747135290627 0.9824149335608666 1.3526450934536456 -2.064791518803829 1.925984835730758
0.0 82.51571390316246 20717044.438552856 -36249574.90402222 17331726.332252145 3475.411206071818 57.89108786901852 -402.675850296063 66420920.00426709 829.5157139031625 90014199512.93602 0.019177132451640627 0.9997077922666862 3.696941709596682 0.78715391424213 -5.574126035615497
0.0 66.37645011104053 22382191.05758667 -23843950.051670074 44323779.82072067 8011.431607809651 -354.30021763419427 -1611.763238175194 62885086.45262321 813.3764501110405 53191242204.043594 0.20755612530991235 0.9938070684991395 -0.5588956242168821 -0.4916889476956236 -6.033121296294224
0.0 75.34732365179309 4672097486.11795 3035280039.4424133 -628655692.5553546 3233.5572892391738 2260.903283036627 722.831458721635 57672080.27564173 822.3473236517931 71532736413.8645 0.06656021676160623 0.9995110125287059 -0.6846742814781227 -1.5593206434864653 -2.0800644448787677
0.0 43.13463416334332 -45681478.243766785 -105691302.20254517 -162619021.6624751 3727.7735250747173 2307.9640102956328 -1115.6815217015858 51025142.12659269 790.1346341633433 70860848936.985 0.05867624299173588 0.999988620946706 1.838043434319108 -4.6194123260340065 5.917735278875094
0.0 105.75682660610744 18049861.814361572 10378400.890228271 -7924639.244365692 2950.367362793033 578.1793726097421 -5529.405042222925 110190881.52624209 852.7568266061074 84819037977.75296 0.11346251481275108 0.9734026038646504 1.152461866905725 -0.0736875510959365 -0.03227207259804235
0.0 85.84729024631463 40420347.60797119 -41667728.55345154 -40391615.34305096 3662.6538041661297 1182.286721235956 630.6371425083736 68445305.70456587 832.8472902463146 75809162703.54877 0.08283937110668534 0.999959270315686 0.8631262281345482 -1.7782459311933496 -5.736869203323037
0.0 9.733841743853759 34587102580.8738 -73401575268.80821 -2570863657.6689835 7489.614720111596 16247.899668398733 -819.8508898596386 37737040.82436604 756.7338417438538 81084197423.89441 0.03572628210943224 0.999442867739892 -1.5227127067689672 -1.4594433298822558 4.674562334903752
0.0 28.418582785392346 48051403.772125244 -1284020.423400879 3480970.031914711 2256.9586282429773 544.2091417873198 1514.4120225136094 27974342.463928793 775.4185827853923 46400723422.63327 0.13554920673890214 0.9993085079201643 -1.6624205992508392 -3.680646689348177 4.050977626048763
0.0 72.84424224114423 -90588459.10394287 93879674.34992218 -16939666.593975306 383.0855372492706 2282.2829454413986 615.169454231555 96349602.92622116 819.8442422411442 64266930769.660065 0.03593599899228344 0.9996383956007993 -0.3561240764348794 -4.311903727581724 0.3850628572109845
0.0 42.77951967575075 9692123.034828186 81738446.1910553 29944853.208399773 -622.2680549147517 -7927.344047042428 569.7768364401392 43914638.23241091 789.7795196757507 40026220662.32744 0.07508728375755214 0.999462381615446 0.984421115097627 2.6908758455155044 6.099895943546171
0.0 8.00378794733922 -97215753.63310242 -19370960.54725647 16229112.722875595 6398.955951748143 1645.3586521899015 -5652.564877261333 31091664.432813954 755.0037879473392 47755338358.30908 0.2573571950859699 0.9997443199312595 3.0575477024405417 0.46657095872095633 2.5466081580920927
0.0 43.25190820729074 -18727625.085205078 40305428.53186035 39197927.45747137 134.23994483248316 6679.245287879554 428.904708368883 34847716.37546306 790.2519082072907 19634179427.236053 0.22580131148493207 0.9988958015709929 3.6046898090247765 -3.0831209768882686 -2.7183948759913616
0.0 46.69938740735756 10339660478.132019 7622268962.351288 -1198163523.2115521 2905.365706250701 1532.021634681114 757.7163135111301 45667037.16103657 793.6993874073576 69917293403.22589 0.08012981221859217 0.9994826691017089 -1.8122724250150544 -0.9598866136060398 -3.212549874774042
0.0 93.52868678647735 19183742.300750732 76822251.39079285 112981264.53351593 2294.7903358313542 959.6242036884723 1036.4438733285824 113699854.76702532 840.5286867864774 100004573853.92343 0.037271351696909205 0.9931056033616323 -2.640229078768463 -2.7313967138688255 -0.4647030596153072
0.0 33.24087723949583 3619851092.296585 -62823023382.38035 4979617.851685066 12729.506998947314 10795.576702815717 -1011.8395891566736 32748875.865755405 780.2408772394958 60747465452.63753 0.030473322216883314 0.9994735511232841 2.0053800157296955 -6.079625251595315 5.158126001843744
0.0 49.233239981655856 32221627.853775024 38473695.5636673 -65316175.574840546 -13940.053417018466 -6879.472402194555 1627.0056511463526 43868009.59987597 796.2332399816559 6213373310.674469 0.3820801651150588 0.9993419870885439 2.5552542351383027 0.9941935761967489 -6.003996718165649
0.0 65.76128261757424 11164061316.774261 -2458452920.8893127 -2529450528.342361 3789.3938179889738 -9236.083417037386 -414.7010037096731 63499354.4113721 812.7612826175742 2210496921.2426453 0.4049931091997346 0.9996888872844405 -0.8892972024534764 2.1848238722686597 6.013426010382913
0.0 24.603398474759956 49054420.41798401 25903028.546463013 -20199727.505763054 2452.1865234429715 3407.344079918181 -1769.64558086013 39141133.413638555 771.60339847476 47767198418.84027 0.21425131505456133 0.9996664053965973 0.8052197696303935 -0.06979639287519923 0.4036061765939709
0.0 15.989137292948612 -40517333887.0195 -150244257524.69727 2029825417.3789663 26115.983604288114 8178.253791726795 -781.2602558229007 61261312.28245771 762.9891372929486 63096587946.91397 0.14781388756622638 0.9995001902052036 3.984662916064102 -3.79692932542682 5.318153900075933
0.0 63.89678070234902 -52301984.27975464 68912294.35116577 33777608.55627632 -1742.8773766847917 76.62204626313178 4216.374170046257 102976612.4187911 810.896780702349 46913239634.63193 0.03454233229662681 0.9999998136010612 3.1615549251759703 1.8643838583495984 -2.000631136709554
0.0 67.95963371589312 -8212753.971435547 -6398449.107940674 -3913778.239451885 1291.9453468154418 1524.7605612002299 464.4476566262495 64159194.217733145 814.9596337158931 74536937542.39542 0.07635303484498424 0.9993874663910589 0.46722590210204307 -2.358381952441191 -1.1910547839321681
0.0 68.05474108877024 -2366127.6739349365 28083723.001449585 822388.6320114136 -5691.494571377654 9514.36811768081 -224.8683236297983 95003090.86648753 815.0547410887702 19159565585.654846 0.3800130294840622 0.9937443918521863 -5.736260224147499 -0.7527321621691305 -2.254991719319876
0.0 78.29154259312543 -7181978.383911133 760991.0256500244 -28055309.366218567 3074.7835407027146 -3210.343016050625 4135.938734757528 108209196.45014584 825.2915425931254 85597997825.07178 0.04008964198643704 0.9943543140003591 1.4466325609876252 1.5840344428000113 -1.3574467906556653
0.0 72.99629733180984 44972042.35864258 -22044594.286621094 36962806.90327358 1071.9693025236484 2217.807423611248 -1143.370178422932 71079490.84137961 819.9962973318098 55473390650.564545 0.08889897296945923 0.9964608587128324 0.6869729207633313 4.699200605039261 -1.7299298179850047
0.0 34.3751976822532 -44034539.87261963 -10473607.063095093 30519712.21297455 -685.9859464609108 6402.575451476918 4880.533749658574 31192373.232552893 781.3751976822532 74871038260.08667 0.17777380269159754 0.9958423922655267 -4.126450903124744 1.1428362442116724 1.8575654349019066
0.0 34.700971294434794 5599434.692695618 -48587478.42410278 -64608202.529477954 2975.0275114489523 3673.6979355666954 -1850.529299818602 67725901.21609165 781.7009712944348 62740386745.45322 0.20595017684950548 0.9999587393613272 2.829429553652925 -4.2814969214343215 0.3901002848460853
0.0 44.85650132906596 37600699549.578 22988346876.150818 -4174245950.510658 -3825.2791312399713 5413.918616763513 -17.864537624780205 34462358.338650025 791.856501329066 50620876323.56845 0.21223767529487697 0.9994740779648588 4.010301360229625 -2.9045624793015654 5.346042762519501
0.0 24.237138322678447 632231.853439331 11836645.45678711 -43157218.18952489 11106.849200899173 7875.758244861838 776.4328764196832 21007454.393256985 771.2371383226784 4776269438.9392395 0.4581519140528939 0.9994538261040559 3.490375991805515 -3.420738041029967 2.808218802345681
0.0 45.161325718993 27345782202.00305 64524820377.64645 -1828028250.625918 -2383.209262308179 -5577.035147644234 764.122466384204 34944529.46249789 792.161325718993 74518178864.71484 0.09714016029961911 0.9994757996891482 4.0800107304338455 0.10119137504085707 1.546696360400531
0.0 12.40662206912873 24409599.612564087 47383523.25982666 -36278511.944463074 5326.65687575248 -10752.923457246514 803.2227766788967 40505159.53829085 759.4066220691287 26402891163.84259 0.1682424284807689 0.9997039744464502 5.02886296400767 3.6161184164174784 0.2918262610440263
0.0 47.990223234298696 -1431923.1781921387 143083026.92774963 55312169.47666359 7310.836798123997 3890.01511467604 -1896.0089510280623 54373780.0693554 794.9902232342987 8477867179.779541 0.2921358260575503 0.9999914506440336 -0.9941017523739204 -5.137532960815424 -3.6152055811873507
0.0 105.78507295151167 -48882989.50732422 -113613326.75314331 25843645.31336403 2509.089920424409 5940.268418256774 -1116.644943455879 100795977.04928511 852.7850729515117 61004453333.26138 0.09559840575957584 0.995631577694556 0.8952820122752243 4.216879946724064 -1.375111836220331
0.0 2.3700350671216484 61186811.53575134 -60593369.75369263 23134348.71063572 7675.6028036870375 -8611.634445404034 151.26777616014147 38688461.74618967 749.3700350671216 1078906264.7416687 0.38217289165755397 0.9999790197216339 0.1956129180784021 -0.7752009856356792 2.5541001848580995
0.0 41.95617826972273 -28260164.61566162 -1267709.5496139526 15494134.092891455 1665.109738935278 1787.5325276832336 539.4152454368764 33805384.0477485 788.9561782697227 56544660174.157715 0.06304612926592867 0.9997438902930019 -1.9732786217575402 -2.474848589933433 3.702250668643323
0.0 115.23635681005032 -19291795.39634323 31643512.630889893 -42815851.17694664 16.905217053325032 2144.4829136194744 -863.6230725750019 87935432.20491827 862.2363568100503 81589350204.80197 0.07793385683466073 0.9948392008777542 5.625798898189956 -0.40072455303094623 0.5893708454337293
0.0 80.5349961775363 16408477.802696228 -54438167.60296631 52799431.58036804 3606.455129061309 -1420.9587744936198 1036.5500408096807 97025811.1819857 827.5349961775363 88746048962.06766 0.16994483772513133 0.9972462845851411 0.3371069527718158 -4.690256210345266 -1.8631258199282252
0.0 44.33793831246044 18724828.192718506 76349926.62767029 143673854.40619612 6040.628434100488 8816.939165899727 594.8326287163452 50352171.72958613 791.3379383124604 59742239220.125595 0.28931918783814453 0.9999821731394081 4.556891356742783 2.9843115991220532 -5.6254022580664795
0.0 44.36792828012199 -33373997.989730835 -7469391.038238525 69839574.98574162 -321.02958990021216 1271.7460634006638 -301.9221464666189 73593912.03874914 791.367928280122 34545476174.91351 0.08708118645247297 0.9999984006023963 -1.337410299118045 1.002734657386313 -2.0212442513498385
0.0 75.87957919287987 -21600680.56477356 32431786.09893799 -46672875.208271235 15730.847762886639 665.4531221075085 -465.48360037970986 89382490.54739146 822.8795791928799 14821939701.463104 0.4446809744675355 0.9997829400401709 -2.7564906223385277 2.1952315734697825 0.2024905959361063
0.0 70.30900701236692 41712421.894226074 -17445468.503219604 78978416.80896163 4388.612972677178 1983.0044918485692 1038.4555747807121 56233122.610025436 817.3090070123669 59553252892.73169 0.002372819085395203 0.9998923944681111 2.772872163649827 1.3604639038617103 -2.1603269993250556
0.0 104.58426289860176 11989071.991363525 -37410510.118255615 56136856.404354095 69.46230636645123 354.8811554656131 594.374483388278 118961248.08820252 851.5842628986018 64059696293.64114 2.0676752739492987e-05 0.9967249803738673 -1.5779662497389513 -4.05783867999993 -1.915614224661357
0.0 76.07879443461457 66618083.47807312 -33658995.35101318 -58102793.3569231 58.37151471885227 999.8981398387805 337.2725914312571 69539146.15555342 823.0787944346146 31949873909.853333 0.004254454944584804 0.9978656525432383 0.7066290014243541 5.241448831089182 -2.5557853476112005
0.0 52.52348062088129 72132647.82369995 -49094340.90029907 76532387.85631847 -790.6051331045637 120.85622516857984 520.7552709561606 121571739.94906674 799.5234806208813 43868008473.03537 0.0016019448422231186 0.99936112966323 0.2598655557489695 -0.0043759242536554055 -2.6826631264021024
0.0 126.51546126050107 -34270048.060302734 44451126.37461853 -37005524.81856632 7534.251865983068 -1631.2431051099302 5564.742972297595 111429918.12094608 873.5154612605011 113766120009.44797 0.1348047386504236 0.9698271660230612 0.9116292749321625 -5.052318312657792 -1.3045862509740493
0.0 75.17106308521159 29809246.376296997 -39673162.74133301 15251630.224899292 633.0267764744422 4679.256081809894 -4243.121986207559 74013477.05623955 822.1710630852116 58105486399.481415 0.2488527659557029 0.9824454444977018 -1.3140492808884614 2.5823522466147475 -2.6606553916347275
0.0 56.47566202778603 -505742.1438446045 19431007.32284546 -31544421.279481888 -690.1663103873725 156.98801921622635 1112.4613921095865 116805024.65320037 803.475662027786 36794406597.98938 0.0226107171275218 0.9952517842917978 0.17094581921622343 0.07146196883813616 -2.940698213748494
0.0 31.03517513148404 9190361409.95398 12320312471.621628 -985667341.8641073 1457.458747919125 359.8718683859406 778.2898063167926 24505066.213777557 778.035175131484 46078648180.464874 0.07439531619382697 0.9994615740207137 -2.243992781442471 -3.296420627743686 2.74804360383428
0.0 31.993996219511587 41213585.05935669 -11638473.254810333 -1293360.7232294083 -213.56232961118076 1936.1762496081974 269.991340205641 26024315.473294098 778.9939962195116 46945128951.0365 0.05072040477838813 0.999609214470939 0.3529587545864914 0.853069435302215 2.9438800960053833
0.0 92.38603751534788 107374622.84449768 125813432.85717773 130090225.5824604 4743.122401963406 4302.345202502938 -3729.5949076914135 78642112.87501077 839.3860375153479 80831299612.3219 0.17678013495057757 0.9999954564297464 1.4938137129859987 -0.9437939425808143 0.6439492109198701
0.0 69.0600647276176 -31267517.73801422 5498870.287322998 -25705153.374745846 -3245.4379455890958 4179.058769813534 -2025.7227580180227 121445544.58143185 816.0600647276176 36594178930.604004 0.23985867697639934 0.9992478483756316 -0.5339324265181511 -0.04736588825893362 -3.3182518875160474
0.0 38.88709774930862 50335949298.45285 11873724519.119576 -4140598830.7363477 -4155.151359240204 -3218.1748785486125 382.29709446287694 30505732.773650885 785.8870977493086 76211495617.80878 0.059856351445299605 0.9995091198086625 -1.4685267421010573 -4.454664367025423 5.331486063897854
0.0 7.1842756845575195 16460038.240882874 -2585704.5861816406 1236650.4458417892 1503.227175144777 2188.0384073778077 9845.316007302657 41632593.78908554 754.1842756845575 46973799942.74515 0.20738004312905245 0.9600736434180188 -2.1285488493215974 -0.09691520595356495 3.1619784149280084
0.0 110.9174118432743 -5320438.014862061 -40318769.12365723 -20301060.18589592 -708.8044287008779 11094.830600772606 3021.937632755722 112140424.16687787 857.9174118432743 54738688496.30307 0.3167251038916328 0.997295338489495 5.221354629632515 -1.384599410938574 4.703937587681853
0.0 32.187566608360726 3308769.8800354004 93408578.67816925 114590953.52668107 3086.941805034051 3567.7161792511833 -2301.864710106136 62851762.09168101 779.1875666083607 59487994992.13568 0.22390941744189274 0.9971896343630947 -0.3007108787541881 4.617336721047835 -1.292161504654326
0.0 49.65390595549786 -52918141.01839447 216678965.25177002 -27529863.61997506 -1826.0205116522666 -511.40898078253804 409.52660282307625 95030683.73974238 796.6539059554979 69620602214.33542 0.13766538198661155 0.9998800834521243 -0.7611206033285651 2.1249533411645074 0.13427204447899066
0.0 33.94839682337363 -36395462.582595825 34096258.45309448 15864339.627947927 3277.6722858248268 1479.2671074869431 339.2792994070069 27601863.558859494 780.9483968233736 53862964537.14816 0.20117352984473924 0.9998106271125513 0.7604933890357338 -0.335383817060819 4.7210057387720115
0.0 22.593771613412287 109757986.20596313 -36531758.46333313 75570100.43533325 268.91661237319715 1347.9462659285782 -7620.89782724138 51860505.08165968 769.5937716134123 44985176956.61456 0.10781011234011269 0.9893520073210088 -1.637029341554804 -5.420532309788314 2.3532541291494993
0.0 45.28171615240183 -11885492.90632248 -1405732.9037780762 57686759.08521557 681.9538935864803 10685.365588650428 -273.3810648397819 103698209.6475516 792.2817161524018 34336669374.70163 0.29216033031631683 0.9997946617650673 -0.7898271444226102 -4.016583451332055 4.6821489453082075
0.0 24.50104845277042 17054743.198059082 -41395700.30523682 28289360.723010063 7225.458121234482 4276.656938973931 776.9155288863086 21534495.736541145 771.5010484527704 25803325408.853577 0.352909534299963 0.9996629396389614 1.4514720822357385 -2.037044988282128 -2.904534022291023
0.0 57.212853364142575 47012745.13890076 24397604.79285431 11374851.962258756 10133.264252557552 2790.1067152024298 1551.8403841676432 99162760.07835527 804.2128533641426 35334680919.1734 0.3179682843701797 0.9995884678606908 -1.903771517577754 -3.746831235689163 -0.28830980100320014
0.0 5.84009961479876 -61716581.800338745 -56742626.36078644 -50055137.742127895 1369.4398567434018 -3362.513398630239 2472.632439533054 24807643.758091483 752.8400996147988 43099710390.89009 0.22732319278367064 0.9983962017407598 0.8971057393453546 5.0900402786197265 -0.6459734776791168
0.0 76.51441470971179 -15801498.895599365 20928488.08392334 -20801373.704515457 2281.169248118744 739.5293564552885 8083.446340662409 58856930.4164192 823.5144147097118 49172419557.36221 0.00637788909739162 0.9450145733991544 -1.5020047823705043 0.5654611671408173 2.579746882403479
0.0 69.4215950984161 -49091646.087265015 -34671089.22077942 32106017.787566423 3789.3461504289335 -1005.8601312327846 228.2743200661036 114034052.81227405 816.4215950984161 99256635580.24722 0.021277415218264775 0.9997439839257459 4.907186153991068 4.594034095733583 -0.5596524658186084
0.0 29.157790377860465 6767030.161781311 -136824.14891052246 51258490.31214547 1489.987010885532 -6767.177315413368 -1417.3505674197463 28881827.374437638 776.1577903778605 31620531154.607986 0.1995436088241312 0.999186647636362 2.6694716958416 2.964036710944745 6.224506694918601
0.0 112.53686977966663 -11751626.84101677 -40076169.69616699 -94207510.90950489 3587.0090465272624 1120.9438496561074 -475.62863848783206 122395786.71025704 859.5368697796666 135656285462.23895 0.17982495360314718 0.9984752200380784 -2.03927840749006 -3.535846477873035 -3.070101582662973
0.0 30.92617350592161 342915376.25183105 351962715.81365967 -52855212.17688656 -1670.950482191849 -3699.1722983381333 -764.3172408738103 104829043.70752078 777.9261735059216 22575943023.475067 0.07223124439963856 0.9996456132008343 -0.21070360807956978 1.8976104287717996 2.5844161453670624
0.0 99.82585733463713 7991819.799926758 21014247.4888916 3341205.853565216 1018.6340888325467 3411.436573924535 5820.475986183028 104081774.23689984 846.8258573346371 62303574737.65784 0.10943947758904601 0.9717055917555518 -1.369854566547937 -4.249006883564103 1.172284047106869
0.0 71.35633226280163 150491163.0362854 -108316459.50576782 65036901.46053314 952.2836292748179 1721.6675870656 1836.8110620824766 65769593.55753139 818.3563322628016 70891630653.70673 0.08641863359276625 0.9980628808967199 -2.2062440772773804 0.6646001273913 -0.8956249229892312
0.0 88.88824391871242 418719.6067581177 55687604.03845215 -57128929.85589731 -477.0526808610193 1122.0677543532433 872.585442103511 85699107.28444867 835.8882439187124 70192619904.72781 0.016010803142882085 0.9994346976324252 3.7132954953739743 -3.8091305814908036 -0.10056589659627885
0.0 19.07877651185879 151847559689.6742 62045780121.99591 -5843460215.224018 -19216.57207746961 16887.478231467514 240.47548534575924 18868142.681533273 766.0787765118588 77386136493.05002 0.06819701983600233 0.9994953287464411 -2.2741984547863567 -4.43301911569206 4.558614117383117
0.0 43.53019202811106 -4522435100.586975 1072986425.3276901 309972718.03694606 1996.9353140935636 -1243.184281952501 -1356.766544883194 85748141.43737367 790.5301920281111 71323088110.92572 0.06021298169365255 0.9999868213935358 -2.194544867429092 2.8765672789468577 -1.9426650004257888
0.0 25.98362403601425 56810524.51226807 -230105348.61149597 -53526499.061136246 623.3440372145324 -123.12210843187131 762.4487717594327 20561159.189421754 772.9836240360142 10579104437.740295 0.0342259677472081 0.9996278131654529 -0.8916767709651519 0.8514299231900653 3.0162822047510773
0.0 82.0674022299288 -92221533.08325195 -46185754.15219116 -36038371.10185146 712.7658146145222 -1102.8051466792203 -568.6131499037288 79377931.04907368 829.0674022299288 25536969937.89279 0.07934856857124833 0.9968091891219613 4.748560166999253 2.8046806581604957 -2.4786040016506514
0.0 59.617053273476245 7269128.608932495 20859722.195281982 -56542615.627913 10049.80123490755 12381.753615625781 988.3072292372547 79830054.19619556 806.6170532734762 13885629341.164124 0.49156941027943574 0.9989331225345917 -1.1361494825302605 -1.7665686132662488 5.5235376381761405
0.0 69.35094171465119 -30125644.288330078 -4381924.705322266 -16861793.91222906 -4714.290837980785 -3788.5025734699993 6974.630197970851 89543013.83012718 816.3509417146512 30791892929.187744 0.11895677548764833 0.9647634001716409 -2.577839303410107 -1.0171199929911563 -2.091937676398947
0.0 49.45204516777767 -50016313.41923523 98122191.32926941 95412127.86468029 1659.750536339914 2336.7760185607112 -4033.9847385242174 66657692.0143527 796.4520451677777 69649074441.57886 0.13640556481412133 0.9951735387198358 4.057651830214617 5.763232981719084 -5.571329213723303
0.0 54.27291666538042 -20201434.479156494 -2375199.6034240723 -54462238.8034544 -12388.613787680973 -5465.9975225565795 1082.32630212387 45850348.224977724 801.2729166653804 9464159182.428375 0.34769900041111124 0.9990690613187384 3.4963862272019046 0.46916953937471495 -5.985283497751507
0.0 32.79358770594854 -16292300.600366592 2632055.5616760254 -35778802.694904804 2741.516295012465 901.4144294140006 -874.3042833760226 37345757.13503463 779.7935877059485 50795824893.00104 0.15315643763027126 0.9995439434019646 0.31397363526154565 -4.838457260952545 5.101316184182648
0.0 102.39301763426363 -61075984.191711426 -6602056.911222458 52016865.05600929 7930.918479033007 -1885.775871419839 3956.017428319702 115014356.8168432 849.3930176342636 89522222241.96512 0.23901555376499609 0.985673069611351 2.5032512618730736 1.55716205437986 -1.3820226358724184
0.0 134.34589423434568 27741299.79908371 -39550968.11428833 49937471.12856293 2398.225499958022 -2622.347996441236 -2598.64877508136 105925808.75306252 881.3458942343457 49202649971.46979 0.10469099974065905 0.9926668611504607 1.2922249807022013 -4.811948690366733 1.5056689967971777
0.0 94.99539103659208 33353543.495513916 55830355.23638916 60726440.407955885 647.7422908652225 842.1221766259223 -136.92357794615924 92473543.102616 841.9953910365921 64991655441.76114 0.04697736028364367 0.9995561794407015 0.12100890660059216 -4.163035806848716 -0.8949663971736936
0.0 75.33345485741347 -2162082.4785614014 -30022075.69369507 35339226.388516426 4123.610357524787 -719.3835815646744 -223.58676614602575 108466900.3969868 822.3334548574135 99667051394.77133 0.029268574543573636 0.9995532016944517 3.7026214089787226 4.816303423672911 -0.5239634745997761
0.0 32.7494994509218 25987903795.81932 48947765174.34705 -3460838125.0250607 -4660.112032896093 8411.321039962724 262.85108414316863 24965984.358983196 779.7494994509218 52954998549.69675 0.2770769546422275 0.9995577543497587 3.9473978997596926 -3.2457611619584856 4.0882528580875634
0.0 16.62614971513119 -29214445.829223633 -49304834.53314209 -74981249.58719063 1018.2020647922707 2327.649842741128 779.4668391184738 17907569.363068875 763.6261497151312 49460231155.15631 0.12042462965418606 0.9998815524399094 -0.7619517974709239 -4.544537846841711 1.7878983140123363
0.0 97.61019732811928 570506939.0662842 -9015335.613601685 -329122162.51580524 8077.464747781406 -1957.4723469506098 3267.29872914492 125366041.74885638 844.6101973281193 39138169726.441986 0.14138306149409535 0.999972179589219 -2.7290552710358904 -0.5791307065067158 -2.895763541637925
0.0 39.11284513249336 -33448360.689453125 -10515998.806659698 13185619.802103043 2699.030374930957 2078.2539009535867 -324.5205887156444 45559788.71776057 786.1128451324934 61452590845.7186 0.10944724700654054 0.9999968605565288 0.033962399263911536 -1.8118111908025036 2.3015060448020717
0.0 96.9902057535752 -21860248.77064514 -68560287.96002197 -62737188.83749902 104.67293839587 3097.6735603039615 -1465.922896598282 126376635.56876057 843.9902057535752 76781456983.89035 0.06561947246342256 0.9999838802904858 1.9452708838018926 1.1565800180582637 2.57206912368925
0.0 95.82465083511545 32952226.49810791 -40423726.69857788 77641582.13615203 4085.141005014928 4594.595880784385 -672.3841643630283 74671874.22974809 842.8246508351154 64843161536.181305 0.14769194282428597 0.9997419563244502 -1.7037470607400882 -0.4488239349401355 -4.006967629160781
0.0 77.92111386965723 -37088817.69392395 54361603.24921417 -99852512.66892546 8068.850260164296 -494.44478246050494 397.8112094213911 100536008.5400374 824.9211138696572 34686259076.658905 0.27197794914667955 0.999860630629294 0.1457527706541198 0.4393725414058749 0.4470999881639348
0.0 69.70989533158081 53328463.46546936 35475467.42123413 3847518.0846161842 -622.3492556757446 2917.43880612827 534.1034501196189 72429856.49117789 816.7098953315808 35740803858.220184 0.10041407312943329 0.9995103717016207 0.9407375209232256 -2.047376384095172 -2.2462815866077417
0.0 81.25721649608613 5032375.536941528 -13753475.176971436 32744109.197039127 671.8691283788248 -1325.5741516989838 -693.2429831575503 93463711.76181135 828.2572164960861 80270775300.88281 0.03567915274299266 0.999976819258311 -1.0097415423110807 1.357516870455094 -0.6426124084745066
0.0 76.82850465185265 41498547.67112732 19066985.530654907 34365994.73952103 2678.1840531461676 2129.6786684553226 1125.4698163893686 76939624.64608943 823.8285046518527 41714650304.925476 0.10200899399852724 0.9997150580781915 2.438988821289533 2.4681606503161384 -0.8218184699650005
0.0 49.19800024612732 -7137682.138374329 19452412.588867188 -35833193.90996933 -3515.6944367316355 -8472.963112251931 2096.7316009339756 49989612.40074595 796.1980002461273 25589229799.59262 0.19982026727628915 0.9984512861075058 1.720793880405649 3.1737935436270264 -0.2784502617786
0.0 80.11007909575278 -39542835.823913574 243710290.57110596 -111041863.61193538 472.44440789555665 -5274.860884138912 3122.6115756607287 95133488.88675562 827.1100790957528 75181535869.69049 0.0627526227291613 0.997027122383383 3.922976274056848 -1.1903294089080474 -1.8074602909685105
0.0 78.27267119757744 -26711215.74684906 33967390.27542114 109956286.2836504 3752.8724488401604 900.0282583309036 -105.27735999041704 125957889.87372752 825.2726711975774 124577506349.99966 0.21394460325085093 0.9999153395743291 -2.1005475651403884 -1.1548301950871027 0.9985039799626974
