Label M_f Ep_x Ep_y Ep_z Ev_x Ev_y Ev_z t_t m_0 |Delta_a| |Delta_e| cos(Delta_i) Delta_Omega Delta_omega Delta_theta
0.0 60.885861301864566 11890296585.587524 34128864925.056564 -2476278088.3406177 745.2967030949148 -1152.5812060366952 742.1226156543495 116307915.27599797 807.8858613018646 69617995459.75806 0.04172336528025228 0.9999508814674875 2.6203845077271817 0.4827692812815889 2.457514926341724
0.0 87.21212739036207 -5598896241.466202 -14104520587.703781 335278135.7862704 -1083.0453877979162 1447.8052732466713 -807.0608794493689 83482605.6296551 834.2121273903621 63050083408.92496 0.09992759928503211 0.9996330690030574 1.288208536400175 -1.2509235227995052 1.0895295551233144
0.0 18.556905706920816 10787055595.788193 24539248607.409637 -54070048697.13974 2000.5533399218584 -87.04039834288051 1755.4948172291145 26276131.942907136 765.5569057069208 58857094670.472595 0.030270808840667088 0.9613938385723355 -1.0855711040006466 -4.232939375327444 2.622242623332006
0.0 47.851313451713395 -49340843766.07593 22800727888.018906 -16435154398.910166 3071.612562931701 5253.026978912989 -2076.690004453784 93631104.16954318 794.8513134517134 65120502530.858795 0.07805316407388967 0.9926625432720305 -0.628618392008266 -1.8918277297537782 1.6975571781812395
0.0 11.227873498000804 4128862236.2123566 -21335138059.735214 222551954.081919 -50.405572570613 -20.492418605299463 -19.91912607059586 32866678.213741828 758.2278734980008 51243584205.32971 0.0612446809973847 0.9999987839095634 -0.6198484321641753 -4.794529696325722 6.0282820206095975
0.0 7.253637454787736 -37027649443.91312 -27402769248.7005 -16391772886.83234 61.92317191534676 15.891202302227839 -8.571320896123552 40110277.08066852 754.2536374547877 69379226960.03955 0.2220045422036899 0.9991852876892128 1.1370336161377783 2.7588140696051893 3.1997319037374776
0.0 71.3888206868346 -17217963336.785294 4709877717.114136 -33559320165.951046 212.55255498467886 450.32619144992896 -283.6724995876922 89455974.2866411 818.3888206868346 92903534944.25339 0.06612964367184848 0.9874763036661208 -5.342280274113541 5.5563201863752845 -0.13459911383120027
0.0 28.360966989079543 14252743112.49356 -16691058348.32972 39134420029.295364 -34.67448915003433 -37.06254383513806 25.350734869237954 79803702.43570684 775.3609669890795 51631336371.62439 0.1237218881178497 0.9770355695275634 -0.18098878154718046 3.823388734329951 -3.8849333917563067
0.0 26.503313985890145 2592713988.575485 30240749905.13331 4427058556.131606 1792.1349621310487 -3154.311850212187 -1057.7482822403967 32716661.290671494 773.5033139858901 27660321030.211548 0.24818208478474763 0.9993199763359928 1.422139771328063 -5.592318203766425 5.158666326586554
0.0 123.53152788509612 -2298115214.5475464 35635624696.753784 7558460116.588121 -18.75058141156842 -44.11073844039856 -36.96016676545901 120962170.44947053 870.5315278850961 72002657889.97299 0.194712391486336 0.9934914111953209 -0.7987028461462315 -2.0217652015059024 2.160300674610965
0.0 77.61670029159359 -36901216913.630295 10591587944.845276 -7547627428.254141 324.5658590306193 1.709404202805672 1494.2773190674636 80957154.39086954 824.6167002915936 32173418165.246765 0.1127581931901175 0.9998143547513018 1.8821251089505369 1.0229747831333085 1.4436317873566347
0.0 26.126005640790595 -40051545256.243164 -3111428548.920883 -1197343452.1846292 47.32857709782911 -6.231209240602766 -3.2371555640058887 57761599.51797767 773.1260056407906 56361601917.775024 0.15940966451409838 0.9999867091333697 -0.3409767731621336 -1.4768168520593041 0.0029767468631503036
0.0 7.374716671435181 -47431879787.40511 -7920937680.887512 7843931881.859798 -12.002830516765243 19.868084830282896 -4.817116899752591 34723315.80518468 754.3747166714352 64149451541.8707 0.27765768055788903 0.9997782941288765 0.4999020033548802 -5.0502381643982215 5.249839150718243
0.0 28.603043574561752 -5343120102.516224 -8661704414.781464 20354761450.545982 2900.5850512049583 727.1445001603042 3045.2627610205654 24502098.125280663 775.6030435745618 59085954279.79385 0.2933428448561849 0.9832018374060458 -1.5458374392545091 1.3378410783555201 4.987537129011521
0.0 110.60029077970978 -87222677109.65552 -15602298710.097626 -45207750164.07883 4.878105458268692 6.569736735611514 47.28308997868373 114768041.78019322 857.6002907797098 36689343671.10156 0.3537901901535651 0.9870271208958245 -4.17829357290375 -0.0123156578710919 0.08330071436164665
0.0 105.14137542693436 13086124453.300629 12552313202.652115 -2853967195.911473 40.70165781394826 -25.580967345562385 -40.40544027329655 100584534.88121271 852.1413754269344 108697444330.3013 0.07547470706176881 0.9998808801206521 0.4889515848828374 5.530596388611854 -0.77257603016816
0.0 91.24098154079627 -20835617734.119568 -18468353257.426758 8332685666.377399 -82.28378787711335 47.7641580581585 77.76226534369582 119697258.13201147 838.2409815407963 43301426975.24652 0.19699654880481773 0.9998880933617994 3.6028439297248935 -0.9318723244463522 -1.4764723698412738
0.0 39.100462309913496 8367854583.139786 -40861860610.94084 37106555088.32039 32.64598750573714 106.91653787157702 -26.525796606185736 101026599.03287852 786.1004623099135 107611041725.82611 0.07723541933704697 0.9800408523609778 -4.865786744287563 1.3615183645596338 -4.488225127227616
0.0 61.23164331433986 -21896162845.920563 -14657063605.050232 -6163995427.292348 -38.64681078126523 -79.53964939269281 -16.46582073503771 121190950.77973382 808.2316433143399 124894148399.61575 0.11275627852210324 0.9984794656146231 0.9813342477171433 -3.9336252089656365 0.2703980845831364
0.0 30.15449631323304 15470168436.656738 1297981556.6517353 -26683454464.13176 -3.26899806330664 26.14606509535588 -68.39469556949916 78810518.96733262 777.154496313233 60389353348.967926 0.09455975059522279 0.9999952623827686 2.0730165173037625 -1.5087566318273493 -1.5279569460838354
0.0 37.00871068444269 -61770124067.66072 3701252570.246002 -2703260333.0133715 43.40192197581928 32.58119559742272 -15.563509143503666 51396406.88436387 784.0087106844427 44082023150.61279 0.1543315692573725 0.9999999779940195 0.10197066218073791 1.854978090977174 -1.8566216716767214
0.0 9.249796480896634 17188756493.627594 18937238272.02424 6313058230.77656 -27.612571389219738 3.267177264311613 8.397154580229966 57038687.69432905 756.2497964808966 43896832492.526184 0.00018828516675689633 0.9992177840567167 0.2506362243636633 -1.4926911303875654 2.9692356199142393
0.0 31.172060561996204 36201505889.71603 120366933907.31433 -82372838732.25348 6382.501662562827 5768.954428447415 462.62251338068063 40644320.523070686 778.1720605619962 126894968625.0791 0.12975350044276254 0.9610024663371987 -0.7227608836843085 2.4845315459446073 -2.9738076731295395
0.0 0.7395805816678376 -189673578242.97705 201458393142.02383 8213973935.371057 -22100.20217726431 -6624.440473235629 -389.15290317765897 46651906.109855555 747.7395805816678 87242265741.05121 0.06965540818979693 0.9994811669957828 3.8437718842263293 1.277448657961818 -0.46383105299929794
0.0 40.01118688415579 8087052550.834839 -19226011122.660263 -41348628254.749146 47.33906541256147 16.213587088539498 -4.919864861967312 125900313.35948753 787.0111868841558 988868071.6500549 0.12496633964839848 0.98670143360822 2.6257849681678485 -2.794065975404941 2.9526529681356304
0.0 27.209127026723877 25246724336.891174 -53015260988.911194 -4203185918.147234 -7984.925156492958 3677.2253371311444 -398.5609512957126 25218445.348338924 774.2091270267239 71276109715.6459 0.02712859081439542 0.9996574914451124 -0.3089760197560777 -5.398562397208204 5.067025792214109
0.0 88.18270473390419 -42613603132.019 -16772700568.559128 1406351224.6127439 -2209.945199395581 1862.50220070453 242.5130459446268 83933842.76286846 835.1827047339042 79549388987.55438 0.06111957776817004 0.9999821756977272 0.11081696326840662 -3.3144793639735672 -0.8543025368072708
0.0 26.08152670673985 192519647825.09692 -43894876795.87642 -6456048506.71571 -1347.8689950551852 33548.52690836212 -258.8316023053157 24167403.867848016 773.0815267067399 68168712456.822876 0.08078314136395612 0.9993969216293089 -1.8496280995522079 -1.2762038060779757 2.2129812211303017
0.0 4.095220657086884 -72418344038.44139 40800041598.124725 2255095179.1742268 59.15821699756634 217.6264811974179 800.1590732298687 50403425.260036334 751.0952206570869 37371000431.02286 0.3071690502785206 0.9997004551295631 1.1723050712444432 1.3024495524023174 -1.9234505714254122
0.0 0.322421718645046 -139078895110.8246 -246837659045.336 4228248973.739981 39814.17593122035 -20643.390298792183 -618.895899200018 30760754.56245563 747.322421718645 28276089791.48123 0.22410310826780513 0.999275576388913 -1.0792936955426988 1.1580776561213673 0.4732706017862789
0.0 26.093991352870603 -26871491186.630486 46969269328.38968 49157868488.297005 3383.3028661312674 365.2545319342307 1269.1412496334856 94562018.13537726 773.0939913528706 71453753069.62695 0.0460682812733236 0.9787080678665373 3.621507715964635 -3.7637923256452295 0.8267144173141028
0.0 65.64617024993777 9744607576.588066 18655485716.38159 835121178.8189075 959.9679290032218 113.95654891476488 539.0398359152698 85013994.66220464 812.6461702499378 59554841380.237274 0.061620007624248296 0.999584703466664 -1.082435240967888 0.957540648014902 -0.8033721084370385
0.0 34.834395404810834 -29285126629.502716 32162607104.041313 -3484110265.742333 34.603374434107536 28.750619074475253 12.125264361491624 45935736.29204644 781.8343954048108 47220297867.59918 0.18579691320280992 0.9998906274914601 -2.6033825560149877 -0.3344861700678822 -0.47416496347345527
0.0 17.06612001698136 -25700914197.486694 40503908788.744705 29074882024.614662 -0.8116908470146882 -6.862937736794265 -85.81696360703938 53567230.95811869 764.0661200169814 1320889430.475586 0.20357409681435723 0.9952533597000074 2.092551408523951 -2.5644693769337903 2.8175348972178775
0.0 9.361267681979825 -47563449668.77727 18178358681.527847 9648723873.02785 -8.116295828775037 -77.97085041534956 -42.95171258832079 30987411.797405105 756.3612676819798 61305445294.53049 0.2882232322186422 0.9999401390831458 0.40266116297757 -5.021169885249516 4.9855662259289435
0.0 65.67247300263568 -7405935089.483566 -36806547635.73355 9316764942.94555 6.451729829193937 100.30078560721813 18.309746047087742 115822738.86552918 812.6724730026357 132384566631.51904 0.06280093837549039 0.9993905498438386 5.229508219944456 2.771125007251769 0.8901197797653077
0.0 49.53994943620512 2047246146.8304405 20237657498.341034 3341726987.206959 -11.938699527498102 15.650144405864921 51.24428645903396 94679733.9988181 796.5399494362051 65766004162.87076 0.018925426624327987 0.9999233638885233 -1.8267225216584024 -4.022655946220551 0.7580761784231145
0.0 7.570234212776427 -22088401630.12268 64319526766.05345 -3707146265.224022 202.2682123080176 133.51284558899715 425.1850868256273 41933430.55164753 754.5702342127764 36272195711.37091 0.38351716697127386 0.9998230703535103 1.7408218094971872 -4.630384036629166 -3.4163207628594674
0.0 42.71554079831651 29276220260.42096 -8345159178.352875 -7221359577.504913 -55.532147699555935 -17.991239859683446 38.99248733534998 107908538.67478786 789.7155407983165 47809296594.16547 0.15476536784200728 0.9984961151773869 -1.2761276709994902 -2.0472434006702285 1.6207289293890343
0.0 25.067840765605183 -3328189947.4696045 -34267028999.205963 -2905472888.9825926 -153.61469064348967 54.376777408073394 -202.17526431215276 79183017.8948634 772.0678407656052 38104034237.920654 0.005277980500892954 0.9998220403362043 -0.48081706678457214 -0.704160338439678 -1.9147859725341794
0.0 0.3048353888747215 -25725111708.515274 -40472876848.42639 2925313570.0727243 12327.073681542144 2137.1047846521724 -896.825290006662 35969055.997298576 747.3048353888747 49621168902.17537 0.01939740955255427 0.9994186726098095 -2.359073953177708 4.110719115303505 5.682469522703521
0.0 109.0753995092175 -733877744.8999786 -11414775302.502228 43555958803.36735 -166.8039748725787 -111.46725773091384 -94.05114990747563 104846727.43718006 856.0753995092175 120509537299.85205 0.0675919264920317 0.9662724118039973 0.23004953200029954 1.0961943194984431 -0.6593188210244789
0.0 21.81484904310946 -11298332479.129868 53923062124.83855 -7616502019.584302 -18.070332494115974 26.923670789899916 55.05971634179872 38096032.265231356 768.8148490431095 40460395105.96329 0.35628416383125666 0.9996178770035542 2.4263927330382957 -2.3729561578158935 0.04994187677493267
0.0 49.00089137686905 -32224998809.8284 20578762336.742554 8222419716.712128 283.52499858220835 93.52623969996057 540.5703350437188 63345403.536599845 796.000891376869 54982208634.65848 0.011968651107999675 0.9996341728730328 1.5234502046273168 2.1269326328665383 -1.58705579203062
0.0 45.91341892031062 14772211748.80089 13469395099.750366 -5005138722.578737 114.6912426088129 -59.79345134254618 20.316306245899014 59629833.95657823 792.9134189203106 45409535005.17667 0.09999772309346255 0.9993424959683131 -0.3166169381597781 -0.06980068974756347 0.36889225171425366
0.0 26.53009773183021 16077094872.780502 32243533577.113983 -4611327147.6526 1562.1202207786919 4134.117256484566 -240.3402442255738 35087539.61097949 773.5300977318302 32040784064.625153 0.33909204083102173 0.9992648235656646 4.156619892477355 -3.7965926364135303 -0.11592146895874755
0.0 1.190667920220335 29078957359.682983 -463004868.8639221 4804054400.932268 -24.63192082522437 34.38504169208318 -61.68230111535922 47012548.38673813 748.1906679202203 62060933744.42392 0.16399326118916766 0.9994299287372177 -0.27646619686651125 -4.610835404370833 0.04634522512487793
0.0 42.081961197054284 14478813860.246002 13942283095.396454 -24590165801.545013 367.70549444712924 534.9222368356313 -2966.2695256114202 56070751.562931545 789.0819611970543 72973088553.39987 0.007646524682053263 0.9963242520018677 -1.5053344739562353 -0.861941190728742 4.131966224678804
0.0 69.91574422853012 14773760222.76587 16141626629.062119 -1860611007.2849908 47.556842955428124 -114.51388748289173 -55.323332554643855 105615758.51426059 816.9157442285301 76542218135.4599 0.070113068157625 0.9995585009629047 -1.1237213577487193 -1.15450721786903 0.023493211212707393
0.0 64.9461563060238 -15148142436.385391 -29037088127.753372 -1276376721.6760197 20.33052552521258 -48.40559199735253 56.07379077560553 109498523.65326792 811.9461563060238 103595899112.99185 0.0940044066624821 0.9999733528886574 -0.62904724244521 -1.378256607049487 -4.521710999588877
0.0 12.56376584602242 -153880626566.41452 -113058996922.66272 5347800296.239797 30226.141835845487 -21297.530208354605 -621.6522968413788 49777004.3725583 759.5637658460224 41035371048.37927 0.17525228989929267 0.9993639021708765 1.3147793011865974 -2.254475568770039 5.088939414179137
0.0 92.97809530444374 6410887613.456177 5891399219.155853 533302210.90983295 25.846550783764542 24.85656668815256 -1.2635789912039428 102931489.33844633 839.9780953044437 65032455606.29138 0.005606838827211635 0.9997998224899441 -4.161790112584878 4.05949873782221 1.654341267782848
0.0 38.57807233300525 1234432717.4710693 82241734858.54659 -9199417820.63824 -44.12384552822732 -10.648969013513124 19.159313600708344 54071532.06732641 785.5780723330053 64021103779.84036 0.28773822036991714 0.9987415505025448 -0.6237867831030939 3.174222846821201 0.5046019416964422
0.0 41.62145218776993 -78227066337.42809 3177231089.4427795 1412646656.2660856 79.22580952650605 -31.93653090992592 -21.73312278954244 62448523.425622985 788.6214521877699 49578935948.78046 0.3902033725100686 0.999973164579647 -2.2714907547136094 0.6660090545849218 -2.5616949207061013
0.0 56.72689429745731 19736330317.69101 -38437366198.343475 10362882064.70926 -69.31394079464371 25.951230110858887 73.38637038582019 114011188.85078827 803.7268942974573 23380341310.926422 0.23130726708140908 0.9974850924293939 -0.7859967547179698 1.4475862858822572 -1.050515265577257
0.0 0.2629887048993851 -167559428877.02075 246992814873.93765 3755308817.91746 -3133.6972040120563 2416.8636132242063 -123.4759854076251 34457192.612350784 747.2629887048994 297390291612.0564 0.3499775751737122 0.9999566427490221 -2.1157658547464724 -0.3476602091594274 -0.7108547885463659
0.0 79.98435029403299 23435268751.821198 3698431171.7345734 -14796714625.619608 -9.95264498628967 29.87708873734664 30.06584284572898 103746027.42742603 826.984350294033 73306221164.9006 0.044702976852428904 0.9982125985305534 0.39371709320840376 -3.657885422093978 0.8823779208230405
0.0 104.9477383136682 15796862638.558273 12482383707.867767 -15084163638.32737 -1683.4448927172234 -906.3147067476273 328.5715299157048 99306798.13143185 851.9477383136682 19879957772.078735 0.21288190225340164 0.9921993835848251 -0.14249192073312122 0.00973113561128125 -3.390719961825566
0.0 87.64674536518987 7944754534.788086 -8288526185.3784485 19876544935.114494 -27.90035275567061 14.330200663215692 41.52421337336682 87462456.63503677 834.6467453651899 59921866603.25098 0.0326387540592548 0.9997935754042095 -1.5682235985587842 -4.734622882198249 1.4769668285768558
0.0 57.55965153054535 -18020072966.491196 72655405455.54149 4583108323.158941 9143.058650999224 -3555.7394213794723 643.1582899283917 73614832.15655677 804.5596515305454 51848915310.06094 0.14257326910100848 0.9994057377105307 1.7297140752736682 -5.4209056797042985 5.777818396017446
0.0 29.8573282356233 -21848793259.851418 -20172593773.128387 28658750203.395103 20.408981298762228 -13.917509552625233 18.502248998326195 67148073.41209307 776.8573282356233 78211062315.3542 0.042142723293206785 0.9981546412566261 2.1064908299737644 -3.2164566106841566 0.3089069961803479
0.0 29.28022756958535 37332317681.81491 -16766765897.768326 -45158450133.081406 23.24671004636184 -14.581415436314273 72.98521906547569 99717222.44680552 776.2802275695853 105177420756.33078 0.055705082995978 0.9786659195671881 -2.1692182542239817 -1.286166535028055 1.3044823524262217
0.0 68.02682518943118 -16137124471.784592 -1311021749.0836487 -42753178636.97433 -70.21525616904182 -90.70853025815632 26.96337670298317 117210974.72955626 815.0268251894312 45523397361.98279 0.12529585962182252 0.9888196177104818 -1.9271352265404993 2.101006094022953 -5.280096287956345
0.0 83.38378320377262 8944831851.578339 -12119549736.308228 -6405954540.885265 -19.388199488439568 88.72220107253088 -87.28207680786863 81941312.82386987 830.3837832037726 88929196283.32591 0.09964364025153782 0.9986505013043884 1.8515522147244303 -1.2161882577688279 0.4863222841343413
0.0 90.51950821955938 9942457466.352234 40299750871.04709 -38376726344.997795 439.1626617294205 -562.229226950858 -1795.0984280119462 115317108.3140017 837.5195082195594 102599877626.41977 0.09395450543568959 0.9699453551030928 5.81277726175337 3.228137138602211 3.158539273595169
0.0 16.183200822607205 102359026615.16446 111127700559.44267 5062285831.365944 178.93153393558532 17801.388820740412 583.1513482826358 29984513.467025246 763.1832008226072 83624246266.5033 0.038281454643346535 0.9994910834475533 2.557878039543416 -3.247363774895922 -2.144665432803063
0.0 46.91146675430514 -606744682037.6581 -157239229355.28375 5455433960.930364 -18636.3339908622 -8098.652173426364 -382.9905489579729 91949631.87791508 793.9114667543051 329958027699.3002 0.4402357768657015 0.9994732812716391 1.977517550219472 -0.9415312523025171 -0.3551658495012288
0.0 49.63913608331859 3951528237.5491943 -1970270841.845314 15424622502.161655 18.51227756865228 -42.039325821013335 77.13123760699887 71177399.23766543 796.6391360833186 47217916525.23465 0.01644176121463918 0.9980525755912878 0.7284068740167611 -0.4838904753322746 -2.747642826217092
0.0 0.4082607099630877 -68634866032.218796 -158003104038.4541 1779202434.7298727 40696.32061765873 -11203.065110188065 -882.5820829780067 24206112.721237592 747.4082607099631 41293910379.188934 0.07170540871940481 0.9994876792569876 1.975108934769664 -1.3408563342978872 5.635632800263989
0.0 75.7248292911703 16551286848.401123 -1379797179.460411 -4141544916.593041 -20.011616640811553 7.588144169320003 50.56726324336131 77915722.25805607 822.7248292911703 77400411175.30945 0.07163037800223225 0.9996582534292591 3.167893259185606 1.330801067065163 -4.572871806972268
0.0 40.78152469677366 27127418600.590332 3303542979.550934 42089421248.05173 29.44902366016686 50.253395095507585 52.223631395434474 119195903.4716392 787.7815246967737 38974010532.606964 0.05511147327474316 0.9813589782203992 -3.1558730184064476 0.3657254561025489 2.831661296634856
0.0 71.41553592744742 -14480853792.8154 16347859687.596222 11721202525.610878 640.4659367973727 451.8375919690516 403.6220951035098 91776544.7169371 818.4155359274474 96009355887.48209 0.06982958357116267 0.9979730633933458 0.47770810962628213 -0.18430854354396725 0.23500625221250782
0.0 0.10167791668550308 -21608254845.961487 -259898632422.55765 -989111032.138313 46960.13991245018 6251.0027107725 -834.9390174516501 18639559.79473056 747.1016779166855 48509181393.498825 0.01628338336062725 0.9994965902247492 0.8021324226031922 -1.1703835324682275 5.5964901461514955
0.0 42.485300123194634 -39721425295.72089 84807757892.72348 -10439409164.39414 -20.77550430307201 -25.0920255877827 -46.250932903315814 113467582.03344153 789.4853001231946 40571156795.364105 0.33132271088822474 0.997527187846052 -0.22238826229884712 -3.376704514610004 -5.660191301395468
0.0 72.6176739205315 7620169853.94751 -5958647024.318237 -32386927085.922394 -28.217895617368413 58.345095505559584 -27.234990975163015 79073267.74287954 819.6176739205315 68794742351.5715 0.015414740578198229 0.9799869370245549 -0.07064684524175557 -2.2531653557503217 -4.008774550782536
0.0 2.146659009642235 -383230117331.7981 168859441725.2537 6124547927.447214 -21075.475588822555 -35447.79082064176 -431.0624443112368 22932102.455522962 749.1466590096422 50685838343.511505 0.08673526056632495 0.9995439677868354 3.581883340086021 -0.9469187197103748 -2.05924122490834
0.0 89.62418405457584 31082001374.41205 17590608912.327705 27642910815.889008 126.13346163411006 57.02799796412728 94.63936428960301 128738925.3477962 836.6241840545758 102737200267.6164 0.14241880560428563 0.9997087002696988 -2.114592206572688 -0.507892525278687 0.2301130148644398
0.0 17.986007165487194 -28734850285.12999 57223541123.46352 -3053350346.1942453 -32.375147708175064 -44.17687609753193 13.984284518034698 63354861.12791805 764.9860071654872 57642153254.92963 0.369491580481683 0.9999068367388291 1.8980481963029936 -4.704121576897352 -0.3588001412088353
0.0 0.5529008819776209 75325026873.62347 242559932195.94415 7471518476.662729 -1044.9346747659256 13050.651764656366 261.4709214612927 23983840.48937107 747.5529008819776 220439835320.20276 0.3535812511440156 0.999508870645524 3.9421627117206524 5.1445569396597115 -0.29160257172530785
0.0 35.2107034979806 46082434799.86636 -11007983103.991577 -6072214844.278118 43.04323589624255 -59.91917889889373 -6.814842293706192 105034886.7361493 782.2107034979806 109486363294.17645 0.12115205012297264 0.999701185764484 -1.5510384299944437 -2.991839901639576 -1.4798487047356983
0.0 47.53232599319108 -10689121551.000717 -11644820148.287048 28110489245.32916 0.8482771409253473 1.0683480121697357 48.07122931726292 72520894.80440955 794.5323259931911 17693470894.92572 0.08782735920628179 0.9813820563175983 -2.005242874413718 2.4156920242469444 -2.4339850797496814
0.0 86.3155973394662 114304488096.12405 7290078106.440643 -4148913156.363781 24.283974126439716 -8.580711600341601 -40.22159436039415 125952007.49963227 833.3155973394662 22039399683.50305 0.2878302028777092 0.999998646586235 -2.2995583190132343 0.04430344748349818 -2.8908943788272308
0.0 33.617375904299934 21259827214.068573 11706088154.876152 -230427645.18627262 28.038175276537004 22.166483474436973 28.177271747614796 41047530.73644446 780.6173759042999 64360960055.445984 0.1521495461644568 0.9999799039108489 -0.0012538594752116161 0.7633737081297678 -6.119943831710157
0.0 2.577561376869312 -410038966123.893 -168086119825.12433 3285545245.617595 14786.920069770234 -41937.172478857356 -641.5094023664103 23280171.669854168 749.5775613768693 54131005331.21826 0.13212199802146796 0.9994446570612658 2.841308950907456 -0.4803771013418288 -2.132716718359792
0.0 52.99327533174153 -29418961557.014793 35085845362.015594 5116280487.310539 1622.6103711883443 -170.1410033412285 247.39350217501413 68619884.90684846 799.9932753317415 61773031629.19165 0.022248300838858565 0.9999432908071827 -0.8086223922673428 -1.778624858963155 -0.6939419672417426
0.0 59.23387318376285 12055378343.5206 71137892129.68753 -571258721.8513827 5716.635079370146 -9028.448482481304 1025.4924947546565 75557117.30395883 806.2338731837629 40892153254.48386 0.1423918486225724 0.9999374087268957 2.7039754811701737 0.09197188404244194 -0.015276753851293456
0.0 40.221698572015725 -32213693912.74208 -21886099685.348648 5759630581.525331 -35.477386266698886 22.225831153689796 25.03352337182264 117981741.59269442 787.2216985720157 118444480706.12122 0.21057733228308767 0.9999353853354706 0.5171109912076484 2.9808855085504478 0.7126536439039466
0.0 16.03370097880429 22578399427.916748 6950064820.862717 -10700714824.006142 -4.425148538986832 -20.52583324272564 -13.713582769911454 29725840.699611325 763.0337009788043 62914144285.9339 0.1086385137693538 0.9982492645859276 1.2359402226147838 0.32487264439486063 3.1973031867496973
0.0 47.064790847969334 6504986218.929901 42913213793.91307 1418231479.7145972 -41.79875711789373 106.78630906224498 -26.72870580062988 96346496.70924643 794.0647908479693 52652716124.0768 0.1519986981632183 0.9999523634187253 3.0271146206465778 -1.9726624748020776 5.648538656016564
0.0 51.84048683306378 -22794748735.377335 21531637817.365295 4794844012.706072 508.49174615694574 145.42264153415817 131.99912514280277 65675953.40900745 798.8404868330638 55195459840.94113 0.014598797034102856 0.999998767343045 -0.910654851900947 -1.2737535692808946 -1.052051705172382
0.0 0.9967639960948418 20306435127.821686 14801644256.454681 423133148.9967761 -1607.4611790206473 -11185.108020940253 843.6977078594646 44572750.448537484 747.9967639960948 3619990222.989746 0.4111695978463775 0.9993385973280315 -1.9855986798134586 3.4233788905246834 2.108064659251531
0.0 97.1071748679093 -899225557.9508667 5511721835.03302 -1513529126.48882 46.32647921399257 61.18469425105104 -45.187170242591606 92512978.29597071 844.1071748679093 80727338074.46536 0.0012666394735016545 0.9999990522450201 -0.5291105666112917 0.14010019826931341 0.12749187132878648
0.0 75.86676764060894 5409386548.989059 -951823785.1827698 -6780932950.538807 -37.077327658847935 -44.64859182330656 42.140153392500565 109537429.90080467 822.8667676406089 28116298175.76819 0.013688061872571572 0.9999386202969338 0.6506556584393524 -0.38239181207950623 -1.7951263621200573
0.0 39.73075619760482 -10145834244.971832 -7396429552.114998 -36542841813.377304 -18.90631632939767 30.538696044914104 -38.88097122167483 67155535.413178 786.7307561976048 14087153374.198792 0.039756855153631476 0.9669716113411362 0.30914508367046123 -0.05763131194906995 -3.023510590049958
0.0 68.57548005947217 -18337486329.75415 20430183022.482452 3187575199.934025 228.14977672757232 56.671241763478065 60.40731849832683 108145958.71462569 815.5754800594722 80204702481.55283 0.019609998375554875 0.9999174215407279 1.870720410233738 0.5206088969056359 0.3586317230854812
0.0 79.59623966419667 -11544874053.369965 -18690498477.070587 25358842612.36203 -512.2637846358484 525.3155504798524 183.86662734930877 76278845.8315938 826.5962396641967 90180650392.95145 0.016487902129450935 0.9915546668122133 3.6457073136742197 -4.043623485590654 -5.190829387033066
0.0 23.654432849262207 -32346697374.038376 3340416475.53302 3736298279.7651606 267.22841937784324 110.6622014487184 -1210.0131047274804 48827264.410599165 770.6544328492622 38271179498.17325 0.2497081047523124 0.9999180510940935 1.6574067914900534 -2.3925337646039297 3.1114786546047415
0.0 9.433444321163051 26478792107.365173 3858235691.945839 -13164863022.350918 24.126945738260474 71.19656558052156 -217.37758713078205 31241997.511980616 756.433444321163 66897088373.47757 0.14359540242302396 0.9974121281288594 1.6099584859429323 -4.505554719908059 1.6696106114872595
0.0 1.1712490263748805 44288073248.51602 15976816897.70996 -14482402731.661583 243.3001133360849 -17.59357424409245 151.45147062200263 20480501.691029444 748.1712490263749 67620963554.6776 0.09343641181085635 0.9967637724021431 3.6000782258377795 0.4001504077053317 -0.3814987856446881
0.0 46.48516347781265 -9828414805.59172 -4083882869.9016724 24806535622.68315 -43.75141073148552 76.57914981684917 42.47073422912899 69200242.35225916 793.4851634778126 27141469414.342224 0.0732463183115622 0.9830006442052743 -5.4546696823133285 5.5550302621222745 -2.3658649069288407
0.0 54.00805146177004 -493579797449.36816 -245597370429.3472 3678274178.940279 -17754.921752159105 -3840.7452630847893 -363.9776369944703 103384063.69576693 801.00805146177 248903424142.5058 0.4351060867617809 0.9995106802857122 4.03268792140203 -0.015792503300405825 -0.6607460882831191
0.0 35.274281021184834 16171385154.910156 89235183583.8518 7677962737.526001 487.27891067336896 9262.590252744612 382.4943924860299 46270681.61744747 782.2742810211848 78718281860.3938 0.060076634122793966 0.9994418647855061 -2.276489009136599 -2.9207396772641108 -1.8537858316619367
0.0 64.24927338101361 -8351180960.174385 -17970256723.703354 -6555203127.1354475 -72.99838387911223 -2.0642754649907147 -131.64103116278548 82464883.01434474 811.2492733810136 73402495273.5622 0.1448405052932941 0.9996972298513961 -1.4825677589488713 1.5574360301919836 -5.134351025956751
0.0 4.7231138588821295 -1019228293.6208038 -25924198430.534546 -6527401423.135964 1582.7544969607807 1082.6551853880937 2843.3251402392425 49210535.61831306 751.7231138588821 73798358519.57124 0.06234226794908339 0.9967422148047661 -3.2753530378574194 -0.019667750118057124 5.959364989043596
0.0 20.65251332990465 -18210298599.43692 -12549549126.165222 8580554579.669218 0.4620434274092986 15.079418884211918 -6.079243922751381 127471384.62588853 767.6525133299047 18697632942.453888 0.017488614528961527 0.9994386223964763 1.1669627734801542 -0.6530254544566318 -2.525244065153114
0.0 36.363498764046426 13699820866.758423 -26723194328.77101 -11988702762.05141 -6.102002115476353 -37.03452103384916 -22.60672733821889 47640434.62391992 783.3634987640464 77666262125.48523 0.06038889803463274 0.9999985614476524 -1.3585872771902727 -1.1454814859199005 4.846116570080193
0.0 15.688586112356006 -14336270609.098892 40231652818.70758 6329679877.574217 54.68429650247708 -34.997764019182796 43.06659519188065 63113451.14934017 762.688586112356 52554354896.639496 0.16150705097793533 0.999969903290573 -0.4586071238145306 -1.2847800781692784 -1.9320534276367698
0.0 44.29675154727738 -11703995637.443947 23814659198.376495 -3856720089.0337667 -78.58927412497724 -31.293735269167883 -194.3928973497702 88408169.7043166 791.2967515472774 65795118382.68765 0.05558131544593561 0.9995216385854055 -0.010661519186490942 -4.405391572779955 -1.660121295924411
0.0 16.501043093139288 -78515214638.75403 -66621034046.9298 4935465350.7633295 17232.791953263506 2348.443935584677 -595.309402196435 61840879.97365053 763.5010430931393 62684387064.20242 0.12796896632057964 0.9994772217319967 2.862967584960744 -2.805996069688243 5.7949149280804875
0.0 103.91446689230986 -57882606.63594818 -3429656583.5473633 -2078374598.4658008 1526.1163784876371 549.7652714126998 2040.6872367567098 105965826.5014232 850.9144668923099 38423264999.09201 0.062037176278112616 0.9952990235971437 1.530218900263376 -2.419432869745755 2.6556895212762806
0.0 84.32879185236413 -16741231557.07087 17299302967.283905 6515483067.229251 1397.9690964085203 868.7473585097141 303.1797776844116 121433462.66785043 831.3287918523641 64379174093.365234 0.08893269377663977 0.9996878796696869 1.7076178202224168 -0.7793097213400928 -5.217861228582719
0.0 78.94992242490616 -19844348140.977417 -10361882379.365677 28305829464.419434 -80.00214922698797 38.06640745126424 4.5605242747774355 84437083.51365857 825.9499224249062 81382165968.33505 0.1511517901635669 0.9888745133850906 -1.4220363349372782 1.0196987328757292 -4.084992233965405
0.0 0.4828389888767788 -44375046820.438416 -199780069072.4458 1241027072.9459925 43095.588667970915 -9620.581304001022 -960.4265162954608 27181450.65481203 747.4828389888768 35632237477.300934 0.13224968478828672 0.999500066220139 1.678811946569407 -0.46124951079170096 5.378271914101843
0.0 74.96398120552226 -16058562360.472443 4255859835.620514 23065976616.25219 8.120159072914248 12.942002360614424 1.9480715938035402 89322719.41000478 821.9639812055223 84294731325.67773 0.055939981462725386 0.9992529425953585 3.3212446357269396 3.119835869005993 -0.026225858795720258
0.0 48.87365152135146 -22120062162.007263 19712231212.54686 3721313290.555729 605.9274430148962 1159.355962397538 12.205305900526369 91095770.68674833 795.8736515213515 89362167129.20349 0.046359052367287365 0.9995941592126459 -0.8042529815318217 1.0075547901576198 -0.3447829384073914
0.0 23.34250483387973 -29026991582.842636 82394964149.19333 -22940034784.67697 322.5396879697728 -59.88414966963319 417.2176924050216 111571074.38447927 770.3425048338797 3254473043.2661133 0.5774733194328759 0.9996601877558371 -2.572190734087067 -0.20837677237216684 6.1230828498411904
0.0 69.6746736438198 -1601041083.6434326 2067386555.1752014 -35802967545.49464 838.0923649572396 384.40412955627653 2760.215492319634 64851519.278935 816.6746736438198 25263815509.162933 0.010785500177831947 0.9742435508783075 -0.779424461443087 0.8856389933893405 2.4071341740421324
0.0 2.3227032784391213 -458806103162.0238 -4032807081.2496185 7504581405.81155 -6223.121996409223 -30482.816799202563 -648.6169139897836 32631523.360946115 749.3227032784391 179165438433.66266 0.3638478753244555 0.9993403952017871 -1.9559227259523022 -0.46893828923563574 -1.7926727442097277
0.0 81.76016510443696 -6124462582.103561 -4718483526.048889 7582309094.598706 11.851827323282123 -28.118910774315736 -16.88551834441273 110037967.51823333 828.760165104437 7808895763.589081 0.004257045312411695 0.9993967978073038 -3.0692508415746422 2.8591894685285997 2.930167072249711
0.0 0.4836919312675718 -249493925643.30173 212450871503.4324 8738939004.482061 -14236.501950667458 -6157.5116727686145 -486.26875402672647 37473471.93073908 747.4836919312676 135982333942.82697 0.1610019619527203 0.9995072520162346 -2.2584943040791 -0.024643922369572246 -0.8211624968648782
0.0 38.92198769628192 -30606190240.28894 18782123421.660007 14004332367.249798 3.7247236927105405 7.839726314541622 -5.649344344178303 112884282.785549 785.9219876962819 100644579186.45834 0.13283303061153645 0.998833704244124 2.4468037278143346 0.6978199944861141 -0.20430050935345911
0.0 49.2085284562163 -29193605489.103622 12568948372.871094 29596163681.39536 35.16206344615421 37.61514604162403 -47.33381215347785 96686101.5260753 796.2085284562163 82452350911.33469 0.1387106619298416 0.9885960426419163 -2.048358608426839 3.310379794432035 -0.22657254852910513
0.0 80.47250767664377 3590782441.2960663 15931576390.145538 -4127913025.688588 -34.833111981333786 -32.81233754107234 17.987418532118 107311105.51345612 827.4725076766438 74472774741.40097 0.05101304622007806 0.9999801009325544 0.6497033530428793 0.8836235783078594 2.156118578550976
0.0 56.910504545593085 397556237.9405823 4131256290.880615 -1773491418.5067573 -8.245219021082448 2.1223338971976773 -6.856523333861212 98372961.80206344 803.9105045455931 46451205439.510315 0.017116100950434664 0.9999628910181988 3.8945737867303354 2.2896389489933315 2.166135937247457
0.0 74.25802190041315 6219618691.051842 65518313558.1389 1170812945.6879685 9620.466718165626 -4032.1732158974955 184.01297373239169 71715076.49162519 821.2580219004132 57477573378.97096 0.026496082528114168 0.9999542954077173 3.8333522819124264 -1.173873248134208 5.659317251779321
0.0 46.09511135177274 -14963057749.656387 -46254395801.53146 -5206245755.819949 71.53818868356029 119.75347007038727 485.639827778974 45211407.751070425 793.0951113517727 83464153662.18307 0.2818789760012054 0.9997603913445142 -0.7813608427887053 -0.35338122679486594 2.3991627178172976
0.0 73.24319816924742 3299012203.7275085 -16034254514.156372 -17112351877.88565 -17.131409649831767 -13.97842291417328 23.666673978921835 74455395.71233936 820.2431981692474 80480169838.59186 0.02179586835460183 0.9940243832242106 -0.34356854680622684 -0.5964271575563181 0.5216800782290663
0.0 51.41402123286173 -82007252021.92566 47569687189.227066 7398995460.643812 9344.336338012869 3414.472925326194 -2.5716293059221655 98485308.60377052 798.4140212328617 69725611507.36972 0.12006156205841403 0.9994882087714525 0.43238227893979747 -1.4584418543333684 0.20011175063268505
0.0 75.80708377200835 -5580680677.805817 25471794708.44236 6398486894.117744 90.91334635000362 159.70464922207248 2.828981856807502 102125699.50365074 822.8070837720084 19630603686.87619 0.16183079252216964 0.9995547692504171 -0.40843333496977474 0.5465836684562828 2.543835610888731
0.0 39.51364388152513 5987221655.288017 37294470835.895996 4837268399.67844 2830.4795926413863 341.42328046662465 621.6673485115101 70594882.0997686 786.5136438815251 58468227176.85953 0.052063008944060324 0.9994773178390994 -2.162848261337191 1.8622660521523757 -2.276218220150078
0.0 36.56490315670885 -48208954925.75506 -17302040879.834457 10672794068.96736 59.1242191676356 -5.594958922998558 7.377574955259291 96809552.13569166 783.5649031567089 103561195241.24959 0.012935301558300583 0.9990119982335263 4.116930972588668 5.5319443495399705 -5.119664831963586
0.0 4.600874381439212 -45829538195.07133 -35862134460.64905 -8064596393.473896 0.7353051083846367 53.43160985401846 -30.22390452201114 44370853.08832462 751.6008743814392 66400190744.46878 0.2563888404409115 0.9996874654314657 1.9478384331689362 -2.854210238008379 1.7778035315390457
0.0 74.83422367955825 -10262733098.632088 -17644792184.00934 -4144605784.8583136 21.575049497372675 30.854184174442707 2.6700658989837223 77818028.41378209 821.8342236795582 63598898658.190796 0.05284678092845503 0.9998503730427699 3.44654059435705 1.6991072485746002 -5.147906754157526
0.0 10.93877553144739 50848076512.73358 -14798246584.554077 -28078846405.2231 -0.25731775580607064 -26.46634086641643 -43.493869423073875 39362700.689368285 757.9387755314474 116816537049.88004 0.17189638456369247 0.9960912792928253 5.349675437157941 -0.6677298358659611 0.8571040379760287
0.0 57.947664313498876 16284236962.120422 20498186969.242584 -1522230762.5233974 -37.744301503520546 -43.65861672605388 2.0904491852942897 76216344.55930413 804.9476643134989 71256083120.85388 0.059445111804767595 0.9996395862612169 2.031930183990053 0.7303874267885884 -3.5211294518991973
0.0 59.88917018308189 -38365491779.55728 -30933099740.513588 12538801728.142654 -34.0910442561908 131.87770694561914 45.03736049528266 124446797.12001352 806.8891701830819 25723953309.24112 0.20397770801819687 0.9993911887004481 1.329869620220717 2.0814162329309545 -1.4864472517393965
0.0 0.15051262025372125 -34816878387.6149 51955119063.88189 4865990808.601534 4679.347909797146 4851.358895993053 -531.4653195972513 60110264.821296655 747.1505126202537 29243019524.267303 0.34769965548894366 0.9995969073183426 0.7971091404956605 -2.6018616572238007 -5.649887964335331
0.0 43.74693558003196 -711389993.0617676 12206001152.861938 6116832042.306778 -15.622402546379817 11.062476707156748 112.47403801147996 66189682.62503205 790.746935580032 49636064809.204834 0.028102785837829852 0.9999019871946364 1.6968377755081083 4.100783958458917 -2.34372752332311
0.0 0.5580963608017555 -62847281180.53381 186666384031.5654 11078766329.337383 -4704.592033467886 3224.4730176316916 -237.42636404401696 36985737.308183335 747.5580963608018 102188342174.47488 0.047024449943565916 0.9994876477831701 0.2712862578450198 -2.115503271617653 -0.9408302733649262
0.0 10.179556561256504 59614131052.416534 -6474048442.633118 -15382632843.44729 167.45458040824087 -46.34982683057751 -292.67080656958746 126399530.7576202 757.1795565612565 99077843688.90436 0.028310124379658713 0.9999322803761379 3.1029294130654583 0.09699105145822262 -0.023379200046464876
0.0 90.45261271186212 -19930413597.931908 -26515343855.490982 966015837.5955758 -1451.7054907316488 613.2053536318053 -279.81098941209405 85942375.43344954 837.4526127118621 104432856670.93561 0.016039175596235827 0.999835488174457 1.1888214880278474 -5.4184510050777845 0.7913058066228285
0.0 5.026359765609982 -326060853896.3987 210160891872.2951 8876565381.74343 -30373.650642495915 -34682.332322371076 -395.4733207322912 19328862.352943696 752.02635976561 78324683538.2149 0.11693048814452049 0.9992750367704457 3.7484396031329474 -0.22557708538566223 -3.2020559780640756
0.0 32.588177999262484 -62429209610.575806 -3616678067.17984 -2905488082.289071 63.81266607072757 85.16719661240268 -20.84794267580139 53971623.809256494 779.5881779992625 3326067793.268738 0.17549358800410766 0.9986328901587754 -0.8831555804587461 0.1913252047604554 2.4790121265743696
0.0 79.25305004012557 7051094142.540634 -15465197779.707893 -41363401880.83628 -24.342568485124502 -63.54391822553589 11.78094808424089 87643224.56695053 826.2530500401256 100758918933.04883 0.021779506210347105 0.9639213070868873 2.1277067921423627 -0.6560225672356665 0.623540730841903
0.0 22.40752001520866 12320889058.603424 -18418068606.087036 -5605927458.795462 -4.091582536475471 19.643400485564598 34.74354906083158 20793352.028538603 769.4075200152087 67140332696.723175 0.18214144218407577 0.9999961369711456 -1.7988853962208224 -4.787189980196663 4.371389728813663
0.0 19.345982271108596 22397392926.073364 55822288747.77597 22775760973.750183 570.5146391366761 631.4056607198663 294.3682283478754 37640360.657207996 766.3459822711086 84449359886.39047 0.06196933069835818 0.9967100921194589 -1.8963924998297346 -5.776635261419064 -0.6798116068876451
0.0 107.61541219666935 16517116237.17978 21760951321.72538 9151545037.111715 68.08794116180616 176.8671680279076 303.5543077431874 102323022.42641093 854.6154121966694 55153425650.65091 0.04154459087002993 0.9994418073535336 3.6369035345712195 -1.0345988709441412 0.3548544138914136
0.0 74.97718800917744 47735906182.4534 43918063666.116806 -6156115736.584069 4084.0999494715606 -3714.746408525254 2.3053442749609987 96134889.34277919 821.9771880091774 128590453693.44724 0.28847551221716516 0.9996448718174711 3.231579580586774 3.0844148440001287 -1.7171217091424766
0.0 59.693872496774816 -30675743342.325928 -8335146118.710037 4290514199.6423473 -90.5698066652858 -48.53007896046256 60.349190352024976 76265950.92505024 806.6938724967748 64851483962.5571 0.17253893832724088 0.9997631980670751 -1.8508543232502017 2.1640377784535434 -2.548774793278912
0.0 85.93681486446428 4942081697.148556 -16180167550.35437 -5942237257.88507 64.21720295018531 3.972421613894767 33.84025283047483 127833779.29162535 832.9368148644643 76635668570.28143 0.011423032871727336 0.9995680218440539 3.117046116047582 1.5135565414219914 -2.5410278968217814
0.0 39.327648328465784 15503962404.952728 28515652891.634937 -474012511.4245894 133.09554529496108 -109.77129456215334 188.1282239647248 120105559.55469663 786.3276483284658 49480641375.54993 0.091130468621286 0.999725092652878 -0.3594054969112983 -2.595776836764449 2.8116098267649257
0.0 49.766730453220134 -31991091717.16057 -78387962299.34985 277111130.61400855 1590.9385026975287 9983.424260150776 -807.9727987810977 64576579.60891931 796.7667304532201 86994927258.89505 0.015188394620763504 0.9994757002673088 -2.240638076702621 -3.7390365216470873 -0.582143098423245
0.0 116.84518963885 -48316998423.85086 17538023856.724487 18252670528.37497 7.913316998761729 -48.29425844932484 -41.59119884443271 115584295.04411325 863.84518963885 30196818845.60083 0.2586717138877348 0.9982467188641563 1.6007975185167835 -0.44639742506375635 -3.314700198745292
0.0 19.58151070761619 46806716974.03543 49811675815.49487 18394609091.826927 92.5910125748087 56.12345302757967 -160.21877037467124 45751150.35162914 766.5815107076162 11404638549.360107 0.3815013198276012 0.9906325741269003 -0.17691389095974785 2.9326854539249294 -6.011182958535331
0.0 30.78435544430033 -153442336725.09753 -298645906633.99426 -7883159574.956472 -9640.218155025936 -9491.188477490256 -277.5458962199659 61358536.99676284 777.7843554443003 243598319780.0571 0.39195255059304396 0.9995249376331852 0.7974778107379268 -0.48617032151278095 0.050371802981796915
0.0 13.654455112848723 25781444470.083893 25196200932.369583 11032897484.105722 -38.37322624229205 -31.950801976923685 -65.62772186493726 27660507.488177497 760.6544551128487 69934561091.38849 0.09222202635343936 0.9999775286615701 -1.4475000420194541 -0.9941480389570261 0.47097527632593783
0.0 56.793238625941626 78002341152.53293 -291987942888.9785 -10865558723.890888 26581.50956769358 -10310.800361204125 10.62376374866765 72992580.91367947 803.7932386259416 127533757561.00357 0.056319162842543735 0.9994834581730644 3.3904830335248395 3.834329393164225 0.19337942599258817
0.0 33.53555881436523 -3175667653.702179 21803236952.621094 -3035454071.073514 -51.87195044369582 249.29459290136583 642.700858727936 59357484.89658627 780.5355588143652 46158957664.329926 0.07818707476762446 0.9999031441587527 1.2830824056857884 -2.3031560295059985 2.514202504570607
0.0 45.04611052450207 5614347320.356537 -24448476073.52301 -32080167410.839893 187.17640124422906 -193.92024095603847 -54.6439227724034 111950408.73136349 792.0461105245021 32436514420.06201 0.07667946500391577 0.9872630318383812 -3.5412035300982376 0.13787496452380887 2.823089753247087
0.0 44.83482732166112 -19859905489.67215 18827831850.405304 -22292927362.008526 61.875964548315096 -139.66202870721827 -97.74964146605498 100516885.90379177 791.8348273216611 89037219559.15945 0.06057995000220426 0.996209314591026 -1.2603803364347268 -1.6917151772051537 -1.6369385286361742
0.0 71.69386879594708 -6849499326.9188385 -9520674787.319489 22504876694.320995 -346.10085740109207 -213.68643043588418 -431.0372102670259 68930187.73917645 818.6938687959471 65456647115.77835 0.08305210691160353 0.9894008527559294 -5.308210853771829 -0.6478892788391648 3.8811744459193926
0.0 81.96793610662121 -11751852495.981285 11565451061.568573 -1050565493.250473 33.43237569943449 5.930431778205275 31.934953608862543 122476457.53999116 828.9679361066212 53974344839.65936 0.09247428863671217 0.9994860186648377 -0.6788714582596977 1.615367320364721 -4.4635115987406495
0.0 62.86006932332771 -48101216141.44583 19873185376.7686 6378717087.246451 1006.9033569471285 2713.2938368102805 -14.23514524307964 81510382.7806684 809.8600693233277 78804362505.97324 0.07880899168106485 0.999649464921952 -1.2193266577609034 0.45265396741707103 -1.1038719543414388
0.0 58.3296279944625 -70780820836.93088 -58727604978.64404 11383860652.91977 55.799402725562686 22.37406592701518 -7.029004709887772 85730131.63819593 805.3296279944625 11818726122.57611 0.47446479345553166 0.9972531020622234 -0.5030253586362361 -0.40540842163489643 3.2585509015278475
0.0 3.0772154723981657 -30295860994.73638 -19918285862.022217 -7921432126.231001 89.89181591451779 -8.390128514293075 -2.508555529962848 43107634.542647436 750.0772154723982 56882665768.4202 0.2374998544685827 0.999999221214318 2.2699232738562323 -2.8056883332124576 1.7583610301841008
0.0 0.4088857480221577 28371954063.20189 -222412496404.15964 -543103822.9133552 42641.657950595574 9213.54004636097 -932.5510624622074 21744801.71405707 747.4088857480222 39989344717.086914 0.0970643897737893 0.9995061093189499 0.8483117651965221 -0.48779647336714316 5.246977755243726
0.0 42.45915764483402 -11394397660.613663 28722479518.045837 8262659659.726112 162.97097916858547 13.978319029829436 635.327961665364 52830950.312584765 789.459157644834 64793241806.75998 0.0933138442832509 0.9998603039361698 -1.2881286698990952 -0.9329003021778643 -2.5457540449948026
0.0 28.367079419565243 -31250663956.10991 -95813798994.36996 -2091712414.1054156 -5157.35120627311 14430.461899247099 -743.2652193832843 24935761.449698348 775.3670794195652 86556931810.68286 0.1505433723386217 0.9995035924555062 0.4019621506709811 -4.553912026718635 3.2984893918093863
0.0 49.825442690563705 13083916629.46933 -4429791708.685669 -5016464865.726948 216.83254793054402 -164.44076763029443 380.9781565007368 88416829.9086412 796.8254426905637 38814603350.71933 0.06666444321543899 0.9999975912019847 1.6149307500825911 -2.25383566543115 1.2557791913163143
0.0 32.16465688770825 131751607748.5549 59303336314.28381 20049146571.689888 1832.9035017178685 -415.2242972391459 185.71031086461625 29436935.813542742 779.1646568877082 362289578341.21423 0.4971887986534192 0.9968766641261074 -2.224929987442203 -0.5366383489789133 0.2685840251669307
0.0 25.961118613744247 4616128347.862442 20277820587.55356 13133628548.400473 -20.62673503469341 -19.37639017256879 -12.688997595914543 58430245.612855494 772.9611186137442 42633853024.63925 0.0603059384035515 0.9999922352164626 1.4284382039810628 -1.7982690382184345 1.398561374216332
0.0 83.24238365527026 436813033.9295654 -5163013208.276733 -32182042128.485046 7.949242139031412 24.84975274129465 63.96863316567101 72287131.37891114 830.2423836552703 80070736413.7868 0.03387302369006499 0.9746160748560864 1.756687334345342 -2.1545095455305012 -1.053225032504004
0.0 40.95504922267696 -78278918273.63535 -61542809557.8759 3095787098.049079 -23.315214991733228 -16.008661603389555 -41.77089989178983 54112141.03035619 787.955049222677 29971548476.840515 0.36174431025147624 0.9998610165772377 2.634586064773967 -0.20601414807196336 -2.1508818502848537
0.0 64.00659716248776 -6646259643.826782 9336549118.135399 7702147155.298088 -0.6527442592059742 -92.26278911580812 -102.4082432518706 70298401.6279053 811.0065971624878 30569955261.91861 0.05985717277654158 0.9968107119722184 -2.6641705608388664 2.767950036706442 3.320962859038823
0.0 60.74256904008121 28477313164.162964 47249201232.6902 3079713244.404853 57.517997743313344 32.67174116685783 55.95776710132333 125173810.44921602 807.7425690400812 125911940415.2457 0.2520922104564328 0.9999995956740507 0.660066816245557 0.5086147680357453 -3.6997519174297966
0.0 27.80125309146149 17518619114.250183 28426938448.797333 51520887504.124535 1350.3193705348313 230.47159349082722 907.4262418917536 33434767.12877476 774.8012530914615 79066881866.49731 0.06508244234599732 0.9767079054011965 -1.893602703882193 -2.391121303188731 2.2641709024765593
0.0 7.388868734008611 24917487092.556824 -27268671452.33602 -7714990773.435286 131.03914169577183 41.16959265080004 195.76288036039008 27625222.582404476 754.3888687340086 109761882322.55704 0.29134045842351514 0.9991381851947752 -1.798513473068095 1.843451610668011 -1.2594670387252607
0.0 33.72151547093836 -41687307690.42286 20949383471.74301 146210570.06239754 -1.3052336959954118 -25.204349064195412 10.807117085395767 57593466.88748141 780.7215154709384 52290416763.92551 0.25564114331334964 0.9999999996323116 0.20959430078792618 -0.5295308008609547 -3.9719382367580294
0.0 78.29570370231932 -15999528795.379364 -53340891.952568054 -43059878126.998146 17.659368247783277 0.8564989862643415 -31.783421680542688 124717121.47180893 825.2957037023193 57899084820.963196 0.06802217719343422 0.970081478460747 -0.7599944941000244 -3.2902806018139876 0.06140087525054261
0.0 41.191816089728945 -10808404695.948303 36349096472.31616 2292380602.651357 1214.1071346120443 -554.2974007624343 638.6621444194286 51649382.14073349 788.191816089729 72168275688.77005 0.06897761309959273 0.9996528060276269 -1.6904070296631482 -1.3722518906587842 -1.9924354834904843
0.0 31.537093176645385 1231961426.646408 -40386879523.31213 583757794.3955233 31.008073588742263 22.106558682849936 32.818851615647006 94306192.24044643 778.5370931766454 100550851310.48721 0.010156187603383632 0.9999997563651478 1.2461159676947038 -4.916255114426985 0.8432226929749262
0.0 103.88223781015927 9687694102.071808 35664592858.918915 6346585077.555738 13.783273234925218 -108.6482840543722 -343.1323968536918 123434597.44862665 850.8822378101593 22347602158.46805 0.12867354498057035 0.99935447365517 1.9348636803421537 -2.829704719599791 2.0301669500436144
0.0 35.84760706072893 -46590886012.88274 6145126371.849304 4501297662.212141 -7.765551155698631 -16.39543328487798 36.507370899772866 55330520.50631939 782.8476070607289 41464849993.34677 4.222462632423596e-05 0.9998033508220528 -2.7461623240438775 -0.9382348244214965 -2.200178093352862
0.0 48.90663926459911 27565101477.416138 -44264205405.19535 -1391746449.9025488 -169.64121778787285 193.83390749101818 1037.113296335078 43626301.611598425 795.9066392645991 107155751755.37369 0.27920584626693495 0.9996921024888361 -1.8154615564761039 0.7353034997122945 1.5746981679991023
0.0 45.91922828247846 -36329512742.19894 22803966350.816925 3025493177.325926 32.247678023395565 -25.80942743012838 -12.830883148571743 58468433.79731136 792.9192282824785 49239689336.29108 0.22233675842799286 0.9999769228926175 -2.401365959709397 1.0211772232494396 -2.967690066489266
0.0 67.18358547746527 -19708633746.67343 47899235466.62253 -922773147.5315297 6.2874211136077065 68.67005333414272 -23.273847617505794 93342618.50913274 814.1835854774653 30089288689.721924 0.37473926677441577 0.9993661739628709 -1.05509970944731 -5.224344897547163 -0.05941163911403402
0.0 26.654956372401216 -339922340512.4697 -27755001863.7724 268339936.98750365 1681.5344487683233 -31394.207894930165 -704.3786218505625 51166192.58713831 773.6549563724012 57395884899.24701 0.07832929945976379 0.9994735905579588 -1.2083781582909598 -0.26363101422513824 -0.18971762301847558
0.0 83.3177462148169 -46812220585.43936 70490093980.81012 5924205880.213528 4118.43368551608 4372.280216795519 368.8074357225229 106726725.76710069 830.3177462148169 112674247552.09637 0.34405726720669455 0.9997203042567169 -2.034799128830743 -3.8458028952547707 -1.4066962038285895
0.0 104.76245256252537 25075912939.37825 7991470928.511902 5249370222.937414 19.253825353189313 -9.970692312748724 31.292458648991442 119278047.5507807 851.7624525625254 96034163296.77567 0.08370078421035465 0.9981135833722585 -0.26564708369975953 -1.2672498870054145 1.2496331758931147
0.0 42.92237321131836 -24279308045.174072 -11832553962.952423 -30719539459.71427 3.9907831440832524 28.77490866449807 69.49961024966025 67217024.30879603 789.9223732113184 79234296470.38504 0.05137821947427022 0.9822505837792346 -0.4146967388780707 -0.7088336866217136 -5.73911993422976
0.0 38.352744649957685 31199284941.452873 -36802749596.32492 -35985595475.68746 -86.49705087219627 0.7429013520240915 1.2030761024871026 120348333.68909965 785.3527446499577 140809864366.62076 0.19854856684292235 0.9886044510240194 1.3180438076143437 1.1233914158832954 -4.404879077657758
0.0 0.7691003637164613 -378926546500.7385 195788816504.88727 7550554753.102874 -21484.02841848672 -24155.406080600937 -422.87703101018997 18010567.17357064 747.7691003637165 49975111244.403595 0.20484234912370655 0.9995186145264935 3.5762407552881585 -0.8203801054603921 -2.7015723575915263
0.0 67.05001400955223 -25490045205.373077 7214404483.685577 -12125270581.212536 59.85027967829285 36.8888748512727 93.0938592689377 112278817.37429023 814.0500140095522 117762197641.50928 0.10679854613448166 0.997711931239975 -2.5387942992734307 -2.137723478813461 1.724003620683042
0.0 0.6206582702340029 6824062585.928101 4939125950.065475 5151761902.599131 4390.346159195733 -4552.114595054314 -598.5853663004598 39435843.77422079 747.620658270234 21887740884.170868 0.24282628143443316 0.999291736443232 3.641499300755438 4.647106642419979 5.876911470268077
0.0 2.514107893404116 52347912199.081116 -11382373272.494377 12967533608.677181 -45.3214469622535 291.3211719861938 -180.07532665159516 19318219.93128261 749.5141078934041 149140503613.98672 0.27604991080998226 0.9982468185283199 0.09343511101379809 2.0339406641207822 0.8380177132862243
0.0 14.94467313355949 -27156014415.26776 -10275041299.75467 -4519812206.569195 1332.5293750587698 889.7930185679888 5234.37652801041 41992497.88593597 761.9446731335595 58455662963.799255 0.06273195047915713 0.9863159068204647 -4.709905650452933 1.9838577664666124 4.257342228264274
0.0 35.771629625855326 -1082254600.6314392 -27551607907.53238 46163571856.85096 103.32093373491261 -46.320110480384756 43.75280847020019 110560277.90411715 782.7716296258553 29040945832.95874 0.08265775279847554 0.9715494208457668 2.2722976435681277 0.29925688286072605 2.954055427229928
0.0 64.3953275935562 2524294446.1816254 13439865317.167969 7127509363.994838 -77.09360161492805 95.37736941861749 -87.71518148248401 89706716.6595798 811.3953275935562 57806505725.52112 0.0459534401228907 0.9993204654556093 -2.2093760104029 -3.405068175624627 -0.14100218520736896
0.0 57.994667122639385 -27646043520.388046 68546122039.91919 12362651768.90276 6732.976736108649 -4942.054954315752 471.32499464368135 75410853.04845999 804.9946671226394 20700068404.094696 0.37299322004455976 0.9995689530054591 -1.3475768650536442 -1.8850503603367166 5.539068045102034
0.0 65.54960463669215 11084149284.945618 16077302344.410583 27988214010.222965 650.6202742041241 -435.37775421076003 418.5164437849859 84894053.7720868 812.5496046366922 63818546507.95593 0.01617144432302149 0.987649351812799 -3.7980981694483824 -1.5131071520894244 -1.4784645652858495
