[ 3.33294203e+10  4.11289067e+10  4.77189877e+09  2.51263508e+03
 -2.10165640e+03  1.88561080e+03] [ 1.11504161e+10 -3.96736066e+10  2.26148012e+09 -3.71497199e+02
  7.59037124e+03  2.97322937e+02] [ 2.62617431e+10 -1.77154256e+10  1.88075170e+09  1.09013329e+03
 -9.72940050e+02  3.65239853e+03] [-1.55974433e+10 -2.20833187e+10 -1.91575837e+09  2.53702728e+02
  2.63927385e+03  2.89744229e+03] 
[ 2.36331788e+10 -6.21905413e+09 -6.43794825e+09  4.35365874e+03
  8.36981048e+02 -2.77641359e+01] [ 1.07573297e+10  4.86360259e+10  7.60632129e+09  4.39420938e+03
 -1.74789593e+03  1.79935074e+03] [ 3.40916883e+09 -2.25267276e+08  3.75113724e+09  2.84576338e+03
  1.78283382e+03  5.56108999e+02] [1.53691086e+08 5.86161699e+08 4.53489005e+08 1.85374958e+03
 4.11134864e+03 5.56321437e+02] 
[ 1.90167513e+08 -5.49344934e+09 -5.41874742e+09  1.94087700e+02
  3.15507554e+03  3.44950893e+03] [ 1.13602206e+10 -6.59157537e+09 -1.29153245e+10  2.20139819e+03
  1.67324048e+03 -1.82676715e+02] [-5.38593643e+09  1.70462145e+10  3.60157059e+09  1.26749134e+03
  1.62853485e+02  1.33244785e+02] [ 4.08892246e+09 -8.68161489e+08  1.78444669e+09  3.87449010e+02
  1.52576312e+03 -5.76144415e+02] 
[ 7.61897586e+09 -1.43451258e+09 -1.27582805e+10 -1.39084764e+02
  1.61228444e+03  2.45870805e+02] [-2.63237049e+09 -9.12322406e+08 -1.01496408e+08  1.38257865e+03
  3.79480090e+03 -6.91613578e+02] [-3.83046907e+08  8.28928497e+07  1.34191479e+07  5.35892837e+02
  1.58909314e+03  1.05197005e+03] [ 2.10244364e+06  3.49696087e+06 -7.29094610e+06  3.03528811e+03
  1.68322828e+03  1.28283964e+03] 
[ 1.89194222e+09  3.38866752e+09 -3.66863786e+09  1.24324022e+03
  4.11187380e+03  2.54856915e+03] [-2.64998508e+08 -8.87456707e+08 -3.63902896e+08  1.20785484e+03
  2.59228978e+03  3.65696839e+03] [-9.84604295e+08  2.81586281e+08  1.34834901e+08 -1.03514994e+03
  6.38208662e+03 -1.47430518e+03] [-1.21351992e+06  1.18392050e+07  1.45330002e+07  3.61197102e+03
  2.08266910e+03  2.26302986e+03] 
