Label M_f Ep_x Ep_y Ep_z Ev_x Ev_y Ev_z t_t m_0 |Delta_a| |Delta_e| cos(Delta_i) Delta_Omega Delta_omega Delta_theta
0.0 109.1332274618004 255996920.30041504 -152347448.96430206 -5589567.410940409 -34.30123705888218 2388.895025101123 867.9897071638213 83028106.42305909 856.1332274618004 24405218115.673645 -53029680715.16589 -6422771365.803192 -4696.818903490843 -461.92225153554864 431.23169404095097
0.0 135.42869757615438 130184260.06033325 59038042.97924805 180007985.99624443 4469.052846073257 -82.48431687665652 243.71340657784936 111536106.8787428 882.4286975761544 -226892155858.3576 -201558250334.16916 4693138791.552243 41045.401325803934 -19522.781241906432 -5073.232290261951
0.0 75.73239273774027 -41372636.27334595 92235136.44869995 -26472466.280276775 -106.57764318070258 813.379258879977 448.3137619948211 38421113.74036954 822.7323927377403 -336319749695.0054 -29155409610.666977 2781695468.5348783 -3502.432116352429 -43909.60309369872 -776.8539270499546
0.0 137.3734614210249 5606162055.429901 -6331355917.216888 -22622662617.74871 -396.72611146753115 21.505952414303465 1934.2578056891723 75102256.32800117 884.3734614210249 -157317424635.1369 -38809880920.47717 -733980996.8442547 -9735.953774615646 -16694.925670274475 -3628.414996562294
0.0 151.37493888588824 -151959402.38998413 15760225.000671387 -128787556.93070948 -1335.9419053770052 -278.6399418631481 -264.50553315199727 95349215.15207718 898.3749388858882 74115150818.87471 236794967437.54987 -1717532179.6724992 -36504.28558093237 364.4482804159161 -636.3587798162121
0.0 149.2963925286016 -470281536.3424835 276060260.08984375 583081391.2259235 5492.928669252058 1594.5715540611254 -6498.849508206496 87903740.59650314 896.2963925286016 155169953253.50693 -16601915236.108566 -1519493076.099347 20449.229440245887 17857.27116615863 -7663.249086309413
0.0 81.44471479061315 -134811618.56817627 344769356.11250305 -128215149.65082252 2799.172336479269 1475.326008755521 8363.225044526305 51414136.05290238 828.4447147906131 -294145310043.1495 -32195002119.97145 7698093202.537686 20193.32237285674 -31480.095854261257 -5652.622870144141
0.0 70.74003208854651 -1018044329.738617 80350214.30593872 -756696960.5780354 -5438.866615891205 866.1405246899631 -1168.795629242599 65241169.67964046 817.7400320885465 171378644860.84964 151728889533.41632 -5027203280.773132 -33207.57583870753 17825.907489065667 2403.0370618417955
0.0 89.90555779233478 49395903.49610901 64908869.983184814 52177966.14923 2647.402330791225 1568.5974651244578 -584.3601532352486 55171253.40558087 836.9055577923348 -292513828303.99475 266102469641.34375 7900937063.790035 -30329.585374981027 -38695.21956484931 -3158.2462820350356
0.0 177.5271744899079 -34812349282.22388 9039204625.911774 3122835278.252407 2509.086081158701 5135.66036999234 770.0703681332576 80802980.025725 924.5271744899079 -317712716706.2273 -43595358704.52493 7461550748.993362 17514.09881782221 -35859.76284409218 156.59904066253893
0.0 120.43000757818061 346751671.21131897 -123658950.93162537 234205339.1120596 175.77526735883657 -1605.7010603424496 -4956.355002540425 90656982.45955391 867.4300075781806 193861785161.04916 52081313275.750626 -6532615202.849634 -16375.774621326007 23491.301946042662 -4755.109991577342
0.0 277.32049598279445 -930799247.6627197 242503065.0592041 -695829526.3295937 306.37271314577083 5392.632730434773 -511.1047589560952 118902157.84283125 1024.3204959827945 -392854486600.75745 21470953122.849075 5767689988.741428 -6633.251862182959 -49833.898078833794 -2804.977207669962
0.0 214.92102220571223 -261486067.65090942 -150002933.355011 307942451.22861576 -1751.798244770791 5507.928102351193 -681.554591182796 106361754.09919184 961.9210222057122 -107910669879.32445 -118271618990.23178 4819584731.592971 19064.93226568168 6090.9795803894995 -1071.8698510171248
0.0 28.068135659573272 66441345.785079956 286051375.3111572 22867670.139674127 7282.163688067118 6902.418340230786 818.0646280440853 25030844.095855393 775.0681356595733 -201419565501.87454 340812670161.65924 7641930122.576468 -40631.802661065245 -24518.236361235562 246.05742251033752
0.0 141.15206043868352 -33915723.21585846 -718276720.5670471 385236067.73567295 3562.8888222743553 1481.7999448610262 -813.8947606361315 105248558.66016898 888.1520604386835 -135787723000.53677 -15510873884.564087 7685921471.7207365 18866.22677557529 -1427.7627061502462 2187.2607024715976
0.0 158.7442067051105 -297948306.8883667 86083678.06991577 67444340.27249336 -1565.7727552772212 -1323.7918360325239 223.16592750595026 77406839.4571813 905.7442067051105 -100162791800.05258 358295782675.3119 5193700544.390928 -48979.38295461185 -19551.757719577614 -2496.5854577105524
0.0 39.149906080267215 -114726757.37916565 87503929.05044556 95101353.96786392 4727.043949769228 -741.6877964668893 -4.09132674467736 28655627.663044333 786.1499060802672 51528441256.69943 47649351594.48046 -3429743193.6946955 1423.6825585934275 -6255.734752262655 -181.86039824710153
0.0 114.06050979487668 11050116.777770996 44420186.6103363 -235751635.46078634 2309.2998187464727 3895.32344282576 -1543.6848873490708 70216668.19811444 861.0605097948767 -264644750453.62256 122977336587.1292 5401821784.295413 -21640.555950125483 -23290.7024180223 -2764.471679269264
0.0 220.2240227890744 -5619628464.983902 13910331445.521973 3272236780.809277 1111.434921434873 1070.87791448992 533.3782695821944 106941079.3824101 967.2240227890744 -209314325559.48904 -19402523835.925156 7923495200.603271 17361.209856175185 -19047.76996699336 -110.02342494156628
0.0 152.65716001856345 -1156163333.106903 922677389.8226624 1330643847.469757 872.8481291592179 2119.4284132259745 339.508232987284 84135405.71493296 899.6571600185634 198684668501.80865 114699831275.58307 2296503411.073588 -1062.0882390672232 35084.11725599682 877.4700953515976
0.0 18.838264427917352 40974676.28720093 93024135.51205444 -197231744.46635693 5956.450993288809 4282.823523086761 871.8931889384496 21551651.939393505 765.8382644279174 -218028549453.37427 323073010017.3373 7229393199.807149 -37364.530680873024 -31368.202774654837 454.1874622736134
0.0 40.320601851021365 10141061324.623932 8462102215.183817 -2290529910.547665 1199.7035854459089 1423.3928940698388 580.4376224483427 34228497.61258605 787.3206018510214 -15863545006.051453 131796689454.35854 7764663180.515891 -5719.687130210998 16346.734314983754 244.96314876473627
0.0 29.20876708224057 32666069546.513428 20474701368.19388 -2409540503.0656767 1292.4666664237393 -1356.2189537429222 727.852674966015 20031640.874760125 776.2087670822406 -24516530754.252357 384944994170.7317 4919561656.29353 -52934.13082138989 -2126.2547333525317 599.9879011653481
0.0 66.52045001396937 159143098.1112976 250548905.57910156 -136126242.87198067 7546.180213163538 5231.093283873561 204.76006702280284 37027103.89421314 813.5204500139694 -18609565095.23944 174999643948.09848 7912672137.1413145 -12346.557904226067 15913.333861382444 209.07480011219513
0.0 201.6779381414069 -1228187657.7938385 10764796728.464478 721935785.9700108 671.3499628764257 615.8150483021818 595.4701856645473 99609530.37499385 948.6779381414069 -63466645195.92999 201578253813.3178 2270616687.5999885 -19835.94225767713 -18558.121435090216 855.8260829699149
0.0 85.14162479076333 1164169300.6140442 23720907.49103546 -1080748188.941234 2222.320654296056 2110.8743864174758 217.35177884297195 47374982.55915647 832.1416247907633 -239409749400.8335 30572310434.764954 7996569624.242858 14059.319583360457 -24433.93916671737 54.34169975409434
0.0 40.20668419899209 138453102891.7755 81937219922.7423 -4884874893.657285 -17095.026268702073 18098.50413302799 225.76960521067963 19877018.528304186 787.2066841989921 279242970895.64417 149878888961.66867 439461760.3457448 -11389.037566643145 45969.07217443299 769.4768315931051
0.0 105.64476990757589 62404007.70071411 29581348.96559143 -33080408.325984955 4366.351441316652 -3723.3805515028325 -221.3258813347643 59260937.02100248 852.6447699075759 134112568243.72491 115923258555.0956 3840638939.8979363 267.91580343860915 21004.822320606352 669.0470036609732
0.0 128.94257668144928 -9434000058.357544 30781552529.158524 6461570286.239817 -2724.658901258439 4623.498869864978 -704.5610936169792 70732666.51798725 875.9425766814493 339596829279.963 -59231221265.58981 -6322928205.629332 3831.4402165410775 54750.84199227429 1382.3353628345328
0.0 30.223865463121115 3791632446.1690826 6471494954.208084 43728705.06711752 6740.742808897554 1035.4197987237858 -1427.3508903561506 31960406.879745398 777.2238654631211 1135189414.192047 104588016324.22417 600526633.1654441 1262.9982011460816 -9102.085544999924 800.9386982650427
0.0 153.18140511144543 -817031929.2616577 565211282.2887268 905189875.2309875 -1481.4543152736514 2236.774215489586 -5363.189870489273 113004709.79700859 900.1814051114454 -171828338131.09247 353521563080.18176 6957008113.446415 -47338.95048996663 -22424.44162643539 -6313.6724168783185
0.0 64.11308911638002 -269348463859.69522 169022105103.71304 6652167687.283009 -33941.66340357714 -37778.26031264906 -116.79811646762735 33374754.575819958 811.11308911638 67774204366.14022 -330592931336.53845 -3890641404.1614923 46186.546125359826 20736.862698922927 -717.4578353228292
0.0 40.905843491168184 445009211.22273254 -37761016.83078003 -735306055.1096196 3544.7084468040157 1687.0551283994791 -69.32923078585085 21781095.497428693 787.9058434911682 240999640452.45337 264242695589.25433 1517930155.3821115 -30233.345279212223 43278.52386547622 964.6955721070367
0.0 223.76898705203155 -32827909.47541046 -131782355.99887085 -1167364.3942184448 -217.0414033793313 3228.452838255602 1228.2236182674476 105427158.35774934 970.7689870520315 -103209401015.95435 -8955020454.16108 6685465482.369289 3304.454590559799 7706.361142460744 -197.07746289616819
0.0 145.69763662346986 -3761977184.5283813 -6514712430.609009 1906867611.7572489 18.41890910402435 423.2479670679859 271.653764568567 77834630.00225292 892.6976366234699 -76346308667.63498 -83433136310.7809 3685950068.279456 8153.875108021661 7651.5301617474 336.72740628993074
0.0 181.96539355620257 225895689.0809021 1893405054.7672882 1485905796.180252 4404.189339351031 1112.5075880710938 1114.8321230329943 119701091.65224516 928.9653935562026 67889588707.55206 223294448918.83862 6751429203.974109 -19124.091273175953 21427.88463117066 -1578.636977777625
0.0 103.22018074593689 6702412.495132446 302794265.0671997 52871412.952056885 -1403.6552530384906 404.5188453696942 -218.7332189662829 79939895.44892827 850.2201807459369 118203430399.75372 -156493222867.90424 -5749348673.43439 25122.494359086024 8163.689631734931 -1219.7522355515614
0.0 122.9260085899972 1562670470.060196 15297510746.436493 6127432322.458607 2269.989093233762 1254.8942345098694 -449.9768259098529 63392858.9502554 869.9260085899972 -32625818922.037106 -363295999028.46484 -3401021344.4892163 55475.96456583567 -800.0596550513533 -2844.7717490469267
0.0 108.78538635049517 375453157.48501587 -176958724.52011108 -83590495.29348469 -2314.919878901437 4668.654805569531 358.8061792106914 72651277.89295147 855.7853863504952 104792585255.49258 -337233072461.4248 -6197598443.322375 49508.973911177905 18865.632688713376 146.16309711651238
0.0 40.69208333419499 -287394359.9364319 -164573872.71980286 -23193890.436870575 4104.893522837807 5381.213914440698 10344.790429522247 36121300.92734594 787.692083334195 -80902514006.17798 165444875319.4316 3262379678.214647 -6862.83312769389 -17191.705990467097 -7140.4596667471205
0.0 180.13844887692198 -19737937.851898193 102553738.25415039 -12222868.991109848 -848.5492519876261 -958.0324859200118 3136.4351103695753 118346749.83411406 927.138448876922 -380604517587.081 97512257111.8434 6623266625.286368 -16931.37016225211 -50125.36416862017 6077.841100788351
0.0 83.75084437043688 -6640001033.070267 -28258429872.40439 -4703805505.3537655 -532.73612319737 218.30799359911362 -401.8466505289165 49420310.15750159 830.7508443704369 -179552641032.3753 314252432835.2928 6153818465.647405 -36716.61172956723 -28282.540348734605 636.854409868477
0.0 132.50742240172042 -76785778.44273376 -53617635.4781189 -8412170.707384825 -2803.353144864399 7626.693645244771 265.371139376497 93302957.7041317 879.5074224017204 -362027169342.82935 90937919197.2103 5890464735.420859 -19420.38596066053 -42298.461263512974 1363.5397988491454
0.0 67.7837083044684 7892146.675521851 -205273815.15257263 147436246.91662884 6567.2582887735925 6548.239781604283 2438.1991373187866 46754979.877579056 814.7837083044684 -289956607524.53046 -5154388631.174255 7893951488.78888 19153.181045160927 -33261.54237783877 129.4687673849702
0.0 165.53487872477547 -6586206292.848404 14848353859.529846 2410407012.061256 1522.409006224363 1598.5175265737653 411.9882688924014 82634772.40723376 912.5348787247755 184956461980.1345 -37397846669.84299 -2208180872.645996 17884.511214020964 21936.818438391558 623.396152348935
0.0 142.63004957643898 -91284444.89996338 -30537756.549728394 23389152.527654648 -434.59363514846973 1362.243304091331 285.2778341101948 77803687.86410351 889.630049576439 -180607670568.69098 -147097403407.93677 -3406961171.3954635 10690.223256612417 -28784.728155590947 -739.0651991876257
0.0 124.40976446215882 -16962053.055603027 40363651.42855835 28352303.56649542 900.2398263512569 -2083.673041296199 -154.47230787737817 85357281.3866158 871.4097644621588 163501088985.66467 167726103855.50708 4109307401.5421124 -10440.271056754707 25982.477681132856 150.18438894839443
0.0 165.01506660247173 -49077406.30860901 -24002618.134666443 -444777473.8282542 1966.5543937121752 -2301.395832257196 133.59272018673653 116271178.9582692 912.0150666024717 140228265889.27563 -11713342842.083008 -1416592118.922391 16403.34500925725 13462.393889720419 890.195933665407
0.0 46.20577029135211 171863986.246521 150303783.73338318 -32480370.136588216 -63.44867280276196 3875.2698747844406 1148.885911396098 29469632.993172616 793.2057702913521 41772257913.59186 311762620123.52893 6776437748.229178 -39350.40819690014 22661.59478109634 -355.8624977050322
0.0 55.73000337684505 1900774997.1459656 4066099812.2040405 -18983516429.160206 2473.447203178469 2951.8041327485516 -3290.8413384290907 41979759.24098869 802.730003376845 -76832692393.63562 73945671878.46144 7883118061.512611 -84.00388887687586 11216.01409154425 3379.2886364699375
0.0 128.70121793573412 -13918907517.938583 2242564562.2840424 -134719412.92396897 2245.2025953724497 -522.4834079844841 -184.909415471808 67368961.77088241 875.7012179357341 -82878536334.7187 101226911195.29712 5482565810.252581 6274.0036425872495 -18791.7301372831 152.2949353475669
0.0 98.03830789875497 79853976.70817566 -21212979.88253784 129176791.16862392 82.9914656508372 2337.119607088396 -185.31479606354287 68193572.51440465 845.038307898755 -298044539253.02673 -135647825715.97748 68101784.20219333 13010.23055302429 -41707.94880183785 -313.5014833810269
0.0 160.80802183792787 267464714.74243164 696243081.7781143 -820822080.1824703 381.53096599325454 1624.2914984621348 801.8693149141056 69424449.38328366 907.8080218379279 -188956570898.5426 -273422505383.08978 -3269908545.618142 35428.19824895743 -30549.56589618851 -1081.7126220903888
0.0 37.43572695183855 18202989663.549805 20467366049.37436 -1197049422.3250043 414.64576365550056 -386.1335899883852 708.2093552499 26895246.24709939 784.4357269518385 -59288556632.75777 365732114028.3341 7123383669.949241 -50119.17882854401 1025.3601402242466 451.2763731307797
0.0 121.95178264788296 -56637275.31286621 381919607.38571167 18444560.751078844 -8863.581605125084 4478.782164556738 158.9771020939142 87179607.6038802 868.951782647883 -163505614570.16235 -280379907977.616 1909418403.418548 37651.54643012185 -10804.399320942728 61.49858531159774
0.0 34.65019808694035 2105052090.5046234 -59450687969.822365 2370678678.954195 17524.042267231962 -12530.205171590587 -1051.2757553960266 23579469.821841333 781.6501980869403 22301350278.27614 -64539130010.15997 -6693510936.687656 6294.356096326495 -13644.886567890895 -22.296843250775964
0.0 171.95378014709536 -978126497.3331604 892051031.8849792 1144615033.6917639 2805.5775645438807 2247.907085615955 705.4593446520028 81500231.7668146 918.9537801470954 247542256814.95413 44187487631.794464 -448915781.95700043 8295.56521490946 38678.594341820935 1019.0850754975247
0.0 33.940355845304566 -118037899.55764008 -64286944.86843872 -116839184.77238798 4940.951212009379 6030.569700391599 743.9890606189668 25187039.055252615 780.9403558453046 -271644030715.0595 292105863698.5001 7926845994.370505 -34046.82374508313 -34807.98411943457 950.3862684696356
0.0 96.4972137912581 745081482.3114166 -458496930.9593811 588169837.9090223 7396.997933501478 -1032.6486775422109 -1292.1443601957944 50213731.08005165 843.4972137912581 -14429819898.873516 387047653852.66974 5583287255.935106 -47344.66714582998 1456.8700459315758 -3552.9030314481897
0.0 21.963854294097587 -166211928.28367615 -186378398.95410156 136747909.2962532 5594.3519287632735 2408.7767858494262 526.3506571618822 19311086.684443388 768.9638542940976 -191316653311.0398 323274476158.71344 6578535469.882274 -37085.772505799585 -30371.592573772257 -912.1049695903711
0.0 119.48870251877645 -42090554.34135437 501560446.19924927 -12870292.419204712 -3086.245358614833 3777.2165798352544 3947.8561716119907 63302575.79223949 866.4887025187764 227035982433.25586 1598763420.8760986 -6692616936.82727 -13747.940743859945 35837.846818608064 -3234.515097486439
0.0 94.58865577366964 -125560640345.72527 229811026277.39853 7040569945.65616 14418.012227862602 -12648.13353632685 292.77656569191834 56260252.09276001 841.5886557736696 -352350865627.71735 -142564280587.3563 4965450983.76855 30645.554451871794 -44065.86089108391 -601.5519853269938
0.0 85.87003507130021 -252477797.48735046 10920132.27218628 26579662.71041155 -2898.9175226900843 4236.71891970987 -836.39236677042 49635047.50203718 832.8700350713002 -99891606659.54446 -51228830299.34006 -1793099268.7534437 -8773.476179574198 -6481.213585059521 887.413630165888
0.0 34.271421919169484 -93444948.59237671 -405820945.3681183 266454073.97834873 1888.6886711552852 3481.5286459572308 213.95707892118213 19274994.95928582 781.2714219191695 184652439111.66144 327078830333.21655 1681571319.7338707 -43198.083828678544 34036.6385466315 769.913424011611
0.0 141.19305848706256 33557565.691833496 196610763.7050476 92707045.15956879 -2438.8298274367044 2095.2296718695525 2375.758259722848 71445881.34012033 888.1930584870626 346896969243.74207 4372546713.889595 -5797722781.51221 -7460.047445514745 54852.194445769 -3946.096076867494
0.0 40.0783217751092 26546316.108032227 272175828.36198425 516688632.9718379 70.72479313286203 1220.0696740319108 617.4310015807263 20238481.441770893 787.0783217751092 -66400564055.38068 381041760383.02124 5464680713.24808 -52567.12359333779 -7747.334891023256 89.32364484625633
0.0 62.27384839281228 -147571355.7365265 -100149097.75144958 -95434216.7772193 1084.9753019450764 4389.7255819218335 6299.84526099755 35913726.89911766 809.2738483928123 31107597979.933334 115469208111.81432 6310352163.706152 2377.981369613466 18372.579318786207 -5534.080140191758
0.0 283.3378953839433 -298777222.15597534 311961549.38900757 -65250550.37815285 -151.01362322897148 156.28786041375133 -131.26836056872634 126949874.1926236 1030.3378953839433 -300940539146.7792 29188905982.659058 3301213241.5991592 -15994.32655101701 -38039.98655879652 297.6781702060266
0.0 99.14011611491424 239743524.1041565 -156124701.45074463 404190821.1752262 -1124.7951160973262 2421.4151296691416 -2569.19043616764 55674126.15508854 846.1401161149142 -232925842395.16556 -193326223731.98297 4928843031.977071 31572.093474095815 -20729.179819828172 2768.0913837692433
0.0 76.75689046080925 51249736.05976105 -260409249.85736084 58713625.31001979 4134.135580509148 -84.68668649584288 -319.33798451255495 50300917.22204795 823.7568904608092 9991266283.473927 385118660786.083 5346448194.692647 -49100.80918094467 3002.389159493505 1314.0675143765368
0.0 166.2299168424678 -79182717.78108978 -884283516.1335449 141398085.41097927 2211.0519698622993 2517.8784315390258 -1793.5909298528893 112346168.21940312 913.2299168424678 -27395064758.02265 -77614819888.67284 -5623523539.749868 1356.4972375993166 -7470.322995404226 -3235.3124114697116
0.0 52.938809538010105 24490644789.641937 -144042512454.7962 -706789326.6829246 27699.858534442916 16299.163277082207 -945.3656458068336 28993546.819479927 799.9388095380101 85236237532.92947 64614632564.47078 -5622729477.43802 -10236.48671277707 621.9385341687303 399.0728396876405
0.0 168.70846927745743 14822145.527015686 -761535919.4947205 -265859028.93506813 2258.5313814080873 3071.970654841636 -370.6434741574015 97396901.84383884 915.7084692774574 -284956364240.6576 -226765058950.38123 -323651266.5576855 30984.85939858887 -39560.68603081792 -778.8457408334897
0.0 125.97812049625873 -445266164.48631287 -1871734493.6263428 253308235.8384201 6268.433685650514 1074.7428453043267 -648.848582833402 87154987.57753156 872.9781204962587 -265445894891.41074 290008918302.1 7998788062.704185 -33708.855840078875 -34388.45116151391 21.330985078441508
0.0 116.62422244737127 6131253035.185089 -659000321.2438736 -4186399212.317669 -462.22791476623206 538.5409401474499 -51.6622034016649 87291608.63370015 863.6242224473713 34009314153.800888 -45680379266.39633 -6580524110.791636 -5349.7996307783 -512.2999560278695 -958.1967081086445
0.0 102.22277000198869 1445136940.594284 -8050359315.142639 -1639046334.7238941 740.5829739319706 1367.6116820481639 -1765.602151997717 59683723.52023659 849.2227700019887 -332492774632.82294 219078750769.28268 7852172861.006157 -29713.687882742393 -41007.691770585545 -1748.5866941786899
0.0 77.05911446227515 -165301701.86605835 149263086.3519554 -74312919.99751186 6954.92385264359 3217.683693039642 -1371.6584532456836 58691758.58441953 824.0591144622751 -178470229648.06232 342601901663.8843 7792741175.01059 -44147.153510888995 -16485.870848721926 -3141.636262099802
0.0 68.22497850983791 -186903462.37530518 -624192159.1123352 -184664851.93147516 2608.3100741452654 1464.883688507858 -226.0353313395995 48104454.81795568 815.2249785098379 -257772494105.3809 178780490169.025 7296965527.131288 -10743.368905832687 -38080.124703195615 -134.1077159991123
0.0 98.8666020717933 274375224.9606323 58430922.79421234 33741764.21019173 -378.53777992918003 3143.8823867033825 -2415.022003646855 68948227.04876134 845.8666020717933 -255230131497.39734 -206327424790.3597 -1640388804.277707 22921.87172571056 -35690.60160415033 2893.706295068032
0.0 83.88879517017256 -15689469.817718506 -152442920.09619522 -224217757.18366718 6911.120263180362 2507.6604520026012 -333.2647576999025 50492433.899739616 830.8887951701726 -107514953553.1391 377559453464.5748 6554247129.041683 -48318.35600358929 -11653.221262277348 -2056.851651246815
0.0 190.22015276479294 -1064300977.6086884 1013660568.8567657 -193194791.54197964 8319.219268735595 5232.658267037459 967.5955586139729 87467298.16033946 937.2201527647929 -51683353041.82873 353942447419.80286 7298541739.596414 -42815.80608096547 1614.5271615991442 49.88761805748186
0.0 199.41215654231985 -1757689386.4192963 10817222461.086441 -361270309.9167241 3873.6349099122817 2588.210624915493 821.2723811743986 99642546.95765746 946.4121565423198 -135716126362.86911 23704973735.823242 8008293326.942901 14751.770500626415 -5523.040684340229 115.9895499369561
0.0 96.19188097251072 27940901.76638794 136243340.04859924 -23069841.129751325 -5830.795380760694 10733.301066154378 -28.480850330435572 44647554.22775236 843.1918809725107 -212901487566.54456 -12222100193.645844 900322104.9716039 -10612.58819009456 -16207.26881489362 125.29975620633522
0.0 109.57153486767447 204512021.03852463 209324711.6954651 -6173569.112998962 2599.4365264029548 -7640.1393824529905 156.57853044613188 45067366.35476264 856.5715348676745 340347151265.27325 118579738192.0316 -2968999161.1568356 -14275.565405563992 48875.15444434338 4107.171542596312
0.0 88.91959170889618 -2367457673.5998993 586612051.6105499 8804108241.423023 -1324.757394118904 2529.1843900765107 -614.8188662780997 69302970.86316928 835.9195917088962 1239834556.6084366 -347377201297.3153 -5564484377.947489 49921.816181505084 655.3678341921877 6270.643082485828
0.0 31.15992070524601 15727470492.48993 10257649628.864548 -1255206557.8652449 -33.44355402295696 -505.00029366769013 697.1925457381323 18642822.499505077 778.159920705246 -46696517034.597694 376105724229.10986 4714101192.550067 -52003.28703697027 -7020.97446525205 534.8047320569148
0.0 123.32646985655526 2947552354.254715 -915947839.6697388 -1013266765.9621363 451.0263116597598 1451.964752623091 -11.840442211739173 51634190.07856649 870.3264698565553 -364497640989.2728 -2695520995.250473 7395522612.203385 8319.3171601974 -46372.451088624584 -298.4675300973895
0.0 84.60933194399354 -166549771.31427002 125699216.25991821 -13339814.833208203 595.2512385184782 6957.541637167694 680.9737390821346 42116092.25392252 831.6093319439935 -188987495647.08008 93472774720.14795 4827310964.559468 -20955.192216420106 -8965.777692709882 -398.9314197714502
0.0 222.1307290830249 -305579149.70758057 172292294.12950134 135622645.03281975 -1910.8859334105355 3073.463500344362 3302.6208028727397 106737669.7619938 969.1307290830249 335041933231.8887 -4932095721.175186 -3693192584.903281 5193.438045073259 52486.34840580214 2775.7069575375263
0.0 124.65149371888322 47290890422.61087 -30192956823.373245 -24205169415.27475 -8836.004158405485 -8228.960638120992 -2652.281979644813 62943035.25246748 871.6514937188832 170673140426.16702 -223525171094.85297 -5041546169.140971 22516.108088365527 31363.93247011271 -3511.9802713953823
0.0 32.19007764349317 -130757380.93466187 4878672614.076172 -16049992737.53967 180.12746472647268 1916.6087760432783 -425.508532170842 25586719.31720388 779.1900776434932 -69158018800.28261 374827331111.08276 6922522609.451024 -51311.07756390635 -1563.2687130470958 6656.8854867469345
0.0 36.06412329855618 24728749097.508392 12369423644.298706 -3257671794.2467256 643.1140781938302 4284.188707249619 -249.4518213928779 23262145.041194428 783.0641232985562 230001298358.3131 99631001561.41743 1210653268.1447303 1878.3126604344798 39350.630092205465 587.7898386518742
0.0 149.00966778807958 -357269033.6841583 -71929751.39500427 -344240187.74028206 -2530.7146824456977 1672.90808699829 -255.26221017635507 105231881.56717326 896.0096677880796 -173227664700.65698 -1596148452.6618652 1153175087.6760254 -17154.938609200515 -17398.755831500213 1359.7686712040404
0.0 136.89478313993357 -5925169021.668053 41558009122.62286 3528286523.8841677 2118.338612180687 4205.503609919941 545.0370924299696 70103255.40877286 883.8947831399336 244543943606.43686 -253658173434.8937 -6563080796.97826 37156.34131420303 42052.002972779075 -149.4635731974429
0.0 272.68311166808405 -288135922.15974426 -27622753.875183105 -95440708.17879105 3116.9359175934587 2167.6490332980807 -2185.991755213201 115897917.22879581 1019.683111668084 83930879920.90916 300230353626.5361 6133615283.318348 -35044.19751564742 25340.662193968124 5765.686673853426
0.0 53.62346007778376 -65322730.62069702 164214279.25668335 47575715.03773117 2512.751230606893 2091.735637512731 -4415.76805052623 48732042.406839885 800.6234600777838 -259967244258.08475 10092209683.392944 7998853019.718398 16659.547615498966 -28015.36053572935 2460.5388209368925
0.0 264.96290526781263 -1896893178.7337646 16468319102.340591 -37816335177.892815 279.5138323191095 914.8216377301251 -848.0285944698408 112851934.37164487 1011.9629052678126 -381173668920.39417 93192928834.4079 7617650793.784406 -6166.417831258326 -47113.643553478316 9404.798406554377
0.0 72.8189219661864 -78160954.36370087 -223094266.41784668 517433975.40609694 2869.2524202913955 703.8557368241327 -6554.7923313778665 56033493.91486868 819.8189219661864 -234388248554.6816 321317231974.8291 7731714588.974952 -39276.931223830106 -30398.178283540525 2324.084822665675
0.0 80.18177606606059 27133204834.330917 -721622855.0218124 -5217042297.107243 -895.4068727870181 28.653494675814727 64.43163985990547 55637345.749671675 827.1817760660606 -349081045583.33936 194673135016.19678 7787015686.305886 -25030.44568316543 -44293.10247882178 -144.34971489679396
0.0 191.69749365260577 885498040.6607666 -2063742217.232666 1810699811.32415 4281.495904372394 -517.4196724339381 444.9732507151116 125014160.04368208 938.6974936526058 -263810581871.13364 143418801598.33795 5878121958.498208 -22435.82446667133 -26759.06126158982 5221.993726308847
0.0 55.054550612914 -39164274.09176636 156277526.46932983 -30297155.236671448 -442.21783965422765 4710.927712224071 5770.275493256564 32510160.523169607 802.054550612914 67041954884.72067 225489534288.49847 6769233915.612731 -21396.22655018558 28640.297193973816 -6114.008879096779
0.0 147.7506350148551 806519858.2047424 620414543.045105 -218538253.8368783 -3316.5038245936375 -11.12313450926922 -344.0607858385881 90550432.87481253 894.7506350148551 72361816334.74786 25022501679.796326 -6107464569.356244 -15395.26015659744 624.0578286017553 -2166.3457133127627
0.0 246.88491153589848 314692444.67230225 1697369080.416504 1812205699.8392353 -843.985416669293 1262.8768714215948 1421.5398516510447 119349086.7522877 993.8849115358985 53466119960.525024 247594035755.85278 6984017922.391216 -28618.79586884861 23200.255889132983 3004.7833475688703
0.0 182.20883013534035 8417752.485778809 -240682771.63757324 -69707407.3676548 -1390.1261165267351 2536.7527978890394 29.60881030441142 120798282.37215951 929.2088301353403 -354689106567.3086 -153057838659.701 4373512221.020623 22190.220587323493 -45240.59831128553 -237.9031305255447
0.0 97.62735106469233 34930908.75354004 28070571.880752563 80089759.0337553 841.7810385478078 2083.695817081294 -1161.1391821810519 61310239.30151745 844.6273510646923 -394177363447.42236 56723625691.92766 6622999958.487756 -7367.722368238972 -50394.233827734235 -1997.7306755064549
0.0 46.84685402246271 833168874.6561279 6052778.110595703 -313009967.15779364 4284.125984317674 -610.0342907805516 1896.9453822455257 40924696.14557573 793.8468540224627 -117415247294.73453 126199619773.18457 5374001967.879206 2036.9439799881293 -21894.17382106205 -934.0888336321358
0.0 115.45972514095888 -116366770.44844055 57890357.78108215 -9503580.444293976 1560.983268190761 2438.0633594841565 -179.8711876582082 58125617.55859209 862.4597251409589 -371512547295.5123 133955041276.32333 7093299138.674957 -19095.693568566538 -46030.569509325695 -310.5485175708503
0.0 84.91628473077549 -81934721.99276733 -84343810.63739014 -90061111.39212799 2926.47157737572 5632.12664071974 -6525.087363572733 53522417.30286945 831.9162847307755 -76020956126.16785 -173200880234.33795 2817097514.286522 24521.965139484615 11601.143250202895 5023.095528083807
0.0 77.97533162090133 425269424.97772217 488154171.3967171 149427978.12978935 5948.0520295691185 716.9136996035013 2098.6075984162744 43522012.35584261 824.9753316209013 -151331012610.01886 48826044214.506805 7758875659.360856 14400.612521475789 -14077.99408779511 -144.33641445041667
0.0 183.69661084992617 -93913256310.29176 91634387101.98523 5666775476.308447 11630.510940663557 -11857.545211909031 239.7564115586556 96450523.56744182 930.6966108499262 5024245556.607529 127846207976.14561 7312178068.592342 -601.8385018668887 15245.18244577502 285.1923038381604
0.0 56.16189167395203 12682523190.237 48853591.298828125 -7638617133.100177 1593.1610681877683 104.368923393562 -2108.252054192126 36616911.740469106 803.161891673952 13300218711.769226 103955335157.13824 6313556049.368013 4477.412788975875 10798.351633775324 3128.900394569697
0.0 75.40324457427494 129621366.04641724 2049508.6128387451 -72006709.02260566 3130.902111095791 1574.8160914069176 -1180.3487617142323 55409673.08802835 822.4032445742749 -260059400898.37244 300213552639.9033 7785628246.468429 -35215.44486515623 -35002.806002521436 2239.1158836158465
0.0 68.08639962322866 4417019.109954834 -77977963.1962204 -60756063.279242516 5293.51915432364 3511.6910341110124 222.52628214504858 46537098.66949445 815.0863996232287 -298079104805.56055 28119262307.609467 7988705856.899592 14089.348769890541 -35540.46639891717 -416.72306082655496
0.0 157.60249723032575 -323746943.29333496 179815691.37584305 -172749863.77954698 13024.265317847912 5630.584204334398 1003.2038584063785 112504782.66124728 904.6024972303258 -279840151854.26196 264079388823.27704 7691206608.662137 -24279.91524278857 -38882.61401231005 -813.9842757505855
0.0 253.0191332053099 -316475709.5710602 -279944453.5201416 -81056884.60879707 -1392.7835785993993 3385.8951260836693 7143.959084330791 120963449.86617026 1000.0191332053099 -306755956353.2506 -232854225800.47842 1596383419.544837 28904.988556763183 -37905.42601965437 -6492.080116918597
0.0 68.66066524691757 1729677560.0210266 -291733210.5210724 1764159385.769545 2268.7291889197245 2592.3789460640946 1874.9190418099981 33057577.066813063 815.6606652469176 14691714555.473206 255360964673.44086 7502519124.366758 -28917.630894379894 20342.194410664822 -1371.7472142937625
0.0 219.2782363063411 -1667670552.9447021 3632522637.7010956 956360196.9213243 841.3423432781365 834.7440698512255 44.90359461841687 98980419.09416209 966.2782363063411 -156588908078.36017 60467656230.26364 7578470549.379445 10520.060781007967 -16061.160481236226 359.5123026895045
0.0 43.57938411242412 48501339.31085205 -18584242.132255554 2479234.6487118006 1946.0965180417825 1800.4348991863153 404.39895642044604 27709694.402085043 790.5793841124241 170584171450.19943 238621591638.88696 4326831465.895795 -23669.1686328493 36156.27052416863 222.56711953894404
0.0 150.08925514745545 297853584.7185669 548332535.430275 93078712.64558792 451.0520429971084 66.70887050973397 204.3858819728583 102732546.38282189 897.0892551474554 289430535395.688 219479858840.99457 -2107191555.8872578 -33155.684846283155 42605.98696658258 458.9926067525957
0.0 105.96130660303311 2742986783.760681 210111212.9893875 -581314359.7435756 1113.9251127748093 1206.1171424162967 315.491989979868 48335879.19061928 852.9613066030331 -293985310039.9693 -55476696804.52191 7469230804.958048 20114.4899841883 -33248.877559305554 -220.72479473263155
0.0 195.79427677104104 -14792438485.024246 13042781011.22284 -3886850047.046854 791.9155873351228 3241.0060929476967 -1061.5354719546094 93138423.12867774 942.794276771041 35248994792.71326 65688711178.65863 -374451251.9591351 1796.645955165448 -4341.366607205175 -1710.2753189892933
0.0 213.8399299542076 -264712946.43374634 109248318.58418274 102881473.4264183 -1393.839851214645 2433.723044684546 3097.144250307093 113677409.42467356 960.8399299542076 17853564743.3937 -68621301382.24893 -4373542736.641913 -5282.707812718338 8796.439722247798 2515.617146601847
0.0 63.73835980629951 -116211812.5579834 424864485.87475586 442410855.4645448 222.6876045355093 5194.1617328374305 756.0241750639269 34242067.072646014 810.7383598062995 -358233788097.44293 92750577395.27615 5837341205.390372 -15902.57945882382 -42518.83594506151 -730.4295278762851
0.0 187.37625955918463 -116360999.68623352 149265155.14349365 733163620.2458372 -371.5244595439617 862.2581943203659 598.0002573184945 107476910.5532351 934.3762595591846 -264623035833.5207 266641878749.01215 7458827387.991118 -32458.831474795945 -37803.306706026255 -371.6235077984346
0.0 39.52075795890585 -371139076718.2678 -474419172.4265957 6014350852.977741 -710.3329296090961 -53211.935478467756 -510.8248996566594 19771349.334892817 786.5207579589058 -47401908246.88344 -61868605155.583786 -1187758772.9258008 -4629.864307583022 3482.575108601517 -751.059533532186
0.0 165.51334079615515 200011123.64736938 121238002.74201202 -675313199.5868897 -870.3907669733626 -1117.649327527426 -873.2428097315137 104088088.04732332 912.5133407961551 -219700860136.4964 -130116318272.70076 -2150658101.2068253 5746.876312452296 -39026.72763397364 -562.0589463137673
0.0 20.774938883992263 27099957.931991577 11017506.716415405 14550268.634337783 5034.1421999048835 339.19087345181106 -780.2925720332382 23894520.84149757 767.7749388839923 213982522524.9116 -109030055690.28416 -4259508447.5188155 33444.529595612126 26477.356256490144 63.93936254190007
0.0 76.2873004393922 -855482985.6293793 -191112706.70870972 -451665839.9831077 4714.168660738702 1597.594158371454 -876.5216480866177 52188571.75297949 823.2873004393922 -19521631026.903915 380919293532.8217 6206808770.03314 -48084.96851023768 2392.738919443876 951.0813233963626
0.0 165.59257424550276 144754531.89225006 20865231.591186523 -153994825.14889336 3456.1234487644833 382.6027224077375 -1109.5228168466058 123385895.35335886 912.5925742455028 -179821388864.5587 -321737637593.82153 -54713761.55407471 51521.25951981457 -20363.569826838455 -936.2983320141888
0.0 95.9697308562844 -12163209.310882568 -77473762.46065521 -54029823.76099014 101.88041477236436 1129.3311392153264 -723.9569263010912 68531692.97654541 842.9697308562844 -181081713583.97003 -293372224052.92126 -3187478589.566242 40439.27251170894 -28999.695070332567 -2844.584131591986
0.0 240.33909164594388 32186678.807556152 -132765226.88776398 61764442.32891226 335.8288102029637 2097.7397566242107 129.2999611580051 125886281.40125401 987.3390916459439 50466131803.584625 -358418621477.3717 -5280056422.196663 54570.02628224905 11876.958724215596 -1820.560163311624
0.0 131.95439481212736 8299931839.542122 40032001997.45705 1995492380.8514144 1673.014693031062 -465.6753716639105 745.5357987531297 94397681.01327619 878.9543948121274 47721039145.384476 101208990654.90585 5244944458.749828 1972.8692179457757 14307.996752823681 586.979338615893
0.0 187.4353619723314 188101291.69281006 171602254.15737915 -34905229.52976799 2104.3983496379487 -2922.382626329043 2692.043994802816 108565911.22148108 934.4353619723314 -272200555413.25845 190157965863.59683 7453608705.810469 -13861.391990222084 -44422.35014723595 4559.684872047294
0.0 158.16314554163694 29172864.309509277 39544420.90371704 -64644469.21052837 778.5010095897724 -1024.1002842153175 -411.7252700604244 95720556.64993438 905.1631455416369 -63743021407.38344 76239146676.12256 7487028170.788488 9132.608741731288 -826.523763222458 -266.59688456904394
0.0 134.98036806970697 245883313.22875977 45494997.041137695 878000305.3831568 -1459.5624691924859 362.1417245623961 2159.96249544967 91730399.10520671 881.980368069707 87014392737.44987 152201004290.99457 -3838821522.559411 -26244.33343338855 2093.3788021267355 2335.7976886907936
0.0 146.26403211409877 15515782285.1828 -6823239896.812866 -3304829103.6810684 -1803.2405600086022 -3437.413495058594 -253.8330358190795 79532345.90196197 893.2640321140988 284384303762.2733 -122839369266.04027 -5035637774.260438 25891.481205169497 38728.53271707412 118.38803697513191
0.0 89.0491947889767 312840520.5327759 202455502.6821289 -120285616.73812318 3630.97139162605 -7255.809301639549 -903.340369917027 64833019.85998722 836.0491947889767 176821231142.65433 136609896568.07574 -5352457337.293668 -26699.27586578035 16109.661221208255 -522.0689507292645
0.0 61.20853414491512 -165207497352.77185 -126538926176.64091 4180629276.3622828 42044.64813747826 -23485.089261169524 -790.10788963348 42581954.76691033 808.2085341449151 -116413840126.84119 47630070795.268616 7855183913.520256 13340.454174903345 282.03302955329855 147.39453609798773
0.0 149.63707623395317 -33075394609.563904 -26139167802.6344 -13563287785.302643 -4333.350512258332 1577.072734719135 -646.6549672816341 89716756.2590992 896.6370762339532 -154901819217.88037 320632819232.5094 7969696659.737206 -47467.932740758595 -10577.830321783775 -1400.5712355598878
0.0 151.07329134744577 -14415751216.728989 16272128704.289825 6674627938.194666 3545.0724790496643 5257.912947775775 40.99974708725233 84722849.6748371 898.0732913474458 -275182069704.2895 288924880045.5375 7944699765.417114 -36897.654186853004 -32155.946463112272 1271.9184602649063
0.0 189.55479615589002 71975153.0914383 -28389159.832092285 202897341.4009807 1432.3841484352306 1288.593462571991 139.10024711825122 113474716.95049815 936.55479615589 119316164464.0198 -105813605910.26176 -4839150210.001417 24913.146587847317 8119.116595736115 259.1251697704466
0.0 131.86149712929 260402989.67573547 637100197.277977 94090400.07150435 8125.206189505858 -454.5402173418843 -366.75780409366365 101223570.37235403 878.86149712929 -137625304278.3775 142126121713.29688 5489823828.976509 -345.3706349855238 -23802.912817184977 301.7767040668987
0.0 85.30069185852051 326639068.2069397 -347116151.1211624 -18279940.46410227 -7092.4549444319255 2329.7418815899473 2075.218744519966 55075239.73364794 832.3006918585205 20548149697.6481 -55720784130.63013 -6432215617.507214 -6261.301253538422 -1125.836895528715 1775.3719634317565
0.0 204.88817820066072 -659710897.7555084 249563338.7225876 197569809.19274282 3324.1374815767686 -1339.971141611648 -1047.6857675695142 113771818.72515512 951.8881782006607 173000404849.65506 -64571892139.24724 -3110518769.5730233 25295.866022634975 19218.324547183038 828.6809144193921
0.0 34.98777469691663 94457040553.1418 48465322679.00845 -4781506666.409599 -14978.374324064554 4572.103281247295 294.01091813245444 21406637.91595846 781.9877746969166 249405614023.7314 172430389334.09805 1647266456.5579486 -14671.094958453043 41985.369147594036 705.9557096461881
0.0 177.9748230507547 -135013897.89956093 21894303.642822266 107263266.20253229 -265.02825887452855 389.782596508732 516.6036300153451 77129871.64705706 924.9748230507547 178126130317.94202 -195429383059.57104 -5961256312.731825 35187.02231928383 20552.09005328463 440.4900532549669
0.0 27.66223328948763 -603427583.2817383 308505141.39904785 261370629.66764164 8214.743658582493 6833.290978811907 848.8004018625321 23538016.26207053 774.6622332894876 -174858098565.38116 354733928179.3231 7255548434.707685 -42689.24262535903 -21484.56455912214 -146.54996321611446
0.0 66.16822150228234 464834045.17884827 -34161403.807724 52524800.52956581 -2826.6785061480696 492.01360990651665 2837.565471149675 83201983.3394786 813.1682215022823 -3796982911.4850464 -160043999184.6331 -6678155704.198497 16129.15151249991 -9943.132548561662 1004.906110739907
0.0 184.46850857104232 588619654.8478699 426234906.722229 740841688.4864466 -379.48133188072643 633.0892630554154 895.3199817719446 104991056.79909098 931.4685085710423 133959537393.0103 350708032645.37646 1883779199.595492 -50388.42391793584 18502.766224938277 -602.9594485306588
0.0 157.63976433618848 192392265.4035492 85546078.01533508 -77105694.26755857 -2413.1960492328035 2939.504189297295 99.71330518740598 111410964.36155976 904.6397643361885 -356091757713.2871 -48750682970.518394 6994878198.083763 11230.946745674813 -41993.8527774245 1515.5804660636054
0.0 167.78418452577716 1188119259.996704 648846150.3415756 9380925900.22785 -280.86897543565 1124.7405611664908 -2115.1495341719697 72597446.69088404 914.7841845257772 -214784624577.21466 -142148116116.906 -2450984875.9671335 9422.958225170052 -32825.01985899047 2489.360887723324
0.0 206.99993679162435 -339151756.2124939 -210639236.10508728 -104325720.27979517 1339.2601607777815 -2701.6089200582755 -1107.8349397603993 103364018.4038235 953.9999367916244 -186817201139.39413 132098984103.617 6632106248.305982 -588.5079146373137 -34091.29188093862 -1288.2928969709055
0.0 188.80929806303493 -191486967.13537598 289859624.01106644 63770222.10267496 135.58915532511583 3040.732359570964 -91.04509405719114 110902830.70642461 935.8092980630349 213536915394.1797 -113684757900.25272 -4367688872.038623 27166.976429840928 30383.68951438902 3161.223044851474
0.0 87.39068015706721 -178396532.2960205 405692732.2582474 -34760909.337803364 1896.5460492325346 1336.4348658396993 444.16880889577646 63230520.01571208 834.3906801570672 46893400693.174774 -353254338684.0659 -4278056250.2299695 53513.26057296236 11804.14126675136 524.2559184213007
0.0 108.94970453285373 21361658098.315735 -42795739709.241486 -18893689160.779633 -3765.9927752095828 -633.0959013332376 -152.8346529990347 89852049.85124648 855.9497045328537 -324793328544.3154 -202099559897.77936 3421007048.1903863 33389.08990602086 -40042.867982953525 -2637.5132779888436
0.0 198.0047058318429 -368963930.83566284 61289831.39260864 86290488.92813861 -296.5224819949308 -3837.9807282747424 219.92607435044482 114993283.0178781 945.0047058318429 155254924494.28165 255071693334.42322 4721070764.210067 -28234.64635092832 24578.813226644743 1343.0463166752168
0.0 227.78995058677958 -1667536940.4909668 -6405444789.881851 -25858189753.45195 17.27627010341348 447.5009876124823 278.2373026214823 107869340.41164939 974.7899505867796 -107265102048.40775 -25897302863.151947 522771592.62658644 -11486.382613239415 -5187.889170865932 4730.660327566526
0.0 157.8111962531966 -285767303.8867111 -206638968.88476562 339117278.7430384 3188.524676167104 272.06056473552235 -192.65851378878403 96457259.24885078 904.8111962531966 -62867454487.59201 82372489680.41206 8001418693.381971 5713.066643180644 6150.308260258324 268.071399773401
0.0 131.38504390263483 -196530938.94515228 144342115.249115 33264266.875489473 510.3209195048148 1626.4257668271575 -1111.4915934632204 60550388.38583024 878.3850439026348 -365963131239.79675 157595572796.0063 7471095001.920629 -22384.057698422137 -46785.23535259052 937.3577078431111
0.0 115.93611727418647 -69673186.6444397 19932201.15751648 -49955889.62074852 4632.52226688562 3848.8751626696503 292.86431724661486 118882794.74007468 862.9361172741865 -63321166789.42116 -290070600917.2654 138614344.70028794 46840.36402638108 10221.110905502737 -2983.6216077840054
0.0 159.7217101941127 -1127410440.1730347 -449949352.93063354 706552599.6146059 2922.039803980668 -1222.5619279796229 257.92357669953265 64360992.09420728 906.7217101941127 16862381707.511795 126716832470.39082 7007210394.865578 108.9603578826609 11327.357571829532 1052.2537793948325
0.0 174.49188090995506 10028160911.193253 -667617261.4582214 21633601945.556015 381.495333319428 882.3235632682736 409.21017152477395 80560365.72214773 921.4918809099551 -14850471767.386658 -94548712403.203 -676938791.603723 2547.492983390588 11793.028152709045 5681.872942530396
0.0 133.93900808225555 291097105.15488434 16855261875.782806 1288806365.369126 2412.0811352036544 868.2740282509803 888.9777921531891 94502124.85668546 880.9390080822556 46596244730.21324 142677789807.56592 6600975976.824988 -4811.622150319863 19726.491334767787 416.2919964601275
0.0 141.80873049205468 144959106.31643677 386378081.77700806 -15683254.740862846 13430.239440605403 702.4867560056518 1239.8077160611404 72899351.73730245 888.8087304920547 117876345425.27162 320235006950.5653 107081854.63292894 -39457.75766268857 12408.296737534058 3427.1008772061955
0.0 163.79285472115248 73146208.43391418 -119860780.87179565 -268541239.76627827 3528.424921884067 300.7048397714316 -187.6980054700336 74992570.13089967 910.7928547211525 -114622489288.84613 -390852085.9222412 2534459706.027735 -7706.133527963157 -633.5137271630483 0.4522373069585228
0.0 225.27755696916915 -10304545515.343628 2216225589.20977 1686325217.0222073 -344.82517663930594 865.4983147979656 338.7172922747411 118187703.44085103 972.2775569691692 -309840464173.26886 222174381391.31195 7598142732.40488 -34292.51546408706 -36186.26780028794 -11.56657487403524
0.0 54.09339207667949 -51634571709.0636 -61448609722.08298 -243463225.47553933 494.63456909625165 8225.634178409937 -797.1872806984582 36814456.71832271 801.0933920766795 158709127098.17477 143194656634.53674 -5125154727.372118 -23736.642493709238 16681.57690350012 528.2815769817424
0.0 171.85083716419922 -191281000.697464 -3670824.0074157715 90593568.13600528 -878.1835693695648 747.4698810111622 205.86792509445516 92635391.929881 918.8508371641992 103517721167.62021 73609431016.93839 -5843872706.431886 -18626.32580295162 6758.003659287224 541.5347374940397
0.0 189.9531134531469 27761746.52521515 -46090626.27844238 67521139.50537395 1292.5105271496795 2836.9136518107025 -5551.897853064759 108910874.70961498 936.9531134531469 -62388542116.93179 -183063730891.87915 -6174470381.281708 21391.798146806872 -17541.757207576182 -5631.033059086382
0.0 150.15188669507677 -9883880.241363525 -52037849.43057251 -41195530.94851208 266.39554787115776 -90.855745250994 -289.2042305395687 95580834.78780022 897.1518866950768 254905449531.9321 -216677760469.06274 -6456179925.048079 30266.86967971066 42065.84110521422 -1250.1399788728552
0.0 64.39354000954802 -292978914.1713867 -15081374.391555786 -2867590.552764207 1457.583688161756 3865.24451149561 -619.7674338235522 47400958.363974005 811.393540009548 -149066002623.49115 -129613675193.29257 5646724858.204742 24476.413927172583 -221.66982858115443 1117.121972963873
0.0 78.72783536109978 536754022.6602478 376373249.62576294 -33937718.45628309 930.0412753603814 -8154.93422163574 509.61188049587236 41473701.351082094 825.7278353610998 349559654104.9309 -61066031614.47617 -5927211712.775065 7921.3743452096105 49195.87235762346 -20.986599607574533
0.0 22.055701435500396 191779987.74170303 260586318.18778992 14787630.43611288 3780.2194787673616 2563.5210618821056 3155.0856690455944 24170969.23013529 769.0557014355004 208569004906.6159 63410218216.41713 816235146.8722401 9724.227821407347 36459.34622811004 -2817.7059770023952
0.0 152.51734970070288 160597765.06704712 -844474757.7846222 246089783.46429777 -341.4511151804036 -1278.23904570812 -186.91777675110637 109994028.95646197 899.5173497007029 8188215485.120453 -191389195183.83005 -6684053413.161854 28324.899213185738 -11858.254304804032 -953.9644280965009
0.0 145.6596109639961 2192465544.385376 -1417582668.687561 -907500549.1008132 -2787.2395165560265 -5740.97218049673 -1146.6569700354296 88014406.72201163 892.6596109639961 77619721139.67157 56760322462.122765 -5545600339.952134 -15966.49567773527 -2712.173690103624 459.8170689403791
0.0 134.19585498547974 82218179.3104477 -293752697.32547 -69430577.99829626 2592.3479621989572 -2531.549769503389 -260.6454670976114 115337008.28380464 881.1958549854797 48527360120.64899 -59489390722.366455 -6073233923.078216 13672.243093237035 -8460.04477231609 -547.8541094692201
0.0 189.8354722510045 -134408666.5472412 84870425.59527588 -151665952.27974844 1476.1723618245887 726.9690215065457 4755.838945817211 103724591.93837248 936.8354722510045 113562734380.92993 311760827700.6233 -183921821.1540348 -45741.65952657063 10831.307811954513 4407.316977091121
0.0 66.7342552045468 -54449845.64212036 128755044.4793396 19950189.474874496 6313.810580278172 5515.158189794773 1260.6897803382874 36554082.529617056 813.7342552045468 -54787326677.124084 211795311690.0276 8003065376.75916 -22306.785661638132 11396.66897876586 -509.6028924209421
0.0 180.7557361973296 36113262.813934326 23467059.242996216 28863077.84492874 -156.380821406392 -228.8281521994577 -88.71168245768752 86376949.0835598 927.7557361973296 139501516012.29675 59627074641.034 1768432437.5584295 6685.371026957004 19043.025791519583 -1379.7465130722976
0.0 188.43278420846855 126696039.21560669 166708233.5758667 -82753095.82720661 2537.5630237521327 661.636444130796 -653.4054351586614 108214977.36965004 935.4327842084685 -80381280806.4574 -40177459734.91379 2934387282.3847213 1781.8459432127675 7733.291069476381 -449.0549005316615
0.0 89.50557302045706 -37274671.05755615 -68622639.79352188 111189440.19655275 1970.4095299737864 2590.1991289368343 -1303.0738221955382 51718733.44406628 836.5055730204571 -141007618686.10858 -142293107165.12357 5214097616.205911 26851.885534606972 -569.4774488732364 597.6058627460695
