Label Ep_x Ep_y Ep_z Ev_x Ev_y Ev_z t_t m_0 Delta_x Delta_y Delta_z Delta_vx Delta_vy Delta_vz
0.0 -169681560536.1404 180989781389.11304 -10210818279.841259 -12259.104454108048 8327.829102302316 869.9355581046663 67494414.87726262 857.6324282091916 165366413808.73657 209781294629.26886 -3653313346.8638396 -30127.819123499845 21320.0022498501 416.90205618507116
0.0 -94300929567.6565 155288593050.33405 10766371076.712952 -5502.264261453338 9132.42094180916 -541.5123274283466 38820821.96625915 795.7747559625323 -312635132053.6069 -158335090092.1631 478137713.95490116 19415.85865464336 -43105.469971212384 113.11489040390792
0.0 -65688187806.4758 99393246364.24141 12190445219.479969 -19262.828740973222 5570.235048034141 -404.7971031105333 73541068.63393179 872.532871242382 300162437808.7949 -146200930199.07513 -5722864003.889477 23290.68894262374 45433.913136493386 -2041.4291528290369
0.0 -12200438499.168732 92329916886.46658 5404202117.889579 1191.522282741018 12299.222553157806 116.58803515439294 76236584.72704205 850.8577412273129 31667791620.923492 -311826956630.69135 -6365535490.408664 46984.17386136715 2868.3504891267858 -1409.4099931552842
0.0 -46904126102.06174 51991210639.54702 6392997889.2393675 -5961.226913516253 8144.815214100974 -526.7175277335789 73752049.6483223 829.5011979310449 267855728407.1752 -186496324346.25314 -6054643641.949887 29624.864303405164 40234.39052765214 -1832.2120504315135
0.0 69355971772.70728 -11283939851.736343 8167329895.551614 11343.747379382261 3691.049585064473 -788.270007790594 71442018.79000312 866.636923201953 -215117013259.06555 -277927642268.78876 -2347940613.9137273 38794.12664238657 -32865.8002354189 -751.3597306475694
0.0 -263166150784.72162 -7973627517.259735 -3163975575.6896734 -11874.50103298529 -1196.3199491538453 129.4819081702915 47187072.56838895 823.1693453790357 -56598728194.32178 -248276516090.79282 -6103134634.0710535 34202.79056728714 -9608.549000591374 -614.7860239865608
0.0 -75776134907.26196 75447242244.93773 -5566581573.383148 -13964.348161164779 7855.547907781394 800.9784541843094 74834282.71825187 860.0233441699454 262435475099.16888 -172980855089.8542 -5783827185.569842 27794.46760629966 39064.36647072744 -1393.4183197192303
0.0 151102263477.5592 -108932851712.87863 -10841234057.855726 20084.868812195513 1336.0139809698994 804.5483459151451 63995535.83230486 871.9874455604044 -95741204891.1694 -342823891445.42114 -1290220619.5290089 48982.8735819603 -11748.58116397559 436.07312220802464
0.0 3545668174.492279 142322329373.23102 -3127098078.6182613 -259.30662339001356 8988.664577744814 -191.78372947578396 36889961.984447315 804.519783698063 -349978544740.73865 17557334396.25438 4064979787.4923577 -5534.574542245111 -45682.671765433886 795.7741946927981
0.0 61727078989.97781 -90394337001.94067 7153200599.442559 14131.182651685882 -1738.3881453272006 -113.178690696162 66611380.78940497 807.9192480023308 -262957191817.46457 -275433688557.5812 208202822.95117044 38668.66526129769 -37783.24058807685 629.9624336929728
0.0 97933707306.17374 29548165289.710373 3489267386.365989 13170.939885676067 10368.961911919805 115.91705493116024 73376679.30840154 844.2676638558727 -181327651027.84558 -276454965263.0223 -3450911185.600292 38735.3109395323 -28576.042272266644 -794.669948034053
0.0 -98419008869.65863 16925100795.926804 9597285643.712593 -12084.322814516445 2108.182118407509 -177.4431872363897 77409647.50900802 892.6489441493404 336829719974.05347 -60029601193.465836 -4832746941.914155 9536.52338903094 50802.35119723228 -2077.188089488273
0.0 -93999917437.17499 28436398130.774864 4559678185.749039 -11642.555433842934 6685.442305420875 -914.1523472438234 76371579.90757978 858.8922840147983 285818131052.1692 -104259220381.59917 -4659543952.565166 17673.509099472125 42400.68950903455 -934.4439391524193
0.0 -238339678825.50616 86951363961.10971 7150363707.382463 -12983.974439740547 2415.0021508186546 -133.03831465449525 45018525.31731629 803.6501713605793 -145949480301.05212 -239202573528.0236 -4611109596.904645 31849.661138857966 -21934.641143791887 -563.5251604077979
0.0 -130445117509.73819 156277348179.8083 -469306199.5561712 -7764.537647280395 8802.95065680665 185.16070476057206 40874683.64967639 799.310400878339 -279128122680.69226 -168566947622.36722 -780322433.5344796 20522.445128978023 -38933.187187799216 -134.8616159990484
0.0 -344480201834.797 -5864650918.58609 -11668722852.69689 -18200.58894722205 -18018.06612703897 205.2501754208411 72254119.18116958 872.9811915243325 -59904405409.13551 303026683549.79193 2964806326.429843 -39221.34389123099 -10220.506126738323 -412.5146182398119
0.0 -314836483549.28955 109171363090.41974 -2754228304.955279 -23190.021763679688 -7433.65203735573 250.4525063301109 69754325.72561568 840.3781657216211 48412563636.76869 280861727361.29456 -136721914.19421095 -38071.41235708249 4248.202073387969 14.8666931527673
0.0 66679248517.15698 -5191612997.079773 -9223773056.697226 9166.546571058385 6054.390683867121 326.7482556038004 68469409.90458202 852.4010203006284 -135704227958.12845 -321214052482.9463 -3856655079.9833994 46757.29458677074 -22048.99725103983 -1366.4658689203216
0.0 -61488680858.74518 32708047051.211113 6136385208.6703205 -3182.6053757941936 6592.090050927316 557.7676892929508 72708598.11165385 834.9728680620633 302661714277.1052 -155819978738.12396 -5951675613.171112 24532.609585186452 46084.91013456971 -2650.0850046410987
0.0 21865667898.601746 42838285308.349365 2560141719.061798 3216.8312192436897 4896.259542682998 -933.2802730844012 68918663.04009555 846.9453796886605 64292806503.563095 -346276378875.458 -5950713156.1832695 52713.87055671452 9038.290452511319 -3712.8432099471474
0.0 -58579405999.95346 39943888713.11892 3572944525.6174297 -5005.26714340595 7857.065328503566 346.4100481570242 77661319.932161 842.248572879976 224318165882.0129 -225549065495.19843 -6369318842.012931 35153.95179411872 33113.792281928865 -1635.0081631060302
0.0 -191507052136.18176 112027296754.25208 3749688923.9470453 -11208.48518297248 5396.816930360479 44.85483981171615 42948758.33848073 801.1691214522452 -192640527801.56723 -243483137171.61713 -3432142940.924944 32231.796562481293 -28147.351737580226 -558.9138789952963
0.0 -54475201331.08324 69272656038.61938 5752382084.924739 -993.5189882634295 10635.51135842616 -820.3771087550638 74553585.43346182 850.61040319848 133132522584.41077 -264420238989.58792 -6646358503.924893 41295.93094186616 18306.135084399313 -1247.3447471005197
0.0 25407698883.46205 101003546372.45636 -2313881463.078699 2588.3722125436107 6878.007670529386 -541.5564776534793 32449419.545064084 788.3731126826638 -373326430331.80316 95946159660.9982 6316542928.9399395 -14487.116316980535 -48505.721174735474 2424.594907873416
0.0 -116562998817.54744 26074801344.118668 -51741554.118629694 -18014.615489972213 -11444.873910486966 -648.5403715121483 77689046.25943542 832.661075481148 306233289378.44604 118297905279.63474 -851232869.4373677 -15352.614573620232 45337.412277591815 -201.99231004640973
0.0 74053633135.43655 55193192070.04245 1478852691.7042313 -795.0286204458753 17729.57701968379 -439.19416325813745 69564954.83628479 861.3573911134278 117136724720.1344 -329165572794.0176 -6366225783.018802 50491.75382295472 17270.585409387684 -3812.4536646877377
0.0 -46035366301.47537 175551185939.729 167272812.66122425 -3265.0214324512726 10304.730276444925 -234.10067633122833 39355695.83991143 793.0862610006848 -322818600358.43115 -32427312949.94626 2352498163.228511 729.2169908767683 -42707.31844853259 352.6124199575931
0.0 -277131044827.23816 -2480957611.312805 -4010914271.843013 -13413.898579077779 -1519.585869626224 431.4421450074925 46580766.0494358 825.9935772940242 -69858155930.95604 -255287937191.35056 -5899958903.704426 35134.246354738716 -11461.461758120073 -653.9973972067231
0.0 -246279242422.82977 -20352230881.38507 1412441653.7839124 -12497.55815585167 -2057.145430234892 236.4147137063415 45935830.99432632 821.3127587959546 -19768694627.612335 -285862595300.88464 -6238433611.351292 40417.29367310289 -4185.458296427594 -903.478661312176
0.0 -268845102651.82175 -138131638116.21704 -11624659685.13733 -14067.214558818154 -7161.161511624571 51.98931416642489 73551594.9109256 886.9097758098465 -131482652709.9964 287383301429.5785 4659334425.888139 -35937.43848742488 -19343.207217127056 -648.9109959759737
0.0 -271204307834.4573 -40577814422.220276 -1574456313.6295474 -13292.185221285952 -4331.127531337969 565.1861580712156 46288193.15698065 806.6444561991583 -6596612230.696976 -282249622753.01556 -6365886730.198123 39993.484025507 -2305.1445652551956 -886.8376637622226
0.0 -61376843178.19092 156861379183.00488 4531938910.183449 -3768.3898067940418 9268.914992336666 -310.89427307964473 39078076.99712993 798.4026373251232 -325272197638.6891 -96946147580.41702 1385085411.2695613 10177.450346436939 -44044.10112742622 260.8651266285074
0.0 -252762354681.19495 76811395493.60628 2688559635.93914 -14293.094003009961 1495.7569900706549 72.0837514974643 44264032.67262831 794.5001140941539 -132418010343.80449 -267047290335.89297 -4742104990.048917 36346.619168319194 -20079.613219295778 -714.2262476993346
0.0 -49536000820.753876 125580690745.43538 3613262956.1538467 -1869.0765635372427 8160.398605415201 -379.18744557703747 36577868.996883065 790.0132822965018 -349446847969.3889 -120057608161.10089 2170199474.5548196 14481.016151653399 -47461.18316146593 705.6086915523576
0.0 -71543719870.98682 156670091862.04935 -1484563008.147463 -4895.030927766677 9666.27302795696 -162.84549608593846 38310621.92225599 794.6154780918126 -329150476965.6017 -126562034514.44415 1260343879.2880707 14798.24408849545 -44910.239014200604 295.5323831209663
0.0 -17934835763.34854 131120736197.30794 -6756203786.882639 69.30685756311141 8302.93835514641 86.926340559744 35594148.77686211 800.0780779989436 -369594439041.34326 -28121717798.91272 3894810626.4635835 1500.1126545654406 -49063.13475157588 1131.228591296268
0.0 -203305671735.58316 78965776371.20952 956097516.713804 -11072.638874822707 4731.562430321017 293.9680987957511 42602289.71793096 806.8601692781907 -159297411253.89435 -279720228346.0522 -3999596829.305739 38212.50193872918 -23638.934668703943 -788.1215116492513
0.0 -218883292327.456 142364544152.5702 2913826689.1553555 -16233.396957243653 3031.0160793863142 174.35415083656443 70270395.00497755 834.7936218079876 134513460014.34407 276439952194.82007 -1542407472.1167915 -38527.84846584298 17124.808550801397 250.77577467077032
0.0 114726590715.79076 -49713509349.61081 -81306202.39846951 17355.572790501883 4624.320089768124 -21.6780458476764 69542768.76092312 856.163666068718 -262108105740.31918 -255877453118.84918 -847917061.6199785 35194.28628933477 -38881.46666132253 -373.8189433837786
0.0 -252983163769.40936 97673767065.60497 10352155975.789888 -18565.611819073893 102.282645889798 -497.7684424318865 69951611.03683057 836.3531803853439 78987103403.79706 283124090614.88794 -650241588.165162 -38818.355411214216 8787.566513153293 86.4255899439841
0.0 53825286030.01903 59030017993.32605 2314866930.7394385 6215.8508100062245 14732.330629648151 519.9637297601743 76424372.15098551 868.0681564411982 -89315767565.24146 -280698474613.87634 -5429281423.430395 40517.3000669013 -15772.326464371956 -877.035058470233
0.0 -57511709353.43121 54661120671.67003 -5269247392.11606 -6432.243031921163 6962.236817229452 325.39422226592694 72568001.46848615 870.8709272124671 308578738551.65735 -148011454332.26114 -5913026509.060397 23256.830017121698 47059.57869410927 -2827.292936321396
0.0 -291616150684.8693 108573611421.48663 -2302581702.8665905 -21581.4637453544 -4329.445737889777 319.0929367033641 70865544.93895209 827.6555274993917 79011989060.64333 298685619638.9059 -205753858.93552387 -40852.22211461819 9059.029048159497 29.9842886395481
0.0 91433083638.24617 -3248394652.466919 -9677069594.91536 9758.974743622588 18476.039860479406 736.2343767354029 74775925.0257012 840.1839665729979 -118929336153.90327 -294709351086.9896 -4734416583.145509 42353.58976504593 -19817.649918768246 -980.0868127850372
0.0 109288341665.81148 -518001516.56118774 -7924657630.732098 12604.972372257324 7310.2161377407065 -423.1696302842415 66109600.86005288 808.4380553465148 -106124854861.65163 -350725972836.7412 -3482464546.957616 51586.94667923498 -16467.146794828303 -3525.635308406677
0.0 -44404039578.09512 47802957156.79141 12015733472.244137 3608.587925155942 2817.091548871952 -1488.3053533615248 75259837.45888093 849.5938331313366 105529205406.15228 -314992055877.32306 -6551497438.117035 48074.054198726124 14871.32823415781 -2118.616040466413
0.0 -474154467.45458984 63389771223.21336 1377542721.965899 1118.2079585262072 8666.890640703985 -464.49407668463436 71684065.8507058 852.6837469081001 112708535399.11191 -310992307865.424 -6587868115.080594 48011.904919723645 15815.197191665316 -2099.522711018221
0.0 142869139102.5001 -69686657928.73816 -7631356211.745066 21952.328685743792 13857.463562887788 -146.43267554712588 68666702.32759202 837.2905005536871 -200706741492.97577 -314043243729.0064 -1685775267.2053373 44939.267087433924 -29643.52570136285 -1680.2713161617999
0.0 -29859075455.468918 68832899616.38118 -2925932754.7535706 1859.433834742409 9786.19163737501 -372.96961566043933 76919989.54505317 868.0779018559608 93947920276.90555 -296326081987.7761 -6645479417.435787 45240.21490102973 12519.54337290588 -1470.343451171725
0.0 -184416284512.1971 154043007306.2019 4301745563.099499 -9849.695101477106 9358.835763487847 123.72640399639177 67752419.29754514 822.3922357054695 175732861567.67377 209694358730.11932 -3711485474.6398606 -30156.911985575152 22942.571808404213 452.95097565856634
0.0 -305006954854.60785 -4381548303.918304 4876382424.732091 -17687.391777520235 -8553.632537606049 -667.9970043404403 72543160.57213813 807.0786819772788 -22519233132.65976 319665352603.91077 2371849989.571528 -42164.52673695827 -4907.357176420959 -387.96471719688066
0.0 -37163642799.438934 148698472100.35767 78479958.17749679 -2123.3221937141443 9231.748271539725 -277.02277651779565 37618946.77949992 797.2593905200141 -346904173842.7543 -69876231090.29666 2474656528.809114 6693.8955358602525 -46525.84375771713 552.4398503671366
0.0 -145535951572.6811 137894094734.92178 9783846856.200163 -7168.487785636454 7922.476476145826 -249.98550447311356 42195120.91864094 820.2825086391589 -251084697218.6769 -180640443778.82214 -1740787065.1425898 22247.23335033567 -35445.23253183866 -256.46173111500485
0.0 1572251290.3689117 71553535859.12079 9893492671.896318 3221.941043742925 -3133.5411579297797 -118.82960865466458 73923037.4943547 886.1098904044005 -139747817193.97134 -296584836976.02814 -4249178138.051769 42408.94529761752 -22672.606474345223 -989.9596976928729
0.0 123004090982.84831 -42792611320.57976 601885964.4389904 15312.408900394943 4932.4262192036695 143.86768746728853 59927561.22358407 827.404806653668 -14795130373.74559 -339177344839.12836 -2323817119.218549 49492.311599755856 927.4999779734499 602.2062402272475
0.0 -38180013505.8396 66782070378.925964 5980864249.334846 -8995.605822434238 7655.010410335086 1498.9632857794397 72433187.42014483 876.1541559195814 297173137349.7627 -168239645500.1961 -6091267251.275794 26397.109845531075 45304.395732701916 -2856.0777308095967
0.0 -61100197476.32968 1979656359.5244904 3903929212.627262 -5000.644049824468 4232.4063619461085 -386.35244729528756 74109725.64316407 855.4921093424367 332452329347.2689 -61667306409.55795 -4719115532.93192 10305.926626039067 50258.33182214098 -1776.3248294191958
0.0 -280737081951.5532 38434002057.74167 4121917987.8814917 -13629.813074726675 -2104.3035059811173 -73.56566109196763 46907928.33321534 820.9547358717978 -86296334897.51944 -238416519232.46 -5743271210.178194 32343.422165625765 -13768.855143487392 -559.8120174055559
0.0 -95640238478.49933 35561476000.20334 4341501618.622139 -16141.593053185354 -29.149746166574914 -146.83146341092657 76175657.1351532 832.469058795266 323409092373.6702 -10174594541.773285 -3414475463.405714 3234.418639421119 48297.20913454576 -863.0796480159527
0.0 -78156884694.77203 -74957533497.80057 -1033968381.6236935 1470.179975626394 7167.6938457521865 -313.2955156044551 77265619.2129713 840.492889060648 306928583520.4321 -19477238342.795547 -3172381663.268601 5103.724840492658 45543.35388645285 -626.5677243175235
0.0 -4709136379.864639 75220642045.26527 7313590433.172505 3286.5156885186625 8034.692499427697 -295.78452023143336 71477495.8857609 894.6659255135937 103629122037.95122 -315709304060.32855 -6542337626.290999 48652.13320662467 14418.83583521347 -2139.749602943942
0.0 63909314771.84569 86080357682.1279 4690532671.969754 10274.733206894904 11671.166262619092 -719.9020421889094 75622596.86970401 884.9730634178411 -116871786098.14777 -280939889313.42896 -4933584235.023353 40175.044959868916 -19703.327956901867 -867.1486723644223
0.0 93908869732.28154 89911503378.24803 -7464577326.433567 -2250.3522427133175 20921.04871792365 787.0875510223144 69514936.93795003 836.0369741881457 47804368733.67337 -344113697575.7539 -5960490197.272353 52362.364798260955 6163.461619329575 -2834.1750367385553
0.0 -32918219148.4794 177102550718.49515 -389475033.25660455 -2730.3307068357753 10466.532978013365 -127.33966175137519 38756314.37140832 795.8063264781616 -330305127346.8534 -18622664885.407837 2822483167.105937 -1064.7060659558629 -43496.45659728783 447.94243418799147
0.0 -327558673277.18164 -229144167167.04764 -21424154708.826595 -5209.880010087782 -30919.065620728168 441.22891671604964 74862026.3186512 854.1008500586111 -191634675238.01648 260359818951.44424 5975461268.30272 -31480.74415587319 -26592.762633634553 -845.5019449703177
0.0 -204260674886.15817 125336945424.42725 -3175507931.126741 -11881.954225327772 4684.283754620135 312.7644989998972 44462046.26715602 811.4984812615842 -189488656846.9604 -206205794932.78613 -3586928394.332938 26363.579794959125 -27618.924802322068 -416.749033991918
0.0 -220457842996.60022 -32765029743.543274 4699039265.389379 -11172.966441651684 -88.63768149006683 369.94472573188546 45407218.382333964 835.9100090159577 -13165231907.045074 -296383321432.69226 -6208307559.528229 42132.38097080789 -3131.7430516632485 -1014.6291886262472
0.0 39532009418.74003 86739063524.94403 -1091083859.6941175 4155.847576637818 5361.734863976967 -624.7911583841828 30507190.454234485 796.606550909255 -342458347511.28485 186590207450.93103 7431101593.402788 -26124.273857318123 -43953.828184736056 3207.246016836627
0.0 -19163048856.015457 84151902626.41492 -7824332560.931906 -2242.702775969301 12669.559670965304 68.20932811903008 77025187.08855316 877.5545303049539 71517530323.554 -298249019808.24194 -6602518758.898483 45338.39270901264 8935.53924094581 -1365.4178652702085
0.0 -80918289853.75624 45452570348.81897 3186408720.362028 5655.363487234168 521.3295967795684 -202.22195204965396 76320485.77264756 882.7954612370575 55736644374.993225 -309874980075.95514 -6484643498.036061 46938.305727426574 6634.968847130374 -1487.7588342500424
0.0 -37786634972.81973 126404821955.43076 -3307645887.3539667 -1108.4929556528514 8047.301301855721 -138.1825691045941 35771444.097176455 771.7110472253495 -362749824380.7302 -92536197951.8258 2929396473.482921 10772.485985305484 -48917.78143657053 1036.561460575679
0.0 -48138433074.53259 67468009438.40328 -5600078286.214974 -12280.656558911596 5364.212708228093 631.3698303182762 72399289.72657521 820.6948339941757 331120260697.4748 -103704288466.21527 -5574549736.426248 16210.199608059735 50601.89383740982 -3285.2828319812224
0.0 -15245307349.007538 127399345427.97774 2080774779.2333307 355.15321795276213 8137.7584392838435 -428.30678361386964 34580403.45686978 789.1721708643624 -378296905138.86816 -25593939109.55996 4302859244.767122 1623.1247709602958 -50266.00544026376 1570.5304435678488
0.0 136703991062.73166 -40781050807.34854 17473473374.434853 16092.926139185889 12551.118452834206 1031.8998192609529 63758233.71343498 853.0900841912581 -69927303119.25354 -361810393486.0143 -3076758359.791004 53351.98207706268 -9718.179058225143 4130.389815448345
0.0 100120010172.17789 -29865673960.612488 2134934474.1302366 12577.51716035623 16332.860457541245 -659.2040800176785 69176829.77895552 867.459617427987 -98315816883.76256 -329244609511.59155 -4537479944.959338 48476.635764772094 -16622.68888486523 -1512.7188535060875
0.0 144262225927.7917 -19044378197.749542 6882539195.164839 15203.825389662872 4907.199720609928 -220.3475830493193 60745411.7821942 849.419835330673 -11085387855.869217 -346446321284.4718 -2687150500.799378 50493.53457087357 860.9548765307954 822.6894124557614
0.0 -206641099516.6791 111091400983.87172 11617447487.168116 -12182.869027082319 4556.875911403869 -483.5127764308287 43303661.83455634 784.4709139797136 -179522771251.19672 -248658705747.47568 -3755510561.5936112 33111.17447518512 -26420.498465232486 -593.9200658743324
0.0 43971409852.352295 39178604901.73169 -3948333975.565283 2941.9387761662183 -2332.872117804145 -219.96597434222053 66190026.12204253 849.1843673029518 -107432227396.60077 -349964835701.4629 -3493837183.72593 51470.57559425333 -16711.60962774606 -3332.242666988377
0.0 26694494270.795868 128583057716.65341 -6816905333.067928 1991.259798378891 8918.397720205623 -167.83296905307054 33909473.46527583 788.8792305246878 -362027727658.8177 91945703218.41158 5912558295.98746 -14645.936611596948 -46705.07255510894 1619.4945975669425
0.0 45581878608.60036 106048224636.30548 1097402777.0050073 3305.7079911041765 7594.192843422978 -551.2132675302594 32391479.81140754 793.940704386164 -348088447414.73303 151960912695.1864 6855773510.653276 -22239.07386851617 -44468.504591654564 2100.0904100816438
0.0 41020213881.887505 4572053343.428497 -8853242309.127802 7287.130383484273 9682.163387897619 445.6580016826347 75278421.29483375 890.0102793599526 -105249223001.06865 -293408540819.496 -5018606257.285614 42321.692906455995 -17905.156967205756 -974.1520086645569
0.0 -226514089001.10974 51219982264.77693 2649164724.0457907 -12492.932422438646 1861.015110064618 209.75033605434913 44074074.72322142 793.6920702098754 -103930367223.785 -287906648065.1775 -5105687228.644976 39903.64376000315 -16074.528119803534 -869.0987279859559
0.0 149492605555.24612 27117584002.597443 2106647288.8213959 12746.240717339595 4602.239099999895 276.402073359231 61241811.08863661 811.2310195220183 98808951628.81642 -317630343763.6501 -4317763229.602273 45460.03327172232 16455.74914759539 1100.4371658439984
0.0 100090172428.91405 8454039973.434662 3432731201.616596 9341.046793918562 2776.2676285196394 46.10431405499758 65917611.66104472 892.2530784490485 -160660983138.63635 -336843988993.35986 -1184147660.4447653 49249.21101028579 -22210.628079960356 1113.9501612576237
0.0 -77194516606.39157 -65198303094.39903 16395824071.641348 -5280.643398657086 4395.572995222468 -1089.0935052958307 75988156.32357569 872.122271933163 330974786319.4428 43653505904.73874 -2730400797.442198 -5033.677616316372 49400.974050092555 -803.0346688113385
0.0 11473762160.39299 136607245328.41391 5618482306.82505 886.2036618510647 8980.251544696437 -308.258851275853 36294322.59945473 819.9641000022726 -348602017943.60486 51715996837.82042 4743959088.425766 -10082.51114744015 -45037.40346502238 931.101275190043
0.0 -119354846737.17853 152155087331.05463 5238041783.038366 -7562.883544654369 8604.61786322144 -214.49968276548884 39778853.624970786 798.0712188644629 -284920271491.4927 -191378991260.82315 -603474683.9325675 24230.072942383358 -39827.72329363571 -134.17374506005032
0.0 -236698625610.05063 11617878429.038635 11221267215.816635 -11366.509990638942 286.7713790943071 -56.07020639218001 45661555.84453439 795.3802943173716 -56356485115.10698 -279909491408.48254 -5906042262.766886 39103.822020852174 -9463.551019909399 -825.0777857744265
0.0 77088331877.7118 14227483727.286804 3033876085.719535 8058.111200665073 12711.953456721714 -182.8855769428942 69490430.63331705 845.3839974242908 8176992352.80925 -345941267755.9066 -5664365092.103818 52294.26162665752 -128.6190588645004 -2392.5889140411246
0.0 95496848092.61526 87816759371.48021 -7106892580.832929 -2257.9820173737025 21123.42346989379 -442.5272305569126 72094430.86701173 855.9149170521524 13160729929.289085 -354690528277.916 -5427353182.665149 53215.00510677159 1444.9702484112286 -3437.7306111304033
0.0 -3073283120.12558 104323199187.6806 -9549526593.021534 -13550.538386777287 11952.78864931639 587.8370770637605 71680299.89250855 837.3267684940517 264336795933.4347 -218545066558.85184 -6490214109.994381 34079.452266258406 40306.48152483917 -3303.085657395217
0.0 -109733536430.20708 68686810400.157166 11192585268.52206 8040.130054738129 -3724.258474162594 -660.3076048525007 76960261.1026689 908.6471873553579 -1780742699.6607513 -298330531821.70544 -6280199582.105367 44514.58458750724 -2540.873782278579 -1125.090405046505
0.0 -9023446513.506058 64329916714.21301 1835959460.798298 4812.27857340877 4265.308962125564 505.84805206108564 75523154.03952807 839.8926937597624 -38442660335.95079 -313719330349.63617 -5768483171.309223 46414.83170779505 -7838.733976122643 -1257.125055694316
0.0 -269114519659.08383 -28002703009.700867 4666083203.943693 -15004.886693381324 -6640.221352804072 -394.59711423465717 71927827.31814438 842.9647875914403 -49412610019.67554 301185692409.5779 2659032878.371707 -39133.49043555782 -8900.495852165775 -360.34162331004916
0.0 -72922240513.75375 -6250753140.61676 1680079657.971734 -7511.9085589508495 3191.8624283440913 564.6581842800902 77539865.50466418 838.4626133292527 347879437826.369 10698438097.201302 -3988479398.3672566 -1319.5840202070412 52241.75195936482 -2000.391745367147
0.0 144210914410.9542 9037585764.834076 -1353991534.68966 13287.374473527028 4812.940305271948 423.61734737747327 60037297.27200661 817.6384149066979 87026485299.81087 -308063106167.173 -3828985815.749412 43686.406370854675 15430.299480291418 779.0986254154097
0.0 -342606678779.4191 -15386396603.79123 -7190024220.346596 -18309.633559255835 -16315.479449576582 360.8073454052771 72647067.50836457 857.3319163719794 -56693317253.48796 311195322846.79224 3028175964.710173 -40437.39280201458 -9620.475513452824 -456.7655199320695
0.0 -30178415869.09709 73374302109.68199 2246815239.6166916 -3858.9906417356433 11783.565373826337 587.1980295295149 73646440.61885318 819.3750856934366 174741038121.95633 -261244234034.9828 -6613837371.266745 40950.3155551155 25256.284524024337 -1606.2091816313298
0.0 -287004781245.5851 -95459145610.84467 -10196463935.009262 -14918.084749351949 -9533.8006580058 -303.1589564485431 74058152.7629923 852.7507204906983 -88131694654.11282 321538658685.6214 4015021767.7738943 -41496.2819704055 -13331.49158793058 -713.1023551274376
0.0 -252487457712.49014 13849094054.853058 -5612406842.167423 -13408.080044622866 -506.30887952823105 701.877295010552 44823602.0310384 799.2823828854305 -63570723230.6119 -292490127245.9282 -5698542444.957525 41007.69021595553 -10397.866223581786 -926.142954475543
0.0 -46134091129.68635 35909759404.19922 149694710.70234108 2966.2602095438815 3038.5816835726764 110.82553658697191 73622058.29973304 853.1780664615525 101877461993.89684 -287821562507.11426 -6673305779.703644 44562.31772996241 13513.33950948723 -1393.8901978221998
0.0 -32496137950.401154 62161618483.15555 1002798653.8947973 4037.3659231860656 4889.86772836349 -416.9104211830378 73018845.40986818 846.269831016521 87299332275.59764 -299561947967.1549 -6622839965.696648 46193.74900354379 11333.886678050914 -1505.7241844441035
0.0 186693355838.85022 -99862231284.9612 -6208976014.217964 23332.39475676279 4575.023012909276 637.1586716589298 61720925.45014496 819.3946993826661 -44649918441.17763 -319951965080.644 -1089799354.7098083 45297.77046863098 -2687.205904904258 201.3483281170196
0.0 -248670079946.30237 -81858750367.86896 3713304975.276371 -13256.584893247342 -1326.562191411601 -367.0471955887474 73400593.98643836 863.138178419375 -52709181650.29917 324825452129.60376 3206451723.340518 -42438.893135752 -8756.415491628368 -561.1360308075543
0.0 -32153088373.134506 68114882028.285 -4767004509.912694 1394.372606790621 8461.591153564445 -1183.1213386153463 74621560.66543624 832.3220461451971 133226308540.54985 -313037830130.3058 -6576720889.677341 47876.19593333163 19526.165902625806 -2702.9237575912284
0.0 99708322663.36888 38095393119.34244 -2428308239.357023 7624.93189569921 15378.85615491224 -528.6175293836661 71204382.81356552 881.0536733582006 -64530266442.3718 -353590126727.4117 -4415867622.293421 52288.10705978384 -10270.95292247688 -2853.229088341992
0.0 -82439273604.95023 164121381684.0114 3037808212.4641333 -6261.748654349649 9469.823455104768 -3.288642875156029 39896510.88159743 807.3429130302724 -307764437881.89575 -127177922767.14052 472127867.8387233 14449.586143685488 -42164.81306607409 85.46108197075098
0.0 154616560157.51523 34405880085.09134 8628992397.290802 13680.654930042303 5186.022410253638 -184.3045835226965 60250819.64529001 848.0382627071599 100075429262.74197 -304034210659.9368 -4075279801.9792533 43052.96000343598 17166.01532677427 838.099030117351
0.0 -69708300372.47873 -7828465406.712002 -6844861726.836686 -3695.0863499839406 5145.401619510321 1818.9257968221605 74434930.22375342 876.4250767001575 339636580895.86383 -18682194543.368668 -4117997855.3301945 3782.953628321584 51198.014976542254 -1568.965950147729
0.0 -22036477923.99539 67966214875.370674 -14618060318.225967 -7155.390879644643 8808.907042900646 726.455687287767 71718599.17333496 851.4885937166248 281562625620.713 -198198660107.63214 -6379550520.605637 30888.970981974853 43048.526925269005 -3471.711282006593
0.0 -345771064235.99536 -164125148919.5675 -10229380442.285738 -10305.786335109815 -26579.46317167316 -533.2425632139104 74191258.51409781 872.0297372722338 -156465855419.864 280520430042.098 5240303285.361269 -34692.89332236025 -22357.22388951975 -751.9016664121722
0.0 -262962297034.42386 -36480154854.87164 7061222452.896793 -12913.007282116634 -4030.648789222516 -14.622040411059913 46616904.45620915 803.7003765665614 -7707162846.602249 -275958727652.4653 -6397388403.003719 39007.456344340695 -2512.3531735726356 -832.0072689414328
0.0 2315804787.721054 85163893652.07326 1506029027.5894938 1619.1662155962294 12594.052129536027 -46.51796755507121 73422633.74318722 859.9456694532496 50256791222.15172 -297458426534.4712 -6550548015.018025 45523.072388481465 5306.3797475099 -1277.0237363450497
0.0 29967538829.789627 131839518938.10352 -2344720513.444003 2156.6159910709466 8919.40301318215 -177.21872867883542 35059287.348809645 803.8297181230128 -343721403590.6893 103523645545.26927 5764914703.165861 -16746.8668735441 -43815.03748461008 1204.631308760043
0.0 60141238612.69874 30805823373.039764 -6131591850.758337 5165.017348961766 9507.902005044773 -184.70534017080467 71665382.59653348 831.7273614321581 -12896588859.971428 -356975995416.5443 -5080073336.720743 53313.65976365644 -2452.377981049267 -3434.467302640199
0.0 -30831949131.425842 72162043381.61713 6478164718.923536 -10383.0065126225 8457.9905839175 142.25156867950454 73084525.19328499 845.6859315483247 292060156970.9121 -166217603299.81567 -5975819149.943702 26282.117062796802 44291.63164664425 -2297.552335789344
0.0 166579479125.08087 83838355014.42456 -4507038825.382325 1005.1887431042633 32757.664533990795 -157.3788058201594 72739017.23441058 852.1957916343489 -100566706411.2872 -330602098928.6096 -4455600498.686691 48291.74860358249 -16427.07500573129 -1531.6186777757275
0.0 94488972762.38632 12350092072.739288 3549870187.032245 10640.92877482908 9263.244926135187 -795.492620559792 68311179.92689273 839.3221001480546 -122473321767.33977 -328906254879.94556 -3987254191.4644814 48125.26602689004 -19979.67067524138 -1541.7883646767532
0.0 -83284862747.94586 70799815069.9486 -4900062645.962837 -17046.334440442493 4562.912846573516 1516.9524441070696 75582763.48491691 843.9298396777077 284206658882.8784 -127821987216.10785 -5134466048.481856 21050.456436848624 42337.65392004016 -1161.1468792846758
0.0 -89029737853.93555 85203015104.59494 -4538340233.669494 -3080.070932496441 11784.57449860323 51.54215610009163 77723780.61671618 884.9377318374761 120851361451.36557 -277777307378.1482 -6681521188.783379 42665.31747567221 16580.52269226844 -1342.0140433991623
0.0 -173078009780.90186 206963355215.3088 -5033790585.063633 -14655.164152485726 10277.255139427303 740.8011123999162 66921720.83370048 836.8430464078181 176966175696.75528 190135887790.69495 -4201386793.299354 -27626.824836945212 23065.411845670526 453.2837236468504
0.0 -291469199311.74646 -191334320576.7881 -11700133048.41162 -7547.076675983848 -22743.27240700467 -590.1543649731632 76091794.93460487 869.5210627159436 -212878396410.3507 263806834344.77472 6454900400.30724 -32086.99495246701 -28862.73691439716 -1075.2873781473393
0.0 -4124323654.292801 81735965217.01077 -1490121331.1168647 2699.5172593489588 8908.706381982265 306.49955308111885 74272090.74587479 853.9369442688628 45630586694.905594 -335251083685.354 -6136251545.080036 50643.14490274715 5694.065120324314 -2166.611292129335
0.0 19675974037.82022 45255729307.384186 712276213.9845958 5784.108753104232 2862.9833244790116 -711.2580163672756 74960013.16303465 829.1185963927426 -149499940411.88837 -272036667588.17145 -4319297607.372062 38333.51293044758 -24337.6191026038 -789.8748359183414
0.0 -45408330986.429535 50062583632.70723 -4568742789.782223 -3473.7677713683606 9878.780591477796 1891.622137147875 76324469.66119331 888.6999534696699 176430144279.22415 -213233615483.19965 -6193198324.59587 33941.339839225286 24862.131049071493 -934.7773332036127
0.0 76037726634.15486 17618296968.315247 5248844546.769329 8757.910418262818 9094.407918987847 87.24811586249052 68794314.15833515 864.1019391431323 -79068642124.50386 -339412604262.95166 -4653319630.417973 50290.20959807628 -13512.63624843328 -1819.7867992229828
0.0 -24010562972.212738 147101441802.85022 -9510241978.576363 -1037.0561898210508 9399.68969236027 183.53578617866896 36476276.52812576 796.0222943362588 -360786608327.2012 -34058350075.45372 3474568557.985628 1967.2678436586448 -47915.60966829806 859.501267497518
0.0 111198758923.76118 -50264733258.43484 -4202020661.2799573 13739.2417945983 -150.7089941800259 471.58221206122516 64373530.532907784 838.0510066314337 -178526566094.49237 -324113343890.7759 -230541082.51503763 47162.64319215297 -23998.384847549893 128.00155001649892
0.0 19726726114.105072 124117014946.09183 -7882159738.690749 1954.5359440141074 8341.03262399116 -319.3426877642362 32968247.311837696 802.4524900167078 -376891300421.93835 72160881972.13083 5944848043.479709 -11423.150055097301 -49145.54309085354 2201.747257699985
0.0 -206435233409.53976 196386421141.14517 -11661642608.139666 -19435.346293586877 5081.8727240402095 1263.155789534025 68891829.61000581 847.8888407511129 170610609126.25647 236111452391.10098 -2976367091.192618 -33547.652186561725 22305.256204292982 426.69316484415265
0.0 119197453793.93086 -44524826087.608246 -6616645153.1047 17926.557414125444 16125.910280140988 765.5430770835882 71788640.46004885 892.0124215821219 -146370650249.9065 -320616728042.3507 -3576131567.3756557 46232.898127182125 -22950.553872472294 -1357.272432489279
0.0 -307478398940.35486 93306359758.31216 -1864892755.5268757 -22900.566311091683 -8949.448351988896 66.4217269018423 70714052.52137709 833.9296444033303 40318427093.608765 297782928580.22815 454308007.7033205 -40193.260490031316 3371.4664132599646 -65.82025958164328
0.0 97192615879.5015 -38752097359.78906 -2832209271.339387 13906.13639695245 7577.486526510393 -435.0419975383508 69045154.00520384 847.6102861139198 -207101119231.9879 -307753489343.13446 -1719946887.8090925 43856.97535459786 -30765.52251459635 -1311.3539425061908
0.0 35766185159.77661 112027545075.34125 -5549506456.530977 -12540.902411690513 16739.541071113796 959.6810950969245 70654439.815411 872.989956043644 209034323691.5028 -275682827173.6827 -6682484311.03573 42708.473637649295 31728.33432726534 -3838.607175945254
0.0 -103611835711.99701 49274805019.08769 -1440103759.1349416 -20655.209580088995 -4021.7888385085753 -1163.6425471580974 77423079.18064654 881.3752344478202 304576800890.8392 -19639108026.724243 -3121372442.2192035 5191.94446604899 45149.70757291741 -597.0618100132194
0.0 -264280585597.2633 4327054119.733673 4657853419.45882 -13380.975356276096 -767.6090704711769 60.39239157239683 45513664.62345486 817.3832100809318 -64251144419.52473 -279637751895.4494 -5807407063.331186 38978.95486957048 -10582.080376529091 -819.0789234742897
0.0 63764145497.5058 41802502523.68552 3804904208.156081 5694.853694956284 10222.3428446818 660.6082860845984 68580577.64904289 853.2301927886247 -13681239506.246399 -352395337422.5513 -5254451411.856249 52989.04306601244 -3211.999031466612 -2745.9397711014562
0.0 -264489630437.38135 154257462914.09213 2157658049.510597 -19731.95240464605 1507.7183132079354 -297.70873330498216 69901249.32331844 849.0824701183674 138166406713.30237 268823135139.03903 -1807343099.1167474 -37574.99364170105 17584.705055550192 279.71432780817275
0.0 113123351822.27657 -35274378118.35852 2815803356.094627 13718.081589386245 5752.768287730161 436.27637169387094 62751289.93743093 828.1989018280318 -64298819132.92656 -359950006749.56915 -2760371592.6764517 52969.43929993607 -8346.582095959471 1929.306942779445
0.0 -75631246911.48257 40231386790.10805 -2855452965.35711 -9421.923509374168 5521.928311429616 310.7671130209037 73787687.2272551 860.9875796623977 325670986899.72974 -89946370907.2278 -5112239116.232546 14585.771420422825 49331.93030240693 -1966.264539260893
0.0 166124725632.75476 -86268224231.82568 4381566233.356544 20116.28997143646 1847.1801416806338 -138.60423088261894 61853478.1524184 837.2208630379941 -65728158599.21398 -322994973475.20764 -813278343.2098415 45988.17524296769 -5811.555441659832 163.1875378052281
0.0 36935085892.47296 65386344627.62857 -4870549970.186012 6866.753693102091 6671.142362216697 893.4479619282185 74129082.392238 870.238554311268 -82876646841.29378 -320215779120.7577 -5023597256.990174 46857.95542506828 -14219.64232460895 -1310.3331737180613
0.0 -255356664268.1723 18539986909.831726 -1831010584.7580795 -13273.296284384653 -408.257379270608 732.1366853143164 44496750.42058141 799.1252539842847 -64200101213.337166 -297856355043.17725 -5632817711.7104645 41853.5041945307 -10439.803306806743 -976.5827066508606
0.0 -56881951421.57358 87553802740.20618 -1657663384.0416183 -13256.491966767357 12703.900863944138 2487.195775696279 76247673.5790712 866.7568391932118 207119083081.7556 -195273136341.515 -5937194803.091434 31355.863111418348 29821.735140319193 -973.8308388991522
0.0 -265809759846.5235 34692971193.652695 5923721847.395067 -13861.922116058515 -1444.2476924385664 -51.13404162529514 45751564.77049883 823.4182020184503 -81300552355.78445 -267167606369.0143 -5662763095.564847 36853.62017178049 -13032.824980816617 -725.6239654757742
0.0 -204493104270.65088 107601131067.98213 12041866690.47251 -11810.481573851943 4460.076796359701 -473.45163890818174 43707072.97215082 809.5444350194169 -175983857397.23724 -242760495235.3905 -3878719611.8648205 32191.409916629447 -25951.8967094112 -568.7317278266469
0.0 117841925198.0999 -58855228140.46916 -1869862170.266865 17116.26971841931 9996.863338528363 1278.9864272238308 66329806.4798732 864.2159877198872 -161100012535.8097 -337496705993.9961 -1353635049.7290556 49269.866085669695 -22510.73101258468 1684.7319720071487
0.0 -49029580683.795135 89361120503.74509 7526890469.532405 -11280.098898667402 11179.357219361671 -330.0836134203038 73507659.3345215 832.4971360966542 264581591729.32083 -194163756190.4048 -6148944614.627103 30753.84087244685 39781.69961649346 -1940.6376713035015
0.0 -302491271827.4753 42193523148.423904 4358145995.096228 -20302.70454701622 -7790.900055315056 -501.3742539611783 71114723.18741035 845.6253433997166 7276382966.069107 301593575157.2577 1262291753.407447 -40168.18028135074 -1238.199824389456 -175.516598778801
0.0 50734262142.25864 106122930762.30081 -7641318586.93906 -2926.186380834384 18021.81380831104 -50.483838992634674 73486880.33851188 857.4037149664441 53297386857.25624 -341786784789.6151 -6038996264.972096 51663.70731351724 7203.724046723117 -2712.6647506461704
0.0 33283384691.254883 85571914755.76724 3293053277.585705 114.68674729890336 14735.472416505138 396.5500660938326 74720731.27678801 812.2102020157519 37599299530.88667 -330952524576.9189 -6166108074.910221 49930.05353350536 4269.072084223277 -1911.4824384945339
0.0 -202362392706.2689 109071328410.51895 1099456041.2253995 -11944.729901039209 5134.757965592487 287.7934514774046 42304003.910325155 804.3795611092148 -187015271642.23163 -262680767559.84387 -3444866947.3300786 35344.89571421597 -27380.565987161583 -659.933541766544
0.0 -13583664413.329346 90487745421.05042 -659154517.3675604 -6396.464434163943 11825.687009798155 422.6614055218872 71424689.87126905 845.166201434386 209357836051.93616 -268486962381.21747 -6671339527.576524 41778.02111223343 31525.889288408474 -2984.202704241112
0.0 -52699021190.871124 50672381516.43988 -7495584650.790524 -11558.512474288611 3179.6892457268186 441.88985607273344 73167926.20924011 834.7704128766221 344565663279.31323 -42291213107.931435 -4780464230.379231 6894.351539153346 52344.72259722596 -2563.147153482929
0.0 -117253648348.20108 132106866040.04034 -2990301681.453721 -6154.368511008851 8104.302211636641 252.33972837067247 39631490.66687554 797.4209229002955 -276682013771.6691 -209447649253.3197 -853732084.3008828 27069.163654090735 -38860.80583155634 -207.37500952735712
0.0 -53762873385.26703 64711636162.92797 8320511943.632452 -11556.876085514108 6196.08650605099 -556.4410487429088 73299526.77811745 852.4540616619399 313728368487.97217 -126559370259.70009 -5586966749.458249 20137.046415449768 47636.59994748748 -2252.5786233747945
0.0 -59405664399.68799 45823737725.94864 -228952729.61491632 -11082.325975282696 6457.309318292198 -1430.533102779102 75992767.29086451 845.4884769205908 284201864170.7504 -117389410386.79411 -4918315208.409746 19568.25980573015 42234.45907115241 -1040.1848081994574
0.0 -77274492042.65363 18087283412.02542 6778713225.219421 -13480.364271907456 -1474.9648431990754 -650.2496885783104 76623151.77389647 845.516863061295 322511577377.0505 87448299559.305 -1821908643.0939245 -11312.962132433378 47926.331899505894 -507.89715783483365
0.0 -50647678672.19968 -6662064713.146362 -8975430374.206108 -5844.1979353725155 3512.5473396963316 -102.81080101817042 77139430.963795 842.2113753847518 318339259325.2016 53284374589.32742 -2117033508.0005534 -5929.611945014549 47293.98007729235 -493.4056855472354
0.0 -129018338845.58148 127535209830.2841 2719376651.9291553 -6907.519400841007 7740.351530491724 78.74291548438251 39587279.71265171 809.2790587961304 -265016480953.433 -227805463073.95563 -1172732506.9088254 29963.756243355336 -37418.41272361651 -307.1085189704897
0.0 -59743673420.75986 153765404.71160126 11381187239.004848 -4790.744145271619 5052.5802855349575 -1606.6572761334503 77266887.97259623 890.1211248398643 311440779948.0504 644342544.1465149 -2866472620.3495464 2062.2553700861754 46243.78211992972 -588.3105801713853
