Label Ep_x Ep_y Ep_z Ev_x Ev_y Ev_z t_t m_0 |Delta_a| |Delta_e| cos(Delta_i) Delta_Omega Delta_omega Delta_theta
0.0 -267291068152.55563 -46077845783.34775 3621259615.0320473 -12927.149235901232 -4406.705184711845 261.48276420652087 46339022.203104764 816.3799573747501 78346002630.4234 0.07670961732725667 0.999481491005496 -2.2777551273562135 0.0638131736846077 0.41529613199444004
0.0 -3998722.0021209717 6088896.207107544 2783477.7332015038 -12388.579206143871 7788.776617865111 1514.6823174364279 46024468.78712706 839.6336436166862 78346000034.13779 0.07670946128414122 0.9994814762489006 -2.277748453343372 0.06380317396969026 0.680841485711557
0.0 33897647242.839447 109503258117.6972 7375731321.576655 2250.3723696468696 7847.663584895105 -723.4305123487154 34339412.83964981 810.5461489233888 78345987244.4996 0.07670900606553535 0.9994814435620234 -2.2777227490792193 0.06374593536586382 -0.10167886156989425
0.0 -16702635.821655273 17002930.88409424 -32449336.2216475 -4658.248427168299 -548.9451683230072 767.4179460660745 34166467.419661194 822.2034698608892 78345983480.82797 0.07670877110575719 0.9994814210520017 -2.2777128738774746 0.06373166222149518 0.501677464803397
0.0 140672765551.01254 -87331219311.04996 -4050607694.4773407 23888.31018927226 20238.99518027358 10.951221008816447 67079644.35797837 873.1130477260797 78346040213.80576 0.07671137554522471 0.9994816407137047 -2.277840283732389 0.06397067044509264 -0.444362009700364
0.0 31400658.287384033 17103188.95891571 -19365355.13498974 -51.10904779349403 587.9609334347842 76.93854371536236 66472107.79255397 873.9350118929837 78346039460.14258 0.07671134621398389 0.9994816384681332 -2.277838711692119 0.06396736130071012 -0.476988707924346
0.0 45841852947.35281 40030061648.17857 -4816815035.756811 5483.272142320613 -347.3517759271999 381.67133058318143 68884373.11524943 837.7280489592272 78346041615.91217 0.07671140925266566 0.9994816422295963 -2.277842731020055 0.06397735768691337 -0.21517763615693664
0.0 1548995.0084228516 10749791.581306458 -16656238.01915884 1764.233413873967 1910.7537891799984 -725.336808112314 68159809.90517373 861.6260393204647 78346040858.82193 0.07671138332199125 0.9994816404247766 -2.277841232694689 0.06397394354623742 -0.27899498331621975
0.0 -96723531769.98404 -38130026113.74438 2696444487.058802 6511.624058002037 3102.4717738108047 -244.09869630488242 75312317.28406861 861.390498035157 78346051138.77536 0.07671181848040218 0.9994816755312216 -2.2778634780102456 0.06401818730442788 0.06474637705434383
1.0 168243.65644836426 3203107.3324890137 1500411.8431904316 -1496.2876559916476 528.146426781309 158.34891074424831 75235751.70860536 878.3154083834855 78346050954.30191 0.07671180906987903 0.9994816746968845 -2.2778630421708606 0.06401743411815275 0.07019094383553076
0.0 25034587694.236084 55244825136.55905 -6774760109.081301 2870.793773354475 -2704.0255718424105 314.259566474327 70475707.24465817 855.402535565925 78346004868.41553 0.0767090137264233 0.9994814095217265 -2.277743990996506 0.06384058044712937 -0.5042067350170898
0.0 8545270.127471924 14665609.223983765 5897094.704380751 1671.8778514438545 1654.1378524974898 545.6082222492204 70099497.9231647 879.4826425297207 78346004827.85272 0.07670902277185082 0.9994814107568821 -2.277744149486539 0.06384013193306526 -0.5898872656155996
0.0 -27031806680.929382 103066788316.98195 -1346053402.9364123 -997.6568923334671 12547.351297453055 720.4520130672616 72306391.79859786 852.3846679599691 78346046503.40936 0.0767116154813294 0.9994816588361966 -2.2778532921563412 0.06399840979482896 -0.061917275792383875
0.0 12121708.475860596 -12196350.83517456 23524616.818361282 -884.4597600690686 861.1072868474585 245.9981440963544 71788710.02798198 857.3357725307699 78346045698.82571 0.07671158011982405 0.9994816559222783 -2.2778515212647505 0.06399498011821159 -0.08079356990561948
0.0 106760909101.00177 -231844278.24365234 -10149567751.931614 10581.34790483147 17419.000369486985 977.9260215564384 72390453.54545034 848.7107193441497 78346006553.75024 0.07670906211524484 0.9994814123490342 -2.277747112776774 0.06384841814937214 -0.2902093261790333
0.0 5279176.015930176 -1574986.3946533203 4187755.195152998 1322.1035697402458 1655.113050309148 225.31127559998245 72011749.87232988 868.9243185801563 78346006310.29639 0.07670905828332215 0.9994814123436998 -2.2777467340843316 0.06384720557789336 -0.34638738443261985
0.0 27259362170.96573 101461693957.89066 -2987671146.766716 2643.312645941747 6716.96045307581 -426.7064469649612 31945527.69810247 788.7448564001584 78345985959.15659 0.07670899803471047 0.9994814450908815 -2.277721028893234 0.06373922292140133 -0.45496790814735455
0.0 -1390392.617767334 697467.4339447021 4963853.717432946 -4921.348396962687 350.1772842186183 853.7993441938128 32190362.469021372 804.4078996641393 78345981429.71747 0.07670870126001843 0.9994814162128391 -2.277708823894846 0.06372240230029291 0.3820337785199479
0.0 -56464600823.22305 32439108261.189606 4720066881.636736 -1967.5522242625757 6327.115826424553 227.78268777229488 76121768.17126906 860.7575868406003 78346013014.13577 0.07670935920621066 0.9994814374308947 -2.277761633155105 0.06387562177655592 -0.2632652025653916
0.0 -4190219.7610855103 3153925.2715148926 -3845246.378795624 -1084.0193460921546 2659.9460766885404 683.7113990461442 75077682.8386432 859.1481241587874 78346012306.7576 0.07670934633175128 0.999481437193271 -2.277760493003467 0.06387214283384068 -0.42329828440224204
0.0 113533172936.66663 40271373194.29756 529379502.82103825 9388.626680597867 -928.7211724515146 116.14805726234889 60733455.623383954 833.623730965173 78346039217.67538 0.07671150821666632 0.9994816596220372 -2.2778421287877006 0.06396193306484932 -1.8524610150513932
0.0 9714252.377441406 -13970416.989501953 18678628.919142723 1380.3712938597191 1599.8578925005713 -5958.583654558204 60352272.94190187 868.3487790722994 78346034243.57462 0.0767112024119366 0.9994816304810794 -2.277829185642326 0.06394294941622292 -1.127849138384089
0.0 -58595306255.96878 46652461667.18995 2530803584.9558144 -14970.52189869632 -787.5136472260856 -198.33066816714563 75903496.51939489 864.0119305506995 78346053707.79648 0.07671196422724114 0.9994816890252795 -2.277869883834134 0.0640283023691417 -0.1321528023462486
0.0 -14394021.414672852 -7524428.510696411 -6720613.717494249 -3444.3212414974496 519.5469436897365 968.4733498196965 75617701.26453681 879.1967831543311 78346052687.86514 0.07671190794417038 0.9994816838696564 -2.2778673768038584 0.0640242463529832 -0.06444582754838513
0.0 -276840069632.95807 140031226633.15186 7440492542.609753 -22334.21365153124 -1024.7341604304802 -333.170051292734 69796103.38208148 831.3680260718235 78346017084.90283 0.07670981476184272 0.9994814874842775 -2.2777769230908493 0.0638859326961736 4.0663310217313455
0.0 -120700.72854614258 -2824143.5302581787 -1280272.0365467072 -4148.254307878271 -651.6092864164348 4639.517512278831 69195535.25515059 867.274946080984 78346016457.77945 0.07670979329461858 0.9994814859905553 -2.2777756822531776 0.06388310434457178 4.008039333036711
0.0 98285338413.71298 -47299044947.99649 -179375927.81552267 12052.51957391443 -110.60494059335178 47.586734362499726 65746869.75511981 835.9429871397479 78346001393.40204 0.0767089381012372 0.9994814067741907 -2.277738106716849 0.0638238051398794 -1.1137340486279115
0.0 1758658.7901000977 6192224.118553162 8411799.24169159 669.0410057923223 1317.8944053977139 -1629.4670381957012 65501725.87918286 862.4787547713596 78346001193.40942 0.07670893291358287 0.9994814065094916 -2.277737748953887 0.0638228609553666 -1.1412928386825856
0.0 -5320062790.051071 56839128998.057205 -4513305093.00926 -5306.630741369572 8781.009383793333 -855.0481005429813 71453497.41264313 840.6263144703378 78346048143.6182 0.07671174658604042 0.9994816723072142 -2.2778582526916615 0.06400389930098882 -0.47737454550004466
1.0 -10591381.88168335 2542145.620788574 8425287.317375183 -106.85290203356635 777.3548517015697 251.9850416047966 70588025.63246858 845.8682245171641 78346046773.83588 0.07671168589328475 0.9994816672837981 -2.277855226567328 0.06399807286005377 -0.5099723585983277
0.0 -78952153430.08655 -49622317890.335106 1359960812.9574947 -1262.7870204845062 6856.380838603633 -314.51334349241284 77123974.22554207 837.9994867186605 78346053626.23492 0.07671192127283669 0.9994816837063195 -2.2778688034621872 0.06402895677392806 0.1716326162330014
1.0 4733758.051383972 -8871010.559906006 -16534226.863222122 -684.0737962265157 41.630586083006165 -84.89967214907595 76682621.21427026 854.3581472109034 78346052473.76053 0.07671186133801325 0.999481678347979 -2.2778660544383555 0.06402428044707609 0.2196556539086742
0.0 -66392958746.5121 55123800755.658356 -3740490133.650201 -5212.601680498648 10922.025678941263 -315.40501023523086 76411325.47959377 852.155038541454 78346050482.66583 0.07671174259817591 0.9994816671518953 -2.277860957405638 0.0640165879863881 0.41295846937263586
1.0 120200.46002197266 373541.14419555664 3796908.336312294 -740.9286535028477 796.7866753375847 -408.9831977938767 76261778.43518396 863.1444915416514 78346050128.39188 0.0767117246031014 0.9994816655594446 -2.2778601221650225 0.06401513954690152 0.4222425796176619
0.0 -244787606312.8131 17055612633.366241 9740140993.417755 -10845.653960493613 68.32726020724658 -156.40027036104402 47108817.98226621 796.0211947906473 78346001844.50748 0.07670954333878505 0.9994814831242033 -2.2777524949211525 0.06381082763423063 0.6973574721129064
0.0 -2149442.2772521973 1356380.0443725586 27590.734196186066 -8164.67693985675 2070.2317190231843 -269.43546005106316 47514988.559212245 814.2247283325778 78346000669.21606 0.0767094557350288 0.9994814742788977 -2.2777490855056106 0.0638067327758618 0.94322935580646
0.0 -5432682237.368134 135830146347.61069 -2221778853.0748787 327.8599870276994 8857.998808418604 -245.06329910110486 35290518.512228765 788.6302313667195 78345989158.31299 0.07670909884594972 0.9994814516009485 -2.2777271597336735 0.06375387269342525 -0.1983759732456143
0.0 -4577529.711303711 5194999.5855407715 76256.68520975113 -125.9658187714922 6825.895827744236 121.77285079996552 35439656.372007854 811.9971935860593 78345987445.62509 0.07670898487914363 0.9994814404583552 -2.277722504708458 0.06374755694323841 0.12644022516615117
0.0 -75637576857.21085 140531292444.98114 -7727103964.296514 -3862.4716081165416 9100.285946533437 234.26832779526245 37645633.66158655 784.1166127729709 78345992488.68277 0.07670923864979154 0.99948146282674 -2.2777343396431053 0.06376823609080962 -0.18472646894199896
0.0 -377395.0206451416 803117.4022521973 -1493501.9285264015 -1677.9753731777855 5916.1265456629235 29.412463565176395 37971055.844614126 797.4035067263076 78345990497.574 0.0767091014538667 0.9994814492727668 -2.277728820283554 0.06376101331601447 0.21817359744591025
0.0 198471689128.28906 -18211419420.103607 7312962367.539337 19004.993729145608 15925.27150940428 192.20400270493906 60145541.726050206 833.6949463939122 78346038616.40353 0.07671148800866473 0.999481658237897 -2.2778409476645622 0.06395921177653108 -1.9053916523418204
0.0 3653066.1321487427 5542014.960357666 9303053.203308105 -1111.8760561983509 9794.374027998636 -3181.0616627100853 59955319.67396725 820.2124608631426 78346037630.89053 0.07671143096730407 0.9994816529169697 -2.2778384644246654 0.06395536027646287 -1.797963291180394
0.0 -242677913912.1432 131222597206.32779 7666249498.654866 -17319.95534156888 3991.871381975947 -335.6795865943036 69239118.55233908 828.1805689976751 78346016594.80832 0.0767098006958917 0.9994814866628153 -2.2777760154044486 0.06388365335662805 4.001145413698942
0.0 1245062.429534912 4956270.684200287 -5184119.259162903 -5528.589606240857 -490.2237633556688 4633.012476171396 68923945.61818019 869.6665562130185 78346016121.59586 0.07670978022913319 0.9994814849909471 -2.277774981435374 0.0638816277842027 3.9875923559353494
0.0 77151183602.02461 141345587863.42004 -2809673342.0964174 -10559.692398897394 28912.290966645414 1512.7971041436977 76884371.88392317 864.5520924291009 78346010520.36581 0.07670917639453045 0.9994814190532897 -2.2777544691684044 0.06386685507006895 0.24177683235644942
1.0 -5282017.087295532 -1320008.4067077637 2924578.9114456177 -166.602784529543 680.6336379921813 319.5900298104363 76589299.66357774 861.0962149986178 78346010809.18433 0.07670920396140728 0.9994814219978655 -2.277755445187949 0.06386770764106142 0.1336098358740242
0.0 -7283107207.057953 124765224986.48169 -2875975440.2270365 985.6027688529284 8083.991983137954 -61.98682721356843 35350758.18687509 800.6738874077449 78345989129.93497 0.07670909517092009 0.9994814511882529 -2.277727041720185 0.06375381352018561 -0.17914647159551533
0.0 3315761.1360168457 -1212077.4798278809 20846474.239198208 -47.12396802785588 7284.258417638377 -77.27003811847499 35715423.74352408 808.5703728104162 78345987450.49283 0.07670897666106731 0.9994814393997973 -2.2777223224821452 0.06374779231287331 0.19121792180248676
0.0 -93132492773.28401 -10556539845.429482 9972310193.897837 -9242.544158274504 4184.998808798187 98.9266862733341 75672034.40317467 843.0481334189365 78346053077.70529 0.07671193115484559 0.9994816860569208 -2.277868373900152 0.06402575342982786 -0.10314214386859077
0.0 7402366.673355103 -6291123.873641968 13329648.993409157 -2272.5909106490544 258.2563287076846 829.1956791109076 75025932.06010492 854.7826100159316 78346051755.73264 0.07671186673009492 0.9994816804623402 -2.2778653195297474 0.06402027925882248 -0.08393404700492246
0.0 -251756702957.2657 -25158283487.05533 11825817266.474747 -13062.773314579039 -564.6960454947148 -60.42371797942894 45004829.7927113 814.2775534806811 78346001329.5119 0.07670957552837099 0.9994814882556696 -2.277752615883252 0.06380723695497537 0.2684614248451007
0.0 -2003873.1640014648 415682.96050834656 9203093.30458808 -17138.869243583653 -1432.020454717589 796.6784487487973 45014961.90194984 813.8845021010462 78346001944.56186 0.0767096144856416 0.9994814920055727 -2.2777542424946637 0.06380955516455256 0.18970410647727853
0.0 -215019369699.71478 226432577710.2812 23552285045.556023 -22827.608651885974 5140.0461891048035 -1243.890547374147 67795128.43107808 846.3726678702142 78346014971.5951 0.07670974171401525 0.999481482360372 -2.2777727254914106 0.06387641957371226 3.870202783108656
0.0 9374270.053085327 17563229.536491394 3105811.8197476864 4530.47074458181 -1737.198303544159 -719.0356480901355 67519088.95698212 884.300535530641 78346023110.84625 0.0767102699385215 0.9994815336023226 -2.2777945414615517 0.06390677470684292 2.600408236868356
0.0 -318782240113.8832 29448640807.819046 -11209969752.6535 -20092.093878383 -10212.47537307557 593.1896071256465 71003904.21498856 817.5829122707227 78346019830.13568 0.07670995268894773 0.9994814996327063 -2.2777833606180193 0.06389719504955593 3.9788802342895067
0.0 20626364.0161438 4938186.599941254 19631231.552414894 14194.538597812838 -915.9309863046583 -1050.0553614239077 70433111.72402617 851.3068448673014 78346018417.63477 0.07670988015482764 0.9994814931820546 -2.277780012477366 0.06389144012217685 4.040314395651335
0.0 34157679265.87976 60115970723.423584 -2480415632.134961 2612.069306605328 13127.249007800034 -710.6169625957434 72898126.94891638 848.7550996519263 78346046430.24063 0.07671159250844986 0.9994816560501086 -2.2778526790317066 0.06399860077619657 0.08947407881269248
1.0 -1278884.947692871 -1897214.7026062012 -1436236.3431072235 -467.2722393822187 955.114456389525 -193.20389861852505 72243530.48292509 848.2385150451777 78346045329.9097 0.0767115424981069 0.9994816518544478 -2.277850219427752 0.06399395244238804 0.07705992108286797
0.0 -4910052627.710632 128239747467.50546 -9347668961.376278 319.0575130658053 8426.342105612712 -12.636538606329282 35049196.165627345 800.1145110470665 78345989106.84326 0.07670910302320158 0.9994814522362724 -2.2777271937929577 0.06375348939394776 -0.2476190766377413
0.0 -196190.63388061523 -14798.201416015625 1715397.083707571 395.81542018791515 6401.369696554284 583.1937109155508 35204980.41048795 808.6610203881492 78345986660.59567 0.07670894201341211 0.999481436547078 -2.277720585480112 0.06374442349908183 0.20380434310056428
0.0 178086917388.40393 -68792120066.68636 -1821768408.5866165 17561.473669130777 1103.3737844203533 527.1346636329441 63684659.440529265 832.2555348030907 78346001601.3457 0.07670901515806719 0.9994814161960902 -2.2777401184870327 0.06382296283452238 -1.6633693071542492
0.0 -2994976.027618408 1549735.2438964844 6110637.059923172 2525.00091000308 2151.4682154704133 -5903.955260967954 63483686.62194338 877.9503477005555 78346001348.51212 0.07670900523040322 0.9994814154313946 -2.277739589100146 0.0638218549403442 -1.671677522403244
0.0 -52431604278.50627 26636172672.323364 3437683087.7721987 3028.487087660178 2282.3164108111614 433.7611087094896 75175113.47404055 876.805414112062 78346049012.52899 0.07671168696401481 0.9994816629732258 -2.277857927073172 0.0640100927478171 0.3037836941177456
1.0 -1078144.0969543457 -4076656.5645751953 -1232673.2457561493 -924.9796098116967 733.5811933732439 -286.4789410643741 74334812.5135345 861.5064156882516 78346048044.98691 0.0767116511756297 0.9994816603285477 -2.277855951623045 0.06400579700569864 0.22571765711333663
0.0 -71654423362.04657 148375093823.86053 10874526759.324162 -4218.0295878325705 9082.782363368851 -464.0778429261821 38286803.69457706 808.6937059925497 78345992884.84396 0.07670924411449703 0.9994814627369994 -2.277734938234527 0.06377022887246664 -0.0947387023350228
0.0 18898116.5205307 8567100.414764404 49736500.29229212 -1151.7079114449298 8209.31475454774 -366.17547782222584 38366502.043185204 805.4697210633199 78345989441.5177 0.07670902179488923 0.9994814412041656 -2.2777257351862765 0.06375735788263626 0.48640647026773065
0.0 -35268464098.944275 90463361165.95941 -7029517767.448542 -11354.124505470842 11018.255429736906 435.6446217768954 72970408.53806478 826.8328791640772 78346049099.51492 0.07671176070478494 0.9994816722100054 -2.277859718379311 0.0640086839309717 -0.23568168798026196
0.0 9422654.350006104 9114011.997192383 20877951.60602188 -594.6217098106463 2254.9448029930672 1405.5261439053481 71286170.62304962 849.3772440238583 78346046869.29355 0.07671167039608535 0.9994816651166425 -2.2778549860666075 0.06399898099707446 -0.3545964586814978
0.0 -291337314617.6823 -57075817416.09653 -7796737918.511702 -16180.52641474796 -9917.300490820517 377.852179516904 72208895.66356263 832.0299253055887 78346021434.4909 0.07671001785846811 0.9994815047623077 -2.2777867695744387 0.06390416985840641 4.026713237067392
0.0 -42587030.15437317 -28356082.94404602 -14842317.519111633 14831.046929946137 2532.997716737449 -1721.227740096769 71745618.67274036 855.8380384006059 78346020856.30035 0.07670999526944809 0.9994815030280807 -2.277785561559168 0.06390163338213739 4.003852576168033
0.0 20399203027.618347 108298084615.74677 -4463708338.313398 2766.561807178139 6995.586133649645 -236.55676399321283 33318402.987760358 786.2773068845303 78345986793.91913 0.07670900887381547 0.9994814448156625 -2.2777222747397445 0.06374343916513237 -0.2690042271568318
0.0 2187731.1468811035 1670540.223083496 -5927454.590946913 -4543.395180886966 188.9250344833854 824.4999159208176 33276219.89899301 807.9205550885116 78345982230.17819 0.07670871878581706 0.999481416859215 -2.277710181743184 0.06372626375939738 0.5045946887918076
0.0 -295377698104.85486 30795163529.31906 12119916000.815666 -15159.37348448549 -3396.0091993737497 -577.3675015007562 46934067.66550666 824.9062616275573 78346001391.55011 0.07670951982233234 0.9994814810229463 -2.2777514153810134 0.06380898868435292 0.7148312517104315
0.0 -3445472.646759033 10670780.340240479 -869178.8798286915 -6777.370832044744 2282.680085876753 -237.45863432869783 46668477.17909761 834.1336015648408 78346000033.06842 0.07670944129807226 0.9994814737003075 -2.2777479947460577 0.06380367691837208 0.8307957444500103
0.0 -108192798187.70947 144157600994.10516 3387250923.780811 -6073.189372608137 8377.216116565527 26.847221626128032 40434799.736398175 814.7392143067641 78345994833.06836 0.07670930207477245 0.9994814662634752 -2.2777385932708114 0.06377923764792115 0.11173722295066146
0.0 5017663.09602356 10667032.999450684 7115193.784961462 -2944.293600867517 8593.771548114988 221.29933596828258 41025438.42843158 825.1200421776191 78345992164.51727 0.07670911342191827 0.9994814474881297 -2.2777310867038065 0.06376967906248776 0.6696472954045305
0.0 -244916401667.0748 59575593268.336044 6525889853.690682 -13515.650734937379 2934.1817619624635 -364.846852880606 70725553.81066638 856.1684314060327 78346018187.88461 0.0767098564408062 0.9994814906119743 -2.2777791952258237 0.06389080735318853 4.136935159378028
0.0 -173700.5274658203 -2020625.7935791016 -4845794.682656288 -5756.207546398471 -6575.194463130638 -3236.099262177526 69924498.05504741 843.1993401080755 78346018159.28613 0.07670987938973207 0.9994814935977299 -2.277779686155639 0.0638900693386768 3.9582358916369427
0.0 36163787407.38211 7783545471.565353 4900878053.410649 4906.721003106053 73.27642228359036 75.3887593009016 68391004.44695133 856.7587217556727 78346040687.7211 0.07671136524693412 0.9994816384581946 -2.2778406145789933 0.06397348285879989 -0.1976780663347646
1.0 2069565.3307189941 402543.95195770264 -4716909.22257185 590.0808436208688 1154.2721124045092 -601.1744365713857 67746052.28539541 860.7816703426544 78346039460.41705 0.07671130683115895 0.9994816334421036 -2.2778378108668003 0.06396836518509197 -0.1682112854795208
0.0 -94876572433.04669 173022772075.11966 -6567749468.909906 -6780.081722648109 9820.77494294037 377.85632805110185 40170193.63607031 811.3815660347639 78345993923.23776 0.07670925216624934 0.9994814617014909 -2.277736363710395 0.06377561186954939 0.19004091643698318
0.0 -1646203.0809020996 -15338597.736236572 8454984.042917848 -2649.816414812827 8398.957503357167 106.09746314222411 40374056.42088286 818.1798056041447 78345991493.77606 0.07670909074126758 0.9994814459261665 -2.2777297659621176 0.06376664687314193 0.6241191024282098
0.0 -46365623558.89283 63635526149.46399 12635899161.856873 5590.289049421393 -868.3922569642004 -257.8008674035227 70370717.70471895 880.5572222332258 78346045057.49832 0.07671158302682897 0.9994816575672331 -2.2778508211765054 0.06399145493387781 -0.3369127983715325
0.0 2722570.2006835938 13911995.357391357 15534145.744023323 607.2318227604519 869.1102206735704 446.6472095724678 70426457.08512588 877.6526092010598 78346045058.87814 0.07671158139103074 0.9994816573556815 -2.277850785395725 0.06399150399495745 -0.32364972578305373
0.0 64297838788.18414 62338934716.86417 1144965803.5980802 2107.504985820433 13629.856936857512 -201.64321887716073 71987008.6959782 873.6249282293846 78346007600.25848 0.0767091414119678 0.9994814203905702 -2.277750178171842 0.06385203142221041 -0.5387681364917387
1.0 -5052102.643035889 -634149.3694076538 1663639.735874176 1019.2679377759905 857.2805656953606 385.44682264940434 71781567.98826274 871.3429042125507 78346007435.0639 0.07670913721822484 0.9994814201835829 -2.2777498847471778 0.0638512492000256 -0.5652034663031964
0.0 -8286565517.204254 138877212327.8171 2788458418.700174 55.92041815016819 8897.682452683575 -518.0717700122605 35326587.49213989 794.1847259098388 78345989292.47513 0.07670910629657707 0.9994814522852359 -2.277727490587457 0.06375440502182617 -0.212337792910684
0.0 -4724362.291275024 2544484.968536377 -3327155.190671563 -38.112063253345696 7002.796426104525 440.1367343655559 35186499.81580765 814.1046511362622 78345987371.9118 0.07670898800217668 0.9994814410033738 -2.27772248805679 0.06374708077801294 0.07866674529941653
0.0 33597649756.6781 62202068562.75972 7364925302.685076 7330.088231906571 2261.694940043908 -1867.559471279963 74608019.98866767 844.7843457578872 78346007324.73514 0.07670904275772639 0.9994814083464469 -2.277747591431707 0.06385305977812106 0.13227387045920835
0.0 -1867361.7648010254 5566788.727233887 -39497873.678967 -369.5905435352415 -34.415706560524995 -96.69308463974113 74218117.02340853 829.626866485493 78346007121.38885 0.0767090418330068 0.9994814086324788 -2.2777473272035547 0.06385198904054512 0.06791067433357934
0.0 130317915763.1629 14334199451.579193 3541076067.606547 11274.287635098117 1056.7688389635532 204.96185664419812 60552232.14129285 821.4474899824863 78346038621.38641 0.07671147574878645 0.9994816566635457 -2.277840673092088 0.06395955064253478 -1.806079348778719
0.0 -8975609.559875488 -7894400.47428894 -3331527.0829086304 1453.5801759216683 1765.6655562958877 -4759.952452890961 60614476.27743598 866.2312102377048 78346037475.77933 0.07671140067724633 0.999481649359918 -2.2778375859199924 0.0639552965426633 -1.6089888243608736
0.0 17953739925.46582 111462919290.04604 -1984361919.1239905 -12926.799485680385 15157.995795846211 -320.25751968633017 71668881.87467301 858.1038152454438 78346047302.828 0.07671168624060852 0.999481666277286 -2.2778558668413575 0.06400091069841007 -0.3185286161498886
1.0 1788115.8056793213 4460383.236190796 4513929.02982235 -486.96279223013335 901.9804765133485 160.6338497150938 71248371.75730386 863.1128458494991 78346045863.2619 0.07671160733048113 0.9994816590677711 -2.277852340453424 0.06399517241229713 -0.23243506323547258
0.0 66354224024.07945 -22875923606.667725 -5414162336.564612 12528.347570941603 2764.67822409128 -50.67487998333533 71548038.92274714 836.0647328343596 78346003921.04446 0.07670892007234516 0.9994813994506587 -2.277740715581117 0.06383786610109521 -0.09939381334049613
0.0 -5467271.549346924 3502585.076477051 -15749752.4692173 2619.798414682743 1631.4694911354818 -1183.1228195135614 70686457.86829604 861.1682624786191 78346003954.90677 0.07670894888126208 0.9994814030603969 -2.2777414152603273 0.06383731505333845 -0.31251791724428224
0.0 -63463188765.859924 63116292074.668976 -603285113.0487452 -12617.787384659685 7526.938616826123 100.81050599489436 75594515.64366037 869.4370225319482 78346051500.7919 0.07671183286718727 0.999481676647851 -2.2778642399407776 0.06401976924802977 0.0855757012215913
1.0 2311760.9948272705 5039001.90725708 16761658.585979939 -1611.2242097593698 213.94555247512017 -333.194325082216 74648892.21780178 875.5559638720987 78346049911.44861 0.07671176063448742 0.9994816705880508 -2.277860687310066 0.06401305500248 0.06318722775474134
0.0 57774280558.52878 54895444699.192444 -6935549649.599447 5827.825103180341 12226.163810669575 561.0047824639586 70920333.23992008 819.8032862347715 78346043776.86295 0.07671148426045225 0.9994816475082343 -2.2778470304166425 0.06398707730468445 -0.030659916921754626
0.0 -1206127.1457519531 7282509.71647644 -25261931.4522686 700.2234764813766 584.3324588174728 -166.4764341097018 70712717.78473605 840.4062316555425 78346043612.54828 0.07671148019014029 0.9994816473152012 -2.2778467408679055 0.06398629667498223 -0.057880831556348156
0.0 106811615196.37772 -4806646717.833694 -4052149446.108738 14197.415111247941 6307.655311947357 -245.083152106454 70583749.87464282 867.2186277524122 78346003793.15982 0.0767089417303516 0.9994814024691254 -2.2777410582912547 0.06383662665285339 -0.3123339999743273
0.0 11800883.034118652 -875471.4873352051 -5975010.350746632 1728.392841094038 1255.8248768239864 -787.7240726474599 70305243.57604595 873.8055076791463 78346004271.00949 0.07670898085439277 0.9994814065132348 -2.2777425247169334 0.0638382022961057 -0.45402128265876174
0.0 106675104317.84239 -98073838120.62839 -685034200.9906741 22630.57675658064 8329.815802768651 -551.0998149518205 69293125.9583273 833.4020316581065 78346002412.97403 0.07670889352236385 0.9994813990585215 -2.2777383054060416 0.06383042645275339 -0.4078764338657226
1.0 -8845761.317230225 2263443.8061523438 13494957.811943412 293.29774037039715 492.5863979505848 -497.4073538014018 69192555.32184121 844.403317262485 78346002644.5068 0.07670891141604745 0.9994814008823727 -2.277738991608291 0.06383121696002814 -0.4693931848446149
0.0 -235932889176.7815 26979134584.388107 5468346441.260279 -12681.962438427743 1155.7209348220586 149.28723639859345 44271791.88380754 819.8891777800551 78346000338.50562 0.0767095349243902 0.9994814850425974 -2.2777505021953326 0.06380293751480881 0.22699817094572095
0.0 990643.0782775879 -5703873.7579574585 -7992321.2774704695 -16705.951327439063 -2121.855019109258 683.2409096026048 44306248.939789735 821.294255279956 78346001595.15668 0.07670961409525924 0.9994814926500095 -2.277753815903151 0.06380768483763877 0.06653886142371934
0.0 101076522824.00159 -64738982419.289986 9980674268.881777 19664.40552273174 7114.003139711011 -823.9763522286901 70368722.32544583 857.1055621729569 78346003359.5398 0.07670892069425646 0.9994814006457651 -2.2777400586209406 0.06383482863039269 -0.29681471634664325
0.0 38124640.63580322 -14709751.628036499 -36892522.22048879 900.9806785872343 560.5383131162016 -308.26198036635276 69807773.86725946 852.2221682049633 78346003601.07053 0.07670895346480203 0.99948140434845 -2.2777410971850056 0.06383529428118351 -0.47094309076715835
0.0 92021695998.30405 7556070524.3502655 -2149761327.1934733 12405.033056944445 7155.288499316985 -290.2714271987743 71978498.54900786 837.8131928290103 78346005044.55338 0.07670897849465932 0.9994814046750464 -2.2777433953724895 0.0638424250541636 -0.16642937923277712
0.0 -8104094.102142334 9344151.962348938 -32253121.601630688 1462.0613773150844 847.3137298141955 -794.4181250395368 71640159.29954892 877.1259219642981 78346005213.85062 0.07670899976829099 0.9994814070538456 -2.277744084521304 0.06384279462105091 -0.2735866448495303
0.0 62421572686.45235 59920752414.19142 5893323818.28263 6424.351819787298 14393.933900638986 359.9096673487834 75216345.11768177 852.6383085893513 78346008638.8605 0.0767091078497956 0.9994814140432939 -2.277750651691354 0.06385847473476147 0.09525368258314937
1.0 3928390.330352783 10458268.188270569 -9703921.787837029 172.25784182402458 967.420008312878 432.49284922554966 74537368.9211733 861.0067248063001 78346008660.8917 0.07670913025573589 0.9994814168592402 -2.2777511907162733 0.06385802299498344 -0.07047528456250529
0.0 -131226922810.92322 136648080167.9353 2329697965.3411164 -6805.034604606051 8104.703373265085 -56.064315857889504 39603774.20282675 802.0005118409574 78345994862.42538 0.07670932965103634 0.999481469724606 -2.2777392593596684 0.0637786937323721 -0.09153414914741487
0.0 144800222937.5459 -72680285609.85486 1676828530.8694515 -859.442543910638 25334.590836740823 -790.3394364988227 32527076.988835208 800.8204227186449 78345971580.90662 0.07670806200440683 0.9994813541900214 -2.2776824238131854 0.06368567352900545 2.122774048793027
0.0 25437304813.615784 12692325429.297455 -2934698762.837174 2215.5253260161808 -894.3698623987075 654.7719794612965 33542651.579042893 821.8016815886173 78345979824.95572 0.07670855697338555 0.9994814009855175 -2.277703604103638 0.06371743906461536 0.9911206464180149
0.0 68256049372.34542 116772694510.84917 760289260.4061298 1469.0089835342442 18528.74387436935 850.4859694045217 64934417.177187346 829.1171439888201 78346041756.1901 0.07671154037293572 0.9994816586825158 -2.2778458989795203 0.06397477517593941 -1.1985514434545064
0.0 -2804222.130065918 1617737.7979888916 -24050661.98354864 1154.3527725301174 1876.3559525485907 -791.1931300286675 64611849.07292259 887.4228837383282 78346034236.28488 0.07671107020699551 0.9994816136251162 -2.2778261518296645 0.0639462751867459 -0.08657368952309907
0.0 231829851696.3439 -72747831306.371 -8442860476.101045 1642.3980504614665 38276.18753682609 -114.89160380698371 44323685.082850516 812.2680973541802 78346015929.98187 0.07671052882758914 0.9994815809070343 -2.2777918817378913 0.06386154264255062 4.445045073600541
0.0 -3168840.060333252 1391859.9224700928 242700.80649232864 2178.5032306380235 2185.6378078681155 -176.52935135005225 44595057.86351224 836.078159208164 78346021575.621 0.07671088090591702 0.9994816146202299 -2.2778066864295865 0.06388296226365586 3.517581187656657
0.0 128605601515.40273 139674702772.60468 12054894805.151772 -4263.974816271733 26622.476168932197 154.42164688728155 43459325.377671495 788.1059907472207 78345991963.72165 0.07670902532635043 0.9994814366434224 -2.2777288308911703 0.06377084080331485 -5.007058276983358
0.0 1330464.1727905273 548226.6427688599 16256744.251871824 3233.8148991371945 2725.56829724009 286.2683903333598 43980020.46568488 809.6800200368688 78345986450.38269 0.07670865719838597 0.9994814006129908 -2.2777138170976943 0.06375054164352267 2.3890522603002458
0.0 -190825862856.55115 294744120029.8877 2164163008.6021385 -42448.23047699949 -15747.121557648477 464.0540245820336 57112810.44174445 811.1473366895758 78346006417.32086 0.07670952590881279 0.9994814718141684 -2.2777575621703106 0.06383587908705923 2.4307223057561798
0.0 3404032565.284424 -706256463.8664436 -1249367378.3423657 2359.361301479271 1046.1595712683666 353.66208955536183 56640184.85654107 868.2623776345258 78345992164.72095 0.07670863050454169 0.9994813858514373 -2.2777200368852473 0.06378197180718459 -1.7482488042086308
0.0 -380913721281.6483 -57848903844.758 7298555701.06908 13521.288863205371 -49304.67747325114 -575.27491786511 21396673.60894813 787.7147986236816 78345953972.22537 0.07670728193804598 0.9994812896098154 -2.2776435260099754 0.06361077039142327 -4.527666615636123
0.0 39726988432.233734 19566727367.36283 -3057584596.777333 1676.87153876714 -2396.0249615007306 667.7209233775632 22935548.630330298 797.8089574867041 78345973720.30988 0.07670849524950832 0.9994814052373573 -2.2776948945999305 0.06368615901406116 -0.5453594567834075
0.0 -9064664987.269989 300660313105.3164 12707865600.325848 -37543.39180778019 11294.473915274915 -8.751773093074487 66220180.808575034 839.9158271453193 78346009199.18536 0.07670942185819697 0.9994814530072479 -2.2777585065772072 0.06385349760171 -2.1239631994073362
0.0 -1151601.2708129883 -109186.0753288269 -13229088.126428604 2229.346000191529 1545.389087987147 391.22726923029205 65621285.813929886 896.9859325472551 78345998944.04211 0.0767087855948352 0.9994813921759094 -2.277731689257241 0.06381450606047778 -0.729914145653052
0.0 40207187890.90091 118233597936.19211 -1990946655.786965 -13503.161730667263 -6308.953215709218 318.9679257329357 63926541.58207601 813.2195774904416 78346034039.43137 0.07671107883307901 0.999481615117002 -2.2778261139033855 0.06394499629487882 -0.21825460876631997
0.0 -27375690.487548828 9596379.003707886 -22370603.40784073 2023.1929872137289 1696.4304783884727 14.89614602925002 63527839.51860557 862.3235838324463 78346033902.3534 0.07671108241170693 0.999481615845979 -2.277826031933883 0.06394416754650933 -0.2913122753576536
0.0 44948672550.19177 49483489552.3573 1773896387.805405 97.71785783905761 -4011.8334914277984 809.5267124351753 69577499.8226752 881.0732736959751 78346000914.92148 0.07670878907737683 0.9994813887042803 -2.2777341248211087 0.06382502336905649 -0.09805063742237174
0.0 14642041.70300293 5136981.471496582 -9920529.970429301 1988.2033056309451 1380.52807342089 768.3643273787205 69344071.13228817 903.0590036572726 78346000849.66632 0.07670879213030443 0.9994813892235275 -2.277734116675441 0.06382459450314393 -0.14350051056381807
0.0 -70827188968.94244 -334792795942.5824 -233641230.9585526 50634.28803130619 -1420.1299348083048 -690.0538224426729 32591583.276601985 802.09778224326 78346003161.51825 0.07671007641600083 0.9994815485395434 -2.277766267014578 0.0638043465396878 -2.8459282963229575
0.0 6040573.416885376 -3533210.7345352173 1863411.0890216827 3458.2040331670414 2304.145868390784 1208.5252288392105 33755589.68399636 792.1100711037507 78346014870.6835 0.07671078804026582 0.999481616089773 -2.277796546788885 0.06384924449524387 2.008925193305962
0.0 189190102592.19727 -150556282513.04868 -3537317353.741922 17051.792952051605 37864.72234272218 -903.5213188052311 60307260.3032193 834.2146728629187 78346024063.27802 0.07671055379711175 0.9994815679352521 -2.2778021751649677 0.06390467502999453 0.6198682583785091
0.0 3585715.897338867 -10254542.443733215 332990.02754974365 1124.8828955076028 2631.5802368302393 -718.2878276976776 59606034.77344471 845.9229432429802 78346032607.44595 0.07671112102546238 0.9994816233458603 -2.2778253676314852 0.06393621639376157 -1.0272695381360308
0.0 145345234580.44095 127925684701.95242 -1516796011.5832026 -5967.065949684034 29229.139619552123 963.7358105694021 67634356.07771733 844.4939435571033 78346006019.10806 0.07670917507443227 0.9994814278286653 -2.27774905841583 0.06384266592587462 -1.3734511696824745
0.0 278211.4799194336 2970911.915904999 -6161577.271157265 2368.6506115113452 1446.7234603441248 346.2467440063875 67622460.87099203 873.5815010181265 78345999343.9455 0.07670874923643992 0.9994813867406274 -2.2777313353299644 0.06381758349777833 -0.31040798426297744
0.0 120619785083.44661 -175423827188.6524 -6141528233.940267 17211.50574293522 28005.675646121206 -476.974628583306 25736131.47072887 787.6176358577329 78345965461.38547 0.07670788130523896 0.9994813432854343 -2.277670974148882 0.0636573416957189 1.319038310925822
0.0 39997126335.12009 20508870724.48252 -3014731779.8266163 1778.896351016525 -2338.1031675729682 667.8605472462901 26427650.933049887 797.7684123968941 78345975731.03305 0.07670851563002755 0.9994814038433267 -2.2776977644484044 0.06369646063237866 -0.03844985830843628
0.0 150048036786.94968 -244642578837.68372 -14171863816.208626 32860.176393276575 31804.219387315206 -245.48796293509994 77097259.7161167 832.4746452608405 78346031961.25684 0.07671053880078792 0.9994815503305581 -2.2778112728131985 0.06394755834516985 -2.9034335748094247
0.0 8162782.010421753 6144440.630218506 14238139.116060734 988.1601742645544 2510.1833170383707 -967.7879728960145 76427894.01216932 895.9340055713168 78346037801.28696 0.07671093238589446 0.9994815889553872 -2.277827259622288 0.06396896757997261 -4.147176009541379
0.0 97559367949.17639 23600746464.80931 4862930758.433781 11087.665238986334 4440.528028311703 -931.250045508371 75126552.33741295 860.1799809419042 78346005252.27795 0.07670889439526034 0.9994813935281766 -2.2777417193212797 0.06384568346134412 0.5509426346080135
0.0 -13705395.506195068 -911625.3168182373 -1579132.8272790909 1923.7218724867448 1785.3861856309013 -720.3972883979847 74682591.7240509 892.0424636591399 78346004673.79129 0.07670887118989213 0.999481391715767 -2.2777404968483506 0.06384316107709775 0.5314513471980142
0.0 216346460395.84155 67536184016.26701 -7679007554.443178 -18227.016806335247 27886.372602438423 324.22802666746475 44881615.44779503 789.0666230682555 78346018725.3511 0.07671069005497047 0.9994815959281704 -2.277798912349621 0.06387248173682725 4.112947329521631
0.0 -2131671.6494750977 276085.13178253174 4641580.328843594 652.0124623564716 2958.151092015185 186.1376230083159 45021023.99780482 820.8343381577259 78346021784.62097 0.07671088107625222 0.9994816142267405 -2.2778069401537917 0.06388408262560485 3.5865390868055957
0.0 -36099805847.36685 301296249998.62036 1570677057.9803913 -38226.10833496522 8665.231302346108 716.3797768092343 40920756.00518693 812.2610003335661 78345995048.9779 0.0767093008309252 0.9994814656756967 -2.2777388228953757 0.06378043118853505 0.1941517206416561
0.0 20952594485.074554 8654193797.785088 -2063029258.3751025 3111.3512263898447 -166.75690744238818 629.2287051543881 40582095.721146114 832.2878028652003 78345983916.36697 0.07670860049318742 0.9994813984105164 -2.2777094905579816 0.06373834858504246 2.004778080155176
0.0 130717883874.10957 93941165958.11104 3251988276.1221075 2276.3539262566483 23663.13701227711 717.2088377931544 45410135.43723359 805.0758547334842 78345992140.12045 0.07670897625498971 0.9994814300298989 -2.2777279189028103 0.06377303907193177 -4.570808902853189
0.0 17438927477.346497 -1348495725.4806366 -3291662461.391114 2882.826786020466 -468.3035782710467 427.1156112161019 46092829.14487856 848.7321830117273 78345985623.00058 0.07670853902584507 0.9994813871739469 -2.2777101240816617 0.06374909706411458 3.0903260580673995
0.0 38749956050.959045 -305424533043.6835 -3763389378.484526 46115.376341891795 16250.72916750739 -331.50358873647144 65189478.63271296 842.4376142200229 78346023488.82474 0.07671036612207513 0.9994815451261961 -2.2777971941367876 0.06390636058217858 1.9385810941189596
0.0 -5789496.336975098 67400.05244445801 -5586952.726803303 1758.0847632126656 1914.0803432265893 461.0789131002443 64015171.48031806 873.1720562585232 78346034541.10867 0.07671110812380245 0.9994816178580841 -2.2778273838069225 0.06394695045146559 -0.28045928147960364
0.0 142627948119.5301 -55814007264.70627 -7698330176.685833 -4660.141007815717 23173.778647153653 -262.237632967783 19273596.1682031 769.177774364976 78345964556.01282 0.0767080233699034 0.9994813632178345 -2.277673142626249 0.06364885363109973 -0.11172298983297385
0.0 43742954824.553925 20881025658.7815 -3413079463.1306953 1611.923268784899 -2663.9180209439255 676.4406066260135 20585842.915857717 776.5776589358949 78345972323.68027 0.07670847874671628 0.999481405906187 -2.2776928475337215 0.06367906333619189 -0.8816282160251119
0.0 -8889906454.165802 96220794873.36038 1007831514.5772507 4864.526378318838 -4777.386604180755 -60.985660793798445 77147417.54362404 845.482388766311 78346046014.61328 0.07671143454948257 0.9994816367194165 -2.2778485678152047 0.06400038466459179 1.1400312291453694
0.0 7286535.844665527 -5689156.659500122 4603159.051924944 1563.7999624622644 2057.5252129338987 598.8032342959125 76780705.09270994 880.1550938789413 78346045421.9165 0.07671140804768126 0.9994816345150357 -2.277847252927576 0.06399786971435084 1.1294897440209837
0.0 -303427142505.7444 -239545247467.70572 6304878825.624043 36345.83626072085 -37801.68994967899 -1005.0072924022658 31835328.646013822 779.9803958382976 78345999759.05124 0.07670988255945181 0.9994815305597419 -2.2777577640955835 0.06379097095899056 -2.6470533870303985
0.0 -2845103.4448242188 1245073.363357544 -1372981.7460923195 3437.3057001678817 2433.078968097925 1637.3817661134829 32495788.145749297 797.8051892627639 78346015740.40308 0.07671088253438046 0.9994816264202718 -2.2777997486059376 0.06385151959249935 1.5303207354328254
0.0 14886565431.442184 -268552278960.70282 -4267139649.81034 36278.40033112979 16633.179860121116 -559.2315116023307 31238665.536731385 777.0814958774223 78345966295.60443 0.07670776438820957 0.9994813267040504 -2.2776692960438165 0.06366480677853037 2.4863381116850998
0.0 25936620396.224396 17796005203.834892 -2072078905.5768518 2204.37692678655 -937.0008441803839 690.0815265011605 31480573.66105949 804.3779613047668 78345979111.63821 0.07670857520401544 0.9994814047298111 -2.277703168595731 0.06371313644570087 0.6109234567583732
0.0 -114936926636.41779 -343350509991.4547 5710712488.103796 51100.52486276928 -7870.0169012755 -2034.0132156618797 75667699.72450706 847.0538011818313 78346027301.30072 0.0767102854780663 0.9994815272600543 -2.2777999060654914 0.06392892939081118 3.8924474513143905
0.0 -53822447230.72452 -82064869485.00264 3205018656.0424104 19445.31471301893 5311.056505327349 -753.4555833068747 74878912.86464785 915.667425208875 78346027535.08847 0.07671032480078153 0.9994815318139331 -2.2778010853001884 0.06392918660289038 3.6529608040291692
0.0 7409073909.821533 170594623181.75156 -5085764490.998095 -18388.160495652737 -7668.493821413529 -76.45579647379361 68200765.64234467 886.3534308868226 78346037019.83331 0.07671113693776199 0.9994816166107569 -2.277831006050306 0.06395955588205204 0.31816688662282244
0.0 4156311.4437408447 -3110789.5416259766 -11805604.877008915 811.1989298738154 2867.4645711229823 -413.99851176178834 68108911.67675924 890.051611419006 78346033827.98727 0.07671093598080589 0.999481597307646 -2.2778225924253404 0.06394749445000159 -5.472964103537523
0.0 15970043399.196781 87668970982.53769 -1456563641.3673923 6081.268199563325 5880.370374699345 989.2819209794234 66829712.783333 841.408898726456 78346042037.55045 0.07671149972027685 0.9994816529361736 -2.2778453050923715 0.0639773239981567 -0.7761794020845992
0.0 -474844.1001586914 11634973.270507812 -14025042.61515522 2162.029729916845 2464.5618445980617 647.4277912866053 66722825.73421407 890.8048537386984 78346037964.9761 0.07671124299416505 0.999481628266863 -2.2778345625910026 0.06396194256292986 -0.18286471250210568
0.0 -318549660926.50684 204112246460.93832 5721457863.639467 -31165.970547572502 -37144.75318549631 -219.67502114291625 21068221.18853881 770.4881550691663 78345987859.29556 0.07670945576924645 0.9994814997345182 -2.277733774041689 0.06373779751976638 -3.5151757431280846
0.0 40831327189.371826 20126449163.257668 -3208321101.4752235 1672.1476317371826 -2531.003079902839 676.1193352421482 22183343.142373532 787.7149817831386 78345973296.4166 0.07670849144821788 0.9994814055944543 -2.2776943009213646 0.06368397465888798 -0.6563481184191209
0.0 -4395449858.009613 -329870443206.8595 -4711530239.5082655 48596.52828340838 9417.706788589507 -621.4276251549206 18164044.68663742 773.1928550866588 78345995753.7308 0.0767100496449847 0.9994815598402951 -2.2777567995972308 0.06376516420427603 1.0173518865987308
0.0 166667060522.96017 76811786944.85501 -6118668433.883215 -19128.549401353528 21050.61851041042 270.65376616637315 18853035.5842748 784.963890609116 78346004297.84964 0.07671057387380811 0.9994816097642355 -2.2777790080946247 0.06379779976650024 0.06365324988530086
0.0 190873030728.93527 91584198488.43129 -5409596075.494372 -22096.57293047212 20474.441120423617 267.56030803086287 60567844.400746785 863.9476639617818 78346027710.37582 0.07671077860322238 0.9994815893779466 -2.27781167868576 0.063918579291812 -6.2297780065772725
0.0 -7456631.979766846 -5200032.201873779 -5163552.097464085 745.1070123227728 2909.464637062967 -458.9140825698877 60273351.36416154 877.6888040433404 78346034767.16742 0.07671123828395689 0.9994816340184244 -2.2778306323348674 0.06394485399400018 -1.23822838051723
0.0 219859151055.53818 -21956377168.61429 -7249421347.183845 -7849.445535869709 34011.0154797823 82.62113204342367 51079028.658922456 835.9866849228927 78346020375.7539 0.0767106037597754 0.9994815816370888 -2.2777989105496483 0.06388355955863201 5.3234541103777
0.0 7312773.837371826 253094.31311035156 11730599.276878357 1430.35611249652 3108.965248158569 -692.9586319280389 51098805.91602433 832.3773481584959 78346024669.65115 0.07671087731132842 0.9994816080149325 -2.277810302604971 0.06389970374563081 4.579278626614078
0.0 138499261019.10635 -15628871595.155487 -5902708165.255155 -8707.552982696001 19363.26215865205 -131.10561108682435 27688769.518818237 777.1086633562097 78345970357.37524 0.07670813352091864 0.9994813657496296 -2.2776825977065194 0.06367726900193915 1.1211413629054732
0.0 30357369634.55954 15600433656.419365 -2779907442.6173315 2081.7335988321147 -1348.3361882101271 680.9231661029647 28812521.824931 795.5142756453597 78345977331.96701 0.076708544089957 0.9994814042948146 -2.2777003293300258 0.06370435139408848 0.2684828120213054
0.0 53131723905.34958 79640447554.94507 3966936641.181842 7364.069674134502 6019.3475599517715 598.8235234270231 57608712.605514936 848.5056245102999 78345997990.65121 0.07670897253287651 0.999481417930045 -2.2777348271238678 0.06380461743577825 -2.5734114758392215
0.0 1423114.8699645996 1971896.558731079 5349474.585201323 2429.2048481545685 2302.806528441957 637.4548602833629 57209941.188734315 887.3053635264082 78345994452.18015 0.0767087589363763 0.999481397698685 -2.2777257099465147 0.06379101241385499 -2.031010148736213
0.0 214861680836.87076 -104373494107.07222 -4816580735.012717 7257.401677483058 38739.379955317185 -313.9016022588884 54115246.13859122 831.6490719642088 78346020826.53094 0.07671053863802132 0.9994815724311495 -2.277797959273991 0.06388764287546422 -0.3155832986930327
0.0 1774653.0778198242 -360139.4868774414 12006492.660365582 355.6998144849285 2731.6035425470036 -505.6088723177716 54151379.92797186 842.8334122644397 78346029268.16211 0.07671107651450068 0.9994816242996359 -2.277820357547341 0.06391937954407734 -1.7895524696700955
0.0 141377413083.70932 -15580900933.374756 -7101632986.546297 -8826.380203380333 19531.101814778573 -143.52701559438833 31579115.313311383 795.3736432508525 78345972590.67575 0.07670815579608467 0.9994813641551741 -2.277685776964384 0.06368872015798122 1.7383691702890096
0.0 25960324766.598816 16337014523.46151 -2364560605.8369603 2005.592253529896 -1031.4753642674186 664.9108659859074 32337338.94968765 809.132050559177 78345979329.44867 0.07670856261320858 0.9994814026900223 -2.277703140852481 0.06371462902792935 0.7821091497688231
0.0 -71639242390.7538 311439429653.37 6338104921.077718 -41168.161556203864 3585.628373184305 181.51912868842055 21764755.49880163 772.3979917973506 78345984524.77402 0.07670922131937208 0.9994814764382366 -2.277724423489138 0.06372582079507083 -2.7391426079167775
0.0 39019719219.909515 22151411639.22477 -3155733355.8465033 1570.7910152326358 -2466.9306939169546 679.3064991082091 23071084.76232479 792.1693219935943 78345973871.24704 0.07670850069494115 0.9994814056324861 -2.277695199623513 0.06368683265504504 -0.5370003081083352
0.0 44890248167.98357 -308566227593.92426 -1816739974.321162 44250.65886796152 18566.794050881108 -873.3950622607822 63748083.20132306 819.9799723074921 78346022099.64188 0.07671032200267695 0.9994815422557813 -2.277794524051833 0.06390000790031358 1.825818814079535
0.0 -2023302.807144165 -22182324.526657104 14293796.917942524 951.0021686592299 2932.7653840950206 -1535.1011262946588 63710443.93988104 864.5840253403962 78346030226.20163 0.07671084204366749 0.9994815924756572 -2.2778161375975734 0.06393050303335013 -5.911543217147431
0.0 -371243171644.2694 -142334169464.79492 298154760.44713926 21041.779872789426 -47733.727401048876 -429.2329057421041 33932157.77008654 804.656457002481 78345999623.32071 0.07670980904272859 0.9994815214471704 -2.2777559196495845 0.06379211176258792 -2.153057951002233
0.0 -7196759.97845459 3191374.02759552 2982208.889187813 1998.3272903307407 2995.9516954373503 1500.3970191371561 34538604.07703565 808.5473236510371 78346016227.55695 0.07671085045903317 0.9994816213593573 -2.277799596977249 0.06385495753797255 1.957402318248585
0.0 -395255064930.34705 -82087870806.6915 5353838176.869158 11717.78571593804 -50285.19979461622 -580.0887022164083 29168594.24980127 801.2011236361991 78345996138.96545 0.07670973389506339 0.9994815187794205 -2.277750035129609 0.0637752740287949 -2.8200219367012407
0.0 40943439843.1362 10816296831.556381 -3999069921.0227313 -1308.438661142066 -3403.8829319774995 565.8780937956351 29386562.867858596 818.1052045023599 78346012439.28107 0.07671076792098352 0.9994816183526326 -2.277793180062437 0.06383667241630064 1.342341901976649
0.0 -353169285143.52264 150783638798.57526 8442452426.669534 -23616.676802928654 -43742.92624266357 -463.1166660866221 22218995.264050167 772.8713253438057 78345989308.18323 0.07670951268904672 0.9994815041201894 -2.2777368083915075 0.06374414568440567 -3.4733174164698695
0.0 44119799363.35718 22414873248.99668 -3245985605.1562805 1827.4538090717979 -2770.0620476870063 685.6905725582893 22967356.901460066 788.265775658667 78345973788.31525 0.0767084986078471 0.9994814055308506 -2.277695052734617 0.06368643949296438 -0.5484657994668867
0.0 135046010706.92426 -46870879521.26865 -12431068203.060125 -3804.490304315579 22334.32124167587 -29.318405513755437 55146478.26594312 828.0154419475385 78345985117.45615 0.07670822673724786 0.9994813483182385 -2.2777023740292357 0.06375432521311097 5.413161771816995
0.0 5948312716.187347 -1631212258.3482513 -4425794188.40847 2089.0028617708504 550.9705416133802 314.2888065077516 55192878.490150005 866.8303558388733 78345990315.1814 0.07670855717440918 0.9994813801669116 -2.277716148119496 0.06377388529319905 -1.7681882283208987
0.0 106498878900.32388 -275879201071.50494 -531233658.1965177 39143.347549463724 25618.6494753176 -847.0081814366249 49724195.54231339 805.3653165452887 78346015517.182 0.07671033544439511 0.9994815570486417 -2.2777869633276517 0.06386424339449448 -0.5126431785891874
0.0 4351122.399841309 -16927939.3956604 7871738.143878937 864.6784112971472 3007.0421529443192 -815.5742085185593 49709157.59475107 838.080455666043 78346023917.05264 0.07671087223711759 0.9994816088625182 -2.277809286884495 0.0638957829209037 4.37127122874996
0.0 -341440954642.51794 -173062271992.23618 1561171864.95639 29606.842727074094 -44308.51368116516 -294.8199349778102 55244011.365660466 827.8397480002884 78346011794.36423 0.07670992702831625 0.9994815123233957 -2.2777731679525504 0.06385460506521934 1.3666881360490089
0.0 1568385.4954223633 682031.7421722412 1657029.4717774391 1800.6982596729758 2862.0121065847634 -1080.2451429439063 55097454.11518286 853.1636075784469 78346025703.09082 0.07671081962640339 0.9994815986007175 -2.277810217979778 0.06390673327307006 5.3737709509922045
0.0 -399113533623.41345 2946926918.9795685 1567743255.5531492 -1301.7121859606764 -51069.03091172719 -172.9261215178742 46867933.58433351 811.2669252946058 78346005237.98254 0.0767097674605484 0.9994815049852369 -2.2777616796167433 0.06382338448782399 0.20881540857952083
0.0 -419803.0022277832 1324106.2273025513 2007667.5296049118 2290.0101297404062 3068.9196851850284 -50.62521188798189 47470278.298414685 832.9297010956142 78346025262.11642 0.07671102736249344 0.9994816259857985 -2.277814444258721 0.06389907276014473 -2.736278266116486
0.0 86699519122.61823 34778777212.49298 -2612352617.6272125 -11095.482648694171 4570.511589674799 138.7947491077382 28890614.44771871 784.1282197642702 78345973646.84329 0.07670830638139071 0.9994813812769318 -2.2776904851229762 0.0636905709088893 0.9006738595032289
0.0 30085382985.80374 16582154002.258827 -2748225884.0571666 1838.7180094735868 -1485.713597405742 655.8897972562402 29000477.49123856 801.9636433197797 78345977246.71872 0.07670853283384801 0.9994814030274415 -2.277699969868318 0.06370417914694837 0.328092472904727
0.0 -322613186078.4265 -214506898015.07477 2427067999.921917 32846.96547626572 -41010.24020533399 -697.9999406816587 24707401.317923702 782.6637684078174 78345995378.79895 0.07670982333387752 0.9994815317039526 -2.2777511729993396 0.06376890684715342 -3.742213448742702
0.0 81282268132.62218 120740842965.3848 -4408561549.7662115 -20047.059391226983 5965.7459398171195 550.9390340934932 25916889.5903823 799.2961808902581 78346010482.71228 0.07671075030451664 0.9994816199915264 -2.277790438193796 0.06382659186752715 0.8160940085276218
0.0 223678782572.00284 -79756025096.66435 -3465768592.581513 3567.8311521485775 38037.763581976746 -621.801043865622 60905631.70401085 797.6966068724506 78346025177.43393 0.07671060642909863 0.999481572438428 -2.277804711282749 0.06390933103254604 0.5708590069791883
0.0 -2116920.498413086 -1929514.1841163635 910947.7074890137 93.09650609083383 2628.423581746192 -22.346976396986605 60747454.14622397 809.5245235470189 78346033347.29166 0.07671113296261343 0.999481623399363 -2.27782652514531 0.06393989391103538 -0.8743558469652959
0.0 -324686329588.5764 193726827595.62833 344761428.4277487 -29895.712741604628 -38280.91542473703 -152.5587821941416 62227545.32587304 845.5553387251244 78346011576.86087 0.07670969715521694 0.9994814834183194 -2.277767648030688 0.06385928554620257 3.0104132294418386
0.0 2445422.823486328 -1123918.8549728394 426652.99770236015 2161.1988593443093 1461.4742774758743 294.0932270599127 61911586.26026762 856.8014406648978 78345995898.3057 0.07670870585905218 0.9994813880507064 -2.2777262240527465 0.06380014546118762 -1.1124737789590342
0.0 -271518025485.65338 248411805316.70642 7309987067.717694 -37214.8517920282 -29176.90145765918 -173.96418138528816 18875415.464328162 766.9596694247026 78345985806.45401 0.07670939251506312 0.9994814957405107 -2.2777298728170416 0.06372836050861785 -3.702858712738908
0.0 46699855378.95557 22289193036.271248 -3229026360.5684905 1597.6703922202096 -3044.1433295687166 662.2917653066124 19975293.024027593 776.5503800462284 78345971903.21301 0.0767084707830844 0.9994814057251784 -2.277692162708381 0.06367700336210902 -0.9607829606722007
0.0 92545567831.11487 266171999415.15503 6401903428.059625 -34438.84677876356 23991.201160526332 -80.03342724225803 76753364.96429987 857.4322255318061 78346013521.10144 0.07670937204178513 0.9994814380619029 -2.2777625328548394 0.06387802322153746 -0.1764402104067766
0.0 9122600.206451416 2764772.780441284 -2768698.97076416 2553.3969562856482 2185.57025347956 150.6740050583941 76275221.9033174 904.1831642693475 78346006782.89325 0.07670895659841917 0.9994813984261834 -2.277744972256902 0.06385233695247106 0.6018804354797931
0.0 232349540076.93555 -61740355775.80646 -5790256007.256492 -105.77584689632931 37851.82584294756 -171.36927414645498 22895473.5696008 775.8088217353402 78346003816.14297 0.0767104180932055 0.9994815908419467 -2.277774867735672 0.06379917261409496 1.115437198072622
0.0 115641976267.53943 104680639698.21786 -5152508259.837944 -20985.04619064517 9389.93639184436 474.0113661667034 23576230.649627082 790.1054974281038 78346008433.3135 0.07671069184292979 0.9994816166026511 -2.277786650748048 0.06381705139732574 0.5782034256001132
0.0 213243585063.4097 25627464005.641205 -6828672144.920384 -13285.28430962354 30655.24955168739 128.7265398316963 22455650.94584682 774.6616188799314 78346005107.6196 0.07671051415609731 0.9994816005349042 -2.27777860959298 0.06380367739203763 0.8201085922656353
0.0 112721061865.86061 100930487875.01834 -4995763226.226614 -20725.230272160123 8516.07860319205 471.61601514154796 23666295.323993474 794.683249229545 78346008512.17105 0.07671069409243442 0.9994816167330494 -2.2777867964826797 0.06381741849879319 0.5875533155291437
0.0 -109664154986.42105 -289787565172.43085 1864750688.6446757 44219.70401538317 -3046.016257987314 -790.092039278585 18116475.739363145 775.4669791830651 78345956896.85687 0.0767075701237574 0.9994813205839598 -2.2776536161805514 0.06361917362880387 0.5984893694746247
0.0 43973843793.67612 21723967050.819267 -3252153781.013802 1452.5813633772977 -2810.0363459403125 669.8919100027103 19215539.49456885 788.5262269628794 78345971530.91354 0.07670847050947618 0.9994814064301115 -2.277691711422137 0.0636750068603007 -1.0820489046531805
0.0 61370073454.93521 16666310017.41938 -5104830038.262768 5094.253100086185 -2231.2117369198168 749.0389663577831 34812805.62505296 794.4762030354386 78345980983.70374 0.07670859167576707 0.9994814031124266 -2.277705783261003 0.06372279139216364 1.0983557734172684
0.0 22849294819.770752 10046897558.174797 -2594632207.9630675 2584.254145205924 -444.01311810674815 649.4606364110456 35885848.92729047 818.7410965325579 78345981284.13416 0.07670857767119535 0.9994814007279427 -2.277705821927367 0.0637247645641521 1.3104007955656
0.0 53427903228.38742 79925085797.03964 -11887463910.919037 -11442.008605636784 -3310.370220217046 1450.420719046931 61220947.798364535 843.0021974649186 78346031513.32864 0.07671100122082918 0.9994816102312598 -2.277821318429733 0.06393337796472309 -0.44226713580502164
0.0 1107633.1041870117 -310368.06271362305 623207.5122995377 1633.549650360721 1921.962258227457 -92.56623457519447 60364721.784578994 870.3090297104045 78346032160.21857 0.07671106900565382 0.9994816175961685 -2.277823642729771 0.06393513377088222 -0.7621904894137232
0.0 138818646432.88428 -68375013581.49864 -14650564519.830183 -3777.8187718851004 24019.123874817797 -294.9214976981449 55377693.24690861 833.4739761361467 78345984860.3523 0.07670820317032666 0.9994813458209988 -2.27770152744654 0.06375354150062229 5.509993606068383
0.0 7851670657.473572 218386059.95240784 -2288880173.686399 2698.225650375133 862.3373438186463 488.99278096749384 55397827.348635755 857.7944921912948 78345991949.96765 0.07670865521608983 0.999481389432252 -2.2777203456284663 0.06378018716921385 -2.022169936091285
0.0 118541696106.03723 176539229809.67682 -3109767997.9243217 -11764.919185193763 27389.291937459362 1166.3763593237409 31642087.742397167 800.6706217817105 78345986145.25958 0.07670901930203049 0.9994814474355115 -2.2777217379864525 0.06373968308699851 -0.5603746912981746
0.0 30222672547.01648 17275402125.775 -2627018661.03658 2079.441563081352 -1331.1719180278524 663.3782220097291 32277701.91953589 806.1702328866794 78345979237.58383 0.07670855859213017 0.9994814023592707 -2.2777029390326655 0.063714237021399 0.7835483483077006
0.0 110127051787.07559 208131461870.03262 579435191.3194132 -16658.062188510157 28307.384823931934 998.9856269074586 65204231.41681978 841.6566042486834 78346005362.57352 0.07670920831352285 0.9994814333756021 -2.277749034205059 0.06383828686629744 -1.869843142289163
0.0 5456742.294494629 5579441.923171997 17291429.392152548 2497.9231153951105 1536.5957535975576 561.2979711342905 64934323.86142917 888.7878906702866 78345997372.62332 0.07670870650676875 0.9994813852037703 -2.27772800118877 0.06380806276185247 -0.6281816659336152
0.0 44100554950.35037 28779987061.802124 -5814591500.633609 -2228.6332184331673 -2690.5824260735717 892.777247273476 75266067.52710998 847.3483434741682 78346003244.7742 0.07670876190222321 0.9994813806061119 -2.2777362879750265 0.06383825275742971 0.8812989389270847
1.0 -4812161.59677124 -3461813.7503204346 -286568.41513442993 1183.9396098151592 1295.400126397275 -126.07464668433427 75071589.57320222 878.925248632498 78346003263.28433 0.07670876909887937 0.9994813814879339 -2.277736474774245 0.06383816919158036 0.8330911486713592
0.0 -321177549590.2467 211053844568.80472 7540972286.592722 -31319.29505796404 -36430.326474303074 -418.6617422536155 34885206.684440285 800.131562702351 78345995629.23022 0.07670952454626458 0.9994814930746103 -2.2777446355256346 0.06377785951265302 -1.3682186832702081
0.0 23852229275.39441 11918939573.814842 -2604766272.4916615 2257.2079047843595 -675.8958038688397 649.28479735635 34706120.26230873 825.0138996427049 78345980563.9985 0.07670856817733795 0.999481400947135 -2.277704743880848 0.06372113092359921 1.147104877766279
0.0 90270205810.18353 137713756005.15533 -2319015212.5279207 -22173.463252327616 3696.4415942078595 532.524984190271 41985968.85593709 790.0742725390212 78346019978.90884 0.07671085965010536 0.9994816150798589 -2.2778042914378656 0.06387491085314778 3.154381290247015
0.0 -10140083.859283447 19297806.22568512 -753909.3538064957 3346.5063882103886 3531.309892859732 1867.394732391066 42596923.69714796 810.9453960116674 78346022862.48776 0.0767110248696995 0.999481630434763 -2.2778115188397865 0.06388622301928315 -3.5265857069699704
0.0 125627537380.87813 49503998200.58777 -4367908559.951437 11653.77230022976 13985.298887768537 1827.7280728267249 75592323.93969944 862.730951902214 78346007167.57227 0.07670900228055284 0.9994814034924311 -2.2777464773738787 0.06385324429423278 0.38777598008203196
0.0 -2684198.694793701 11449442.258621216 8120010.153992176 2705.2452211642812 1899.992598322071 472.43216057350446 75158204.16841154 908.8223280536531 78346005703.87854 0.07670892225079827 0.9994813961861494 -2.277742896525842 0.06384740466659711 0.4930718075573195
0.0 155617783978.27563 -85620451330.33484 -10768078637.38702 1455.712065796175 27363.280274030665 -126.37110344195413 39224038.5447806 802.4151393244845 78345975146.73837 0.07670808255845425 0.9994813497279592 -2.2776871565198586 0.0637043392782628 3.20681579069886
0.0 -117996.58404541016 478508.8029022217 542021.984246254 2648.782482851557 1817.3426308556882 -183.27027046548434 40018644.08660988 826.784551960073 78345981646.45593 0.0767084729868144 0.9994813866465516 -2.2777038596493258 0.06372937885606866 2.2888164112654708
0.0 186561112701.27856 65685008901.17081 -2437255004.3755507 -18252.489700129187 23505.36634097438 1044.6440750477295 73140280.93952225 867.9153589361979 78346035180.9765 0.07671086675911801 0.9994815857861783 -2.2778226257882213 0.06395653722132 -4.498363548107591
0.0 52596656.6194458 5075163.72517395 -1016792849.5057799 1139.838076989552 1741.4474056420731 -1205.6489420035357 72736409.16250192 908.009927235535 78346037325.97122 0.07671101620686976 0.9994816005961885 -2.2778286094393043 0.06396427626293733 -4.947919542836119
0.0 36403378809.2301 84917109431.67075 9640867581.191536 8035.814338679436 5067.996148501004 -271.70404046646655 72184118.42725721 852.4960651403553 78346043690.96036 0.07671143968947405 0.9994816419913913 -2.2778459078655606 0.06398774949601993 0.2827007651522546
0.0 584012.9194030762 -5457847.001159668 7911148.468198538 2163.2917944961737 3442.1281491361806 731.6801165815028 71580416.59692878 916.3789412904647 78346043384.4242 0.0767114387884979 0.9994816424854043 -2.277845520833985 0.06398612285806671 0.18109985830862385
0.0 121919765020.3891 168384214276.04224 11260892224.919592 -8398.178037863134 27944.962766705274 289.02575294592395 33707747.14824521 797.0905055261184 78345986806.58658 0.07670899764106447 0.999481443356826 -2.2777220328553125 0.06374379323996582 -0.17796364476687776
0.0 2878278.7449035645 -5156955.717391968 -16908015.236828804 4599.669759030114 1954.1245490143228 724.8223303040847 33898694.45228229 810.7656272498917 78345978894.4188 0.07670848654742092 0.9994813938457219 -2.277700880313885 0.0637142240853974 1.2449331701916333
0.0 -387033167662.2593 61263789543.73202 4311357210.296683 -9912.747116744016 -49703.102276401514 -220.73605089357278 34585563.30874698 796.1523090070526 78345997644.58463 0.07670966249297975 0.9994815066756557 -2.277750201046517 0.06378519365143731 -1.7401922779813828
0.0 -364067513957.6034 29279906127.5705 5680486331.575841 -5942.813596299771 -53396.65851107837 -447.56181462187 35418203.99763865 810.5321595480527 78345998366.22119 0.07670968281733877 0.9994815078357282 -2.2777515287092625 0.06378855970018726 -1.6396194266070536
0.0 -362699296382.2084 134515463693.26395 6648536156.075775 -21086.340523195377 -44926.93331673449 -329.8158081374513 77516585.71702634 828.3840037894689 78346021137.87411 0.07670983476423957 0.9994814819844428 -2.2777822254737483 0.06390723394545805 -0.9876841839805615
0.0 -282778.830078125 -3703887.3842163086 3181604.439374268 2936.952768668987 1832.2593783303164 1017.1110684700284 76857840.70625176 875.9142524288128 78346009443.7666 0.07670910847473839 0.99948141252372 -2.2777516281298533 0.0638627902914779 0.37721461044137194
0.0 241800873289.42657 -59139113334.11755 -3902247025.433396 -3089.360210940118 37499.27287001688 -183.17908880884983 56697873.885965414 829.2071431352576 78346022824.66653 0.07671058634289885 0.9994815745493285 -2.27780143930869 0.06389718127050692 -0.035155001295826604
0.0 4608383.247375488 1806613.5668182373 -10305861.631001472 1360.9843293239223 2387.1659783215 191.82143292418152 56242937.14799607 856.1531828359279 78346029460.54333 0.07671102411060475 0.9994816172302566 -2.2778193884087647 0.06392174864205646 -1.299795140869944
0.0 219417056044.6753 -105650686661.94878 -6305032423.444649 8601.866593971426 38353.64715941226 -222.06416820601936 48785362.985279605 805.124725955678 78346017850.28882 0.07671051344819207 0.9994815751293593 -2.277793825253429 0.06387226789470901 5.191877707905036
0.0 -4988347.291381836 3781480.677757263 -15032531.475329518 1644.5453553245366 2672.0823060563816 218.34156897122028 48914723.701635584 825.6372097748387 78346025616.57773 0.07671100532109228 0.9994816224690096 -2.277814363612506 0.06390154124986314 -2.433738919153707
0.0 -323472323345.39886 -209641080028.68292 -151061282.04942417 32124.068882984146 -41605.04588613624 -471.6587659031766 34372608.72004847 777.6110043975582 78346000873.25641 0.07670987522832731 0.9994815274104505 -2.2777589282030224 0.063797153461989 -2.1994067151120427
0.0 32974175042.51216 25985643840.95465 -2074177232.619556 604.6096853576619 -2507.3763723200573 794.4044715872054 34453908.18199075 806.8329424092796 78346017458.48093 0.07671093167238502 0.9994816292775682 -2.2778029266682682 0.06385951442786997 1.7071710248715646
0.0 153004795539.96576 -239879727440.07843 -6339734533.089144 30633.74690250275 32431.205081687607 -737.5354163271486 57169407.37834905 833.4682263262328 78346020696.39542 0.07671043587030571 0.9994815595749917 -2.2777954521976445 0.06388955830885834 0.4368382048046848
0.0 8624561.413513184 4770726.290763855 6314523.910926819 1480.065807650698 2382.6241660663363 296.3666826027652 57250376.581829086 857.5397513459264 78346031803.95648 0.07671114257844866 0.9994816276923575 -2.2778249003587163 0.06393134396527156 -1.4721835440967195
0.0 -261387193935.26593 261400681578.5058 8179113958.820956 -38208.85781961288 -26647.47124477306 -171.36654104464463 18649492.51745433 777.1945684266191 78345985445.95026 0.07670937648437667 0.9994814944108439 -2.2777290750789576 0.06372682854661615 -3.695612869078336
0.0 43307952432.46341 20908373585.732033 -3314673113.641059 2023.829868007735 -2689.40250073095 683.3327029999733 19876751.429827053 789.1084332642558 78345972015.82776 0.07670848102115001 0.9994814068082122 -2.277692531587742 0.06367734878975462 -1.0005608138581765
0.0 45211289289.84708 -9358126660.228275 -2780724681.444659 1307.0030013667379 -2716.0647632224936 -1283.2972459939328 73355641.86039516 865.3247679977576 78346000855.67618 0.07670866844481274 0.9994813734247568 -2.2777312937015552 0.06382777499888181 0.805906595961158
1.0 14802292.150131226 -530340.1110687256 -3405670.5050530434 1193.3925616589058 1469.2394005542155 -409.4704758858766 72261683.24671826 902.9116076579423 78346000740.27603 0.07670869491034624 0.9994813770320122 -2.277731761340221 0.06382648036815386 0.5669187792509609
0.0 -371440574776.1528 118362120932.05734 3976841131.8208947 -18651.618057922777 -47257.97833259044 -177.66264002144794 53889792.95515783 800.6880838561704 78346007584.93866 0.07670970014160775 0.9994814917307863 -2.2777629446493965 0.0638377276911486 1.5749060329286726
0.0 10236390650.571045 -325177706.0094528 -2253608825.7437944 2981.7351935717516 532.6009054445894 536.8908903071177 53672480.29956723 852.3811903710488 78345990973.94965 0.07670864625907825 0.9994813902284155 -2.277718973999037 0.06377516287836826 -2.276608835226102
0.0 107372134026.85974 -14341093136.569916 -4401655752.195193 -9363.238152277416 13480.705731052049 -57.45807711889222 36993600.67866846 815.2099808075255 78345976007.13693 0.07670820647711708 0.9994813638352068 -2.277691020484423 0.06370581527635455 2.529758205123431
0.0 21723541137.88745 8194869488.517532 -2454168245.692654 2459.4733689779655 -440.1302020389776 613.4186970717495 37180071.10583983 825.2051501083318 78345981771.66983 0.07670856877260179 0.9994813986234813 -2.277706201082793 0.06372761464762444 1.5450420892536154
0.0 -303213410203.8616 213689780232.26505 17159895692.208925 -32368.534037645208 -36117.15450949689 -1665.503623741024 67449410.18462841 848.3917625100783 78346014387.64127 0.07670971512118047 0.9994814801266606 -2.2777714189722964 0.0638739539924904 -2.4232867337110746
0.0 -946539.8857421875 297341.6751174927 -2069713.918995142 2321.8168051967996 1860.3000598611761 635.4040411519303 67026020.065321274 880.5049230205161 78346000484.83325 0.07670884052821797 0.9994813961258608 -2.2777347880108 0.06382139935053921 -0.6457557276224486
0.0 180052451013.25473 -37529087244.84338 -5573241155.486973 -6740.171134201217 29030.071520434765 -324.2554938353627 71091898.95106459 864.9606910581998 78346031519.56808 0.07671069633201481 0.9994815713114474 -2.2778143494558543 0.06394117184625081 -4.3497824038652535
0.0 -14725935.03111267 17563416.034439087 4463977.066419363 643.704593686929 2185.9775270179452 35.08970818683275 71043278.34180091 914.0758539077799 78346035826.08075 0.07671097280448012 0.999481598037238 -2.2778258234273805 0.06395730957747503 -5.106579236163318
0.0 124163919024.93353 72218158203.36197 -766171642.2627107 6927.165194770601 19804.812660135925 946.8782193844462 20543755.852147568 773.355423360944 78345977121.42398 0.07670878638197043 0.9994814356375579 -2.2777056217581757 0.06369705135899117 4.615612292730367
0.0 40202882948.9263 21982738166.28512 -3241665755.548889 1559.7345649488743 -2460.1953100399987 679.5377935600262 21618353.21355166 781.6629702363541 78345972988.52783 0.07670848926358913 0.9994814059273986 -2.277693882900295 0.06368237341358629 -0.7414147837975589
0.0 76876080435.72504 8125621482.12178 -11103399203.49445 -8912.44342001471 5592.590325142344 249.64321214662985 55174179.785521545 805.5031440411344 78345988100.54358 0.07670841634918468 0.9994813665927177 -2.2777102785209653 0.06376555201193757 4.911296452817451
0.0 -4300243.725036621 15237120.93345642 1212279.2731163502 2510.701012977368 1628.3414538129473 309.0070462037431 55453887.05347118 848.4292588401664 78345991890.48984 0.07670864968466382 0.9994813888443786 -2.277720147962771 0.0637800078911912 -1.996739181692754
0.0 61628820327.80928 -2330701781.529907 -1924196697.3692741 5726.759169355141 -2597.6908200101934 634.4037178011656 42965263.024349995 827.2934899550612 78345984801.63116 0.07670858331066578 0.9994813944584375 -2.2777101555838044 0.06374354982791353 2.444623219678615
0.0 -685355.2415161133 -3428153.7500915527 -731439.3260622025 1758.299143037293 1729.9712590208946 32.45280800496923 43273774.15424115 855.0417149307928 78345983048.27576 0.07670846181818534 0.9994813824355356 -2.2777052797453035 0.0637372067826032 2.858047226883981
0.0 201160912669.2838 58125560783.89409 -5096747119.106211 -17206.81885151264 26881.543565435495 176.85165761950117 22651013.556804236 777.6256388702285 78346005862.20956 0.07671055629415113 0.9994816044131483 -2.277780475784936 0.06380666555218628 0.7543983188829763
0.0 120441765238.69211 100567589376.01366 -5273208759.925188 -21020.614199347743 10294.937975843412 450.22337744189167 23016196.963239793 795.5060391834403 78346007942.96774 0.07671067785521975 0.999481615791816 -2.2777857445514353 0.06381476871333369 0.5196942759122194
0.0 8556797781.680298 138524907908.98566 1660267043.1855268 -7073.056705702587 -12397.465935282818 1488.3576987029194 68824883.00382921 872.9540972459419 78346038468.07773 0.0767112101048679 0.9994816230704063 -2.277834411400693 0.06396548704595695 0.24131857091117515
0.0 15788154.713165283 11250281.455497742 1254174.1086308956 2272.5027567699653 2277.911263406375 627.1458858500953 68048268.56372586 889.1739004588086 78346039247.69113 0.07671128390180557 0.9994816309387043 -2.277837031919267 0.06396780405479863 -0.06305747324676392
0.0 24934285892.785095 81691442066.33487 -581150935.3007748 1691.8869184139876 -6161.051241638797 1884.4355509348068 65924418.80303633 837.5001370752462 78346037666.22064 0.07671124861177378 0.9994816295771393 -2.27783433401725 0.06396019187709268 -0.32847636702267224
0.0 912403.3202209473 -11496370.544708252 -347739.76045513153 1921.2743085886648 1930.8667178247015 571.320625262852 64892429.32417325 873.1509185441568 78346035724.06775 0.07671115652346318 0.9994816216841974 -2.2778299053241158 0.06395208442979694 -0.2641365079030391
0.0 123168714148.90048 72136164898.6608 -1834542127.3859134 5064.483233960225 20431.162418551197 902.5672638314313 40512663.532158725 807.7806208521511 78345988881.6778 0.07670891967326496 0.9994814292826443 -2.277722729250274 0.06375694449373803 -5.192312051974375
0.0 20860816540.024933 6025380457.010204 -3271034849.185776 2646.002259440622 -470.7011261020416 575.422622414026 40541497.18557761 832.1475294915285 78345983341.18063 0.07670856502344935 0.9994813950262784 -2.277707991398604 0.06373615612680261 2.1029347306350505
0.0 68544901072.0634 -23591400303.50892 -1140015188.9869988 9199.61739443876 -2000.3425698742722 473.252532237271 53148303.125504285 818.2430070671145 78345990388.17664 0.07670862506941956 0.9994813886877311 -2.2777177889399334 0.06377254997943904 -2.2988483101107104
