Label Ep_x Ep_y Ep_z Ev_x Ev_y Ev_z t_t m_0 Delta_x Delta_y Delta_z Delta_vx Delta_vy Delta_vz
0.0 -1914323.9655761719 10272186.490356445 -12031359.259037018 -8944.343286106108 890.343938681166 1736.1108951883714 66893497.680168875 841.5095860404443 233634579532.03937 140371876681.43884 -5293401391.949154 -35830.05339441369 30933.208280786002 -676.8877281121161
0.0 7164030.83505249 -2202535.2936401367 -4534039.035188079 -1956.0437265331202 8361.734138768328 -254.25067293127455 39046088.10407826 793.3357662128153 -297847166351.18665 66626878781.827866 4218497951.5125213 -17721.803519570636 -30637.060169890232 825.3954000571844
1.0 -8018020.806045532 -135421.2508544922 12927602.113063097 -1341.1673566797763 1341.6829570692917 218.6471824288966 73175413.36311108 863.2572365987265 279101936511.97833 -182236752503.6582 -6093401097.158288 28939.18046840124 41928.863955261884 -1116.5927805218012
0.0 -7221836.401824951 2306163.9294433594 13337189.176958561 -83.43272778619576 1787.9677084865925 979.5666743554888 76000832.66682841 876.0543164756112 45837908992.01844 -314823917701.1315 -6403239556.027804 47350.10376459728 3181.3564335155206 -1440.7401154781562
1.0 2637249.649887085 583034.2001342773 9529992.584644318 -815.3259825628411 1010.1836266605205 944.7804158930145 73116466.6608828 858.3968969780648 238583201641.51913 -225550690949.15277 -6418449189.260845 35969.90309172577 34735.077142099275 -2723.684618231889
0.0 14731467.766937256 2984032.521461487 -4088027.404731989 1809.060294457824 1421.2167317964995 -697.0852528327052 70546535.96095262 863.0294727536991 -188218840936.34744 -308555301604.1553 -2548009004.457861 43928.46647175663 -29014.983122449517 -1679.3626724855903
0.0 -2809855.9034118652 -6287763.2247161865 -4148584.323887825 -9637.082306157059 4125.001398013275 365.3078768255465 47097469.20585621 824.5625566055425 -161918680097.17114 -142735383060.32388 -3819867108.9231133 6298.790996748363 -21794.674783615206 -867.3745561478097
0.0 -126087.76940917969 1101995.922088623 5622506.1905398965 -1612.9491607979253 1896.6798876073017 486.59310040156515 74662786.64317137 863.5533089492925 242111455100.40585 -197274102798.4106 -6056874009.471042 32415.153613954382 34327.09727972335 -804.46792694994
0.0 295610.03186035156 -7659414.723419189 2461985.8181858063 2749.4142131432072 2601.8210356102572 -6417.632245002063 63788447.43195211 883.2190243790433 -93957836666.9914 -341402638430.00195 -1226237967.1345806 50531.00815460738 -3934.6138376404606 7569.551308560352
0.0 1642249.8021240234 -7951037.2250061035 -5408740.8025949 -1594.3001384662566 6090.183845652753 170.3888857983215 37540353.515400335 814.1637598222169 -333896557658.98267 43150069053.41835 4237857904.7192483 -13477.092355743902 -38856.01003652743 281.30697172358623
1.0 -1281463.140625 -1869632.010635376 -538253.3470821381 1203.6188000577113 236.4036429449152 -1078.1743771004221 66373534.6519464 837.5481892863922 -193755720386.13007 -322954467429.0873 -876242940.1242557 47489.60192213472 -26383.67477124712 3736.72876390898
1.0 -7134424.942352295 5521463.571537018 -17771022.31979227 1849.9861983712772 488.6322390457244 -251.43733039522647 72687106.2844645 867.0298016086218 -121190942521.5635 -322832841467.584 -4182211721.2403045 47162.01958967701 -21628.050417639988 -1362.8533044349801
0.0 -1719136.2574310303 1725263.5703125 7893284.518093109 -2103.160166181766 1752.1418935700076 776.0725211284391 77339430.18394081 889.291233748364 330403428124.8639 -82182821696.57603 -5085854464.719006 13313.195041955798 50429.97456901838 -3496.355480497606
1.0 4629654.270744324 775671.794128418 11594813.293959618 -1172.91311889622 387.8424652986946 264.1071677451199 75844082.85719174 870.6358428200646 291769199067.21844 -108605187303.85506 -4834968668.138226 20380.901838428952 42091.14930093336 -2464.7144039254217
0.0 5958316.602142334 -643448.2435302734 8466892.724333286 -6986.229128058763 8519.015272851922 -362.47695867535725 45164039.89865965 828.4619500836629 -213274976573.4279 -50291148631.85466 -413596466.51006573 -7095.0087821509915 -21284.562248833907 380.76959602720405
0.0 7237314.368713379 1729612.1957092285 -18180217.729375005 -1326.3538139779048 11033.157714082832 658.189614258176 40573353.977343515 792.637065198999 -243151570226.86703 93002038050.29727 4564937213.124965 -21546.47038356981 -18348.165995089385 -380.8524345694796
0.0 -12914222.343032837 5486431.609039307 27196017.527435303 14358.305257991913 3443.1051004956607 -1128.0469294326297 71513988.19429722 874.0423159914969 -38329091227.954575 297535868404.8137 2305113125.6911926 -32368.765910959635 -12937.787169642139 -2631.505049891647
0.0 24242133.10861206 693043.2272644043 -27566398.35819912 9285.68407210041 -6937.122984453952 -501.9468054201308 68890755.17461611 864.7357682298751 202797925859.74036 216311476336.0416 -3593561399.1380577 -33245.50507114875 21046.428300024912 28.456097365529956
0.0 -3990823.380584717 -2476923.716278076 -2871659.5131909847 1348.169644159816 1775.9257670218067 -1150.1661644561902 67954454.01885302 858.360846827653 -196332111149.71753 -289756182112.9749 -2767160758.1979094 40117.57741664828 -30480.192121199263 -1813.7768790913194
0.0 2867689.1529655457 1141812.161682129 -4259935.1245327 -1069.9096035982984 1608.73931555184 600.270857263532 72428080.50277175 840.5782332513626 290858969343.11053 -177417002605.80383 -6158847917.317936 27865.973958772 44727.84092430661 -2678.745291849471
1.0 -9537908.0284729 -5851541.103179932 2397683.3461284637 352.4711772970404 1178.93308943772 -63.15773142592218 68855843.74611929 859.8964110589235 30601357733.825092 -350487539500.7471 -5693988159.245116 53565.43184750589 3384.3527407014617 -3429.8561017546403
0.0 6421526.387054443 -729528.9259643555 -2403412.6579664946 -2658.87603704309 3269.4796080528668 195.82126252923769 77220717.33086482 854.6758083595618 215830514131.59293 -238725963750.46503 -6486433166.572399 37164.612970077585 31786.281781014586 -1373.5991072824327
0.0 2163960.2020568848 -2773919.8811035156 5254826.909097195 -5218.275784297177 9581.095450683319 235.3305306158913 43370940.036424264 805.644384630909 -241250019049.40997 -7874172002.549744 1381089249.5619986 -11272.162412811733 -22912.411424355494 -145.56130560174984
1.0 11186397.601913452 4250224.310562134 -14423582.39636898 -554.2699700978992 -146.17074452894667 77.47331162560545 73725538.89964794 867.0135016951231 70672084779.05614 -291257957858.21094 -6630254783.896721 44555.225045760715 5037.948460201525 -1924.1593825174432
0.0 -4377542.294372559 230278.75286865234 3021231.686117947 -4865.294252997546 -881.2704703855852 796.012189189957 32628818.817866046 806.6965388522884 -178576983385.27197 284480247231.6366 7951550058.523584 -46979.6925890691 -12053.828415981121 65.35386957487992
0.0 777204.2601623535 -2952773.9318008423 3962521.7401394844 -2177.9213940406444 34.51856237060201 -319.9432713816703 77030949.48479997 871.9251703521156 319355639242.5364 70139258766.19112 -1906290745.5145488 -6172.386538538087 47293.09644452104 -1666.8486588297726
1.0 8252020.575744629 4086745.0272903442 11672754.370336533 -424.8610224436925 698.2881081361702 357.27957046505867 68653115.51902199 862.7442179818588 19200696691.08715 -352429269002.7195 -5555971671.457829 53381.430914444616 2008.2412508780608 -3346.8632038767028
0.0 2004482.5326538086 -1573197.5886230469 -20225018.047413826 -2254.2380533853175 4556.281140044829 -322.07998825581836 39582777.84564545 804.4528480666125 -318892525373.92865 -29038126866.84581 2320010147.6255236 -4600.7620888290585 -39384.1613070092 935.6434862621766
0.0 244916.8422241211 1162168.9385986328 -10647366.693572044 -7909.2104825954975 6279.347967642498 -79.69664539692633 46339402.54911817 834.3233973039911 -190181433217.95337 -91839817450.08298 -2105655336.8657908 -1335.6866060049906 -21362.11472253719 33.488486813168265
0.0 1052323.9376068115 -2626759.745677948 -3363144.317672193 -17434.296502531826 -832.4890614825781 918.653634784742 45903148.38367124 836.3670292439913 -28645434595.579025 -284265311621.69617 -6171409633.850963 32366.461877688496 -12128.288166234574 303.68652085939436
0.0 639835.0601806641 -1226394.7952575684 4157508.085216522 15118.369504292044 4553.004043697354 -919.2488182440242 72824562.90037824 878.9697572141923 -67072155438.637436 310193708665.57477 3274907131.1204944 -33276.381424395455 -15633.921129644143 -2625.2389989320022
0.0 7509479.724761963 -11059546.083023071 -11730373.35457778 -13446.991726014996 7129.782536490249 1012.0259256348768 46602206.93320999 819.3912787501229 -118778056021.65594 -221763850837.23523 -5221292853.058266 20539.85256365549 -22266.43503740593 1030.5501199143457
0.0 9483106.688018799 11019555.524414062 4325430.545200348 -1711.335427978156 8482.894318478613 -484.3608840955685 39341286.25594335 808.1607898960527 -290460455459.21454 69265313061.12068 4201098203.6992507 -18244.748474253458 -29107.496963394886 1233.0535692084259
0.0 -12050426.8147583 -8260259.9415512085 3188032.8191890717 -12828.810737966707 -6674.813674982757 662.7007697098425 44833157.30574167 788.123773646209 116919429419.82597 -298158893660.8058 -6657045648.612507 41717.23938999219 9592.739949217415 -884.3405999666807
0.0 -3943714.9011535645 -2931607.5416259766 11895210.846783638 -1546.2806452794212 6163.2360893781715 -491.46722972588685 37224838.248227715 811.3039994969469 -325633597339.19244 75639022398.2746 4831745797.862534 -18012.598654548856 -36452.74029310391 1816.7422750854412
0.0 -820540.587020874 6640534.758392334 -6797856.352853417 -1272.8374559071708 8744.907987599632 217.0330669210153 38566047.25215321 800.3531525654333 -289600639952.5179 95444915694.35635 4864423025.222852 -21304.306034748148 -27831.195778467023 226.08707144718738
0.0 1791597.2678833008 -1024607.3788757324 -2818313.2599482536 464.9186848376048 7203.800976295456 190.18292680864386 35579310.88937993 804.2096753848994 -286074142849.7381 172604822753.20227 6581332751.539468 -28818.89179775443 -27649.964871584067 771.2790060824105
0.0 9322873.005813599 3914761.6026763916 24928941.46723962 -13834.26670802485 -6069.453279232093 886.6415073255434 42837123.468416214 828.259625774799 65547569533.40126 -331900923627.06213 -6270142756.563679 44717.05201957158 3275.1830822231723 431.2846048235444
0.0 -3493619.2176818848 -533877.1711425781 4204072.447303772 -6304.552755419334 -803.6864280092523 4790.819146799047 70184623.01904276 874.8395598705641 111387405597.55946 281601839493.34906 -1153049592.4064803 -46081.15693683228 6718.8306630512925 -6040.66879351811
0.0 -3191715.6323242188 4631266.820785522 -27166049.77492118 -221.12173118076134 871.3737705447893 -592.2133735646267 69623534.82624589 861.1506493817753 -245776669251.48962 -271802427904.7471 -1214019867.1322136 36969.83025989623 -36264.553645549764 -879.6091628932091
0.0 -4409101.678894043 6670357.839057922 12227448.438371658 -4473.905097193341 -282.71390664477804 4424.457838479826 69836271.50070865 876.9727920500969 113836658226.95525 274952492725.9297 -1379614166.471863 -44060.21520348976 7545.456234782205 -6062.56643688644
0.0 -6197172.521209717 -972665.3953933716 23566176.01819849 434.3872113375346 124.68075538324047 52.09091492961534 76190710.9201139 876.1499282235317 -83001937623.60019 -287977912439.40186 -5460228065.352842 40571.56132387469 -18105.50070538728 -653.0160237918188
1.0 3028113.3680114746 6243222.454528809 -10871595.255292892 -752.3764470541537 825.470852536786 853.2679627333432 72313306.26084255 842.1670609981234 231302576305.10492 -242257853835.77258 -6560497006.353354 38007.74542295236 34780.343332668584 -993.7201834683174
0.0 -4718891.688110352 -1435459.3296813965 3010329.837240219 -4920.362053579926 -525.2842489955037 4400.231193097953 70561486.5343549 880.238907966037 128592116095.72055 283207498573.4767 -1278886624.6767392 -45672.08291013607 9987.61137077152 -5862.110908876778
1.0 5803675.706359863 7443380.930419922 -15447197.922076464 596.2879665718881 456.73101834015324 486.12585504113554 74330746.44904749 836.4257445223082 -92102417417.10362 -314017151051.7707 -4967089092.273007 45347.498852160265 -18394.2750881062 -149.4372123698377
1.0 23147.50537109375 5468536.705413818 -13433950.048547745 53.38170985050601 728.9999076747154 373.4796686945979 65811858.92288143 824.3900776314316 -117109825168.95999 -348667055216.07904 -3236231149.3817453 51210.91025237586 -16808.56387547093 -3284.8469982858524
0.0 -4073414.234603882 -17428416.68814087 16509687.35495758 -277.2438597609216 1993.0273273409694 769.5552879735062 74568459.24231933 859.1508341578965 125763001650.7887 -316139439301.6543 -6549377430.644757 48840.0765790159 17951.682430469045 -3257.2298991061025
0.0 -3192772.979675293 15335.738098144531 5799037.823756218 101.49609769012386 1990.747480690823 485.3774586668469 71648503.87998374 853.98414880256 104274894279.37854 -313620443702.7046 -6560556796.599171 48880.10405646675 13494.69538481602 -2015.6361128814242
0.0 6398739.267608643 -6217918.373577118 -13107286.381906271 1315.9507425026513 1737.7780154050706 358.18414945791085 68442272.41768713 847.463030107252 -212052918020.08408 -307820487183.8358 -1414256698.9428234 44607.82809200518 -29418.803959246885 -504.2715838050746
1.0 -3895903.5400390625 -7877172.096191406 -10126615.31353569 -66.82690547423772 1048.9469990124944 693.7521442232155 76425788.536917 904.9397404230285 118371216821.60114 -297288309010.86444 -6660894434.359084 46465.65541812274 14463.358994989985 -3575.933683272391
0.0 11172075.971252441 -1101098.5997772217 -2037772.6985955238 -7835.96781449574 -4036.860467009079 -376.45503979389724 67501660.51384488 822.7178392110902 138329929325.91174 222062002395.56067 -3110044781.68284 -43415.62910981189 7739.525473006435 1179.6379189436116
0.0 -32873431.172286987 61067405.374176025 15674566.737798333 -4658.155493336653 -6633.3102340363475 -2278.196119351522 71862203.68847303 837.6250131232317 6565859619.192169 314049320436.8992 1578605095.2065244 -47075.898492053086 -13882.62342147513 1763.8886471859648
0.0 2953586.7200546265 -7125555.797302246 -8437975.860690117 173.01191588100482 8407.333637097763 -295.987004812382 37322028.22438234 808.7904087497366 -278443799906.5701 141850221070.02405 5898721590.004697 -26075.24504396497 -25546.48479271985 1261.3274543132434
0.0 -3511863.031616211 6629359.216583252 127244.83935928345 -3661.71683214276 9278.953146083224 33.81238594260384 42148169.00736658 810.8558419438697 -256463539286.48975 20317118686.24362 2446835833.341931 -14214.32980326088 -23992.707320648733 161.23605766463092
1.0 2108965.1649780273 5530067.305656433 3146312.300998509 944.2155747057141 957.1596789930336 -453.80975455029295 72776447.54592687 898.4403950013782 -148274889862.27637 -308017257597.50793 -3832841589.088198 43444.06865948836 -25047.241956645204 -922.3595250071189
0.0 -5122248.300842285 -16711173.676681519 -14105091.26184082 -242.7663316101275 719.2997721624706 -1444.764653198837 59836292.21334412 834.4582983362014 -71571878653.71939 -341357808732.7105 -1469162142.813751 50015.96075214439 -4336.394851233534 3415.770254337812
1.0 -562850.8923988342 7392454.28793335 -15911587.610555172 -703.9528906473533 619.9084293696319 897.9744381252644 72157598.3528415 884.8428582605725 276567176608.2814 -199304758862.1895 -6338526439.131158 31516.724250257583 42082.85006106453 -1857.509315463522
0.0 -9204044.909301758 9121730.042449951 3037917.770483494 -1894.9100957000264 996.4693125876347 729.8815021980216 73526464.72936013 871.052264544954 324362607723.58655 -99116289955.01648 -5270371176.36311 15880.630986894517 49067.77795605296 -1664.171159360703
0.0 10235417.789093018 3319163.89768219 -2021659.1190910935 -6228.331441649185 2309.5887337345594 -254.4571671138886 46918428.40443602 840.6322831688639 -146295609887.75916 -180605332281.00793 -4558253669.777869 14551.672796704006 -22386.04355534125 24.47444427661503
1.0 4407710.60887146 1180193.3561553955 -4364777.223538876 -1876.548764278763 -214.54539344320438 362.11850023502313 75484714.5298493 869.5549672576975 327094716590.94446 -30045941728.953423 -3915892453.0785475 7244.59656283199 47985.90741330639 -1806.5131191464407
1.0 9397367.69329834 -484327.5333557129 7145362.305213928 -1126.185903883401 -420.053263931688 -622.1332658646359 76517131.6701342 847.807297989477 294838217624.07117 -82783315254.65436 -4324180353.197278 16449.538583369864 41878.96014188682 -2500.4974896519598
1.0 -5783214.960876465 -3337393.9749908447 -6659347.742713451 -464.1668224979694 708.7793481222216 365.3830167514086 71017863.48614496 889.4611470567114 91917944065.23593 -323362249264.804 -6448297341.597288 49734.99782704246 11505.648279043071 -1620.7189165561306
0.0 -8119599.3591918945 -3866993.476043701 -17953627.989453316 -84.13349937417661 2.538490220114909 214.23101260838843 74878168.36798725 862.6587058081083 -98371246129.02565 -303224871429.589 -5018071072.169587 43059.894055956596 -20088.718864967024 -568.2049959480673
1.0 -8055688.886932373 827023.4299850464 -2970933.8658180237 -128.46477395350666 541.60882289449 379.1373913139448 68780144.9688782 832.513875779121 -14488605905.79712 -350814656056.75793 -5299017042.97033 52735.18940292664 -4246.755908522794 -2132.515854501122
0.0 7848576.216003418 -969339.4395446777 -2178569.5898680687 -2445.1637976594575 5856.089005300708 -220.8967465515534 39033552.56806724 793.2273143618573 -320135609099.7463 10966652123.687317 3221564161.617739 -10513.391890949508 -37322.65733023952 649.0719498557381
0.0 73059.20217895508 6697170.046539307 -400103.77105641365 14416.75828184139 5948.655702450909 711.5956557594523 74021182.25870769 863.3867599161472 -75859473346.87373 326100618180.39526 3799228599.2005124 -36449.55097512272 -16178.860054514018 1027.913290354377
0.0 7699326.127960205 -5916087.466827393 -5516673.711649895 -5637.739231682934 4890.663678429395 180.3531873418284 44292448.02247498 826.5262386376695 -229377316533.24353 -128326819879.75893 -1865998750.4326026 6680.225147314561 -29647.96166369327 -316.2899233396063
0.0 1493678.3424224854 -7591183.321018219 7040905.696156621 -17629.62855935353 142.58950231351264 887.0820860021252 45292855.022456005 814.2315152933376 -18706383172.380768 -297216906434.90137 -6153395031.601377 34810.90255689925 -10714.099400559746 288.9479447344082
0.0 5082302.385635376 -981019.9312438965 6206109.171352029 3104.891185831626 2941.915345106434 872.276755305994 30294624.368497938 810.7835195916738 -100918037985.07861 329058773742.10657 7838405104.599695 -43928.850393248256 -3653.4660768489885 -124.59357175661134
0.0 10838244.407531738 -20523378.824310303 19530911.556329727 -330.49568410912616 2691.5769044404205 367.31181639990007 76238259.93666428 885.9665035607172 83394274732.25676 -307696975184.7346 -6572698705.935836 47007.54868821901 9677.11743181173 -2551.602111710751
0.0 -250133.07077026367 730214.7555236816 1185182.517607689 905.3596370830928 2932.8674156904417 1116.724109471638 76259094.5035635 895.1636920252507 70731000863.65263 -309253248371.34546 -6533963910.415764 47635.90733457533 7096.161164348958 -3575.283577407622
0.0 8647893.905639648 -7589728.019165039 -564946.7109296322 -1297.598458924429 7321.824762971724 -151.31067170869608 36026315.08779757 777.06564108616 -330414509905.4232 102995766472.13446 5529334975.357767 -20894.012862688243 -36094.569137898856 1005.3732344574629
0.0 7750245.437820435 28161450.488861084 -38975855.966609955 -1262.4505790105904 1457.1830352520528 -70.63704077736247 72411655.84888269 819.7533256962017 313946846945.34845 -140646764828.48657 -5881963180.080467 22051.243484155522 48333.28798037128 -3306.076617398646
0.0 -3207391.149307251 1229031.5824890137 -1110792.5886569023 -401.3950043496079 5821.08669029069 115.64492275845163 35143679.59725722 802.5387614435796 -337994029540.6548 112478165632.48364 5858011753.17131 -20922.014874012184 -38586.3248750256 833.1851153780005
1.0 -354114.7403869629 -1152124.3065109253 3918893.472463608 -191.02116371532702 194.38034382853948 5.585883094348603 63623566.120787956 847.6557815962769 -153097380292.65045 -341146798032.4203 -1907284624.52953 49887.84885041053 -21485.877286684517 2839.574030635088
1.0 7025751.759796143 10014817.597358704 -6463142.95522666 1188.4924046211336 897.5273027661133 -481.6894822176414 69111393.30903964 869.6502146724348 -159923280782.54514 -299684069220.49695 -3683089343.5056996 41941.38566741777 -27442.70343142886 -1707.6502331410666
0.0 -7368812.884567261 -8289456.276611328 -8680991.30692482 795.2100520824933 6524.660949226542 -2832.974053387764 60800690.02195187 841.8070319621917 -71249660367.59558 -349104224807.1024 -1878744518.6675308 51664.156069914316 1631.2326571646354 4445.6534947058935
0.0 -5503043.865493774 7391583.647094727 8741399.27366352 -3184.1703606367737 11468.517224625573 377.99239332272515 43323199.66584038 789.6144923471753 -209278066913.77792 44952026362.805466 3030647198.9756494 -16831.22727043718 -13190.806127112608 -361.3036390104196
0.0 16508329.780212402 7235737.347045898 23960251.85171032 -336.4804919098069 1096.717628903778 89.23973090780851 66152973.77768827 847.2583675062695 -133798496925.5444 -341087867048.11914 -3134952373.640639 49115.1355437521 -20280.638357119715 -2683.5533439515602
0.0 -3555525.8751220703 4276074.603302002 -6339826.823316097 -4264.368261932392 364.2886293650881 1131.8678370661141 34406592.52011549 817.1978761595627 -138420452261.94025 264447535507.66934 7933261036.485775 -43274.398901351 -3476.5552116813233 -853.8261258662359
0.0 -589138.5349731445 -323041.76904296875 3006000.0334718227 3713.684200805994 3608.7242479373563 851.6700420801563 32830278.872049574 805.0471304618853 -55208731041.88211 287469452774.02826 7889567654.8882475 -36272.89119376709 6992.306109410711 -64.97148216457336
1.0 9643497.328094482 6094711.872817993 6093301.312828779 824.4056306021121 1430.3071835107003 -325.01153999598716 74764699.07160278 867.3962482718987 -101037208765.85904 -303791822420.6485 -4960708122.895985 43381.1593993117 -18898.214959628094 -432.56939650304355
0.0 17049867.551483154 -1989261.230178833 2151693.3330249786 -11740.078188614993 -7659.350843357879 1328.610354653229 44514598.26383789 795.2464801323039 168350322802.53687 -282554784622.6156 -6681755440.277383 41298.78087760402 17603.26778262625 3373.9813369592866
0.0 -4733088.637535095 7904620.191101074 -22869562.45187378 -4520.9512012606065 9430.816856943491 2130.0524201289304 61134708.81595817 814.4005884949062 82023731192.38132 -324331807287.79614 -4067441600.9663835 44039.96411920969 27258.88096732561 1287.3105783394828
0.0 -4788406.793426514 10626490.093421936 5254959.7770729065 2903.1362329005005 1938.873637839075 443.2521121217329 65920528.200590305 859.8781149274123 -141833889288.3322 -343249385578.31885 -1460236170.939752 52385.085674990594 -15109.83591483944 1534.3394597010488
0.0 -7214123.016204834 5863116.012084961 -7479262.80127573 -2300.872246180543 -246.02946271981273 1045.7323062492303 75586487.33426031 865.2714783337027 330499505085.2656 -7602577324.11586 -3585828802.8648205 3725.0521130913803 48644.558772529344 -1621.8656538589728
0.0 -7582179.450683594 12505270.662658691 -3214819.3797899485 -1088.7285651546663 5531.353081887622 264.3902502835126 36466605.76068491 809.8519210388025 -341673113029.9718 64748863855.03551 4877281526.927995 -15584.324341860034 -39947.414890820626 347.9433440082307
0.0 -7759493.512298584 -339040.14294433594 -1091733.9833393097 -1221.171518090243 9162.536727202048 105.0795261914505 40092841.38945602 809.745579702788 -255063377420.22418 94147669757.9062 4622630250.459465 -21708.15745846238 -21662.380108836223 426.4041192300788
0.0 25448686.2338562 -6722880.0451049805 13527445.790601194 -16448.613695060085 -635.5417411708295 930.5593245946991 45623254.57285061 805.4959558442648 -16262400686.43695 -292116547651.9962 -6218692487.113954 34854.1828879992 -10862.565484940358 432.2659800730097
0.0 19901121.299316406 -3561425.7190704346 -11220909.558775902 1065.6574040176693 1341.3729372195594 140.7776417672901 68962653.11657022 842.8625378567099 -103966819815.02538 -329506478595.05005 -4409758614.863339 47716.19735737145 -18229.73600404182 -2410.8320451051177
0.0 -26689700.566253662 -298609.6121520996 14577196.872077942 221.0560828453381 564.4755588947119 230.30782692706782 71590553.23793353 852.3045536973403 -32676839747.382103 -355923357424.2101 -4866794332.103154 53290.634972412154 -5966.965879972924 -2733.9238733185944
1.0 1414348.900428772 5872754.9195251465 -4039504.1617736816 -781.0391582527882 1759.0579873023362 318.46691392959747 71070652.17611504 844.2215943359761 202279837769.34106 -276621716418.76794 -6681954584.043899 42692.95362614063 31064.114786223865 -3842.8340838632657
1.0 -16640158.240447998 -516150.70207214355 3783933.6649928093 -425.8265730498206 309.1047919127741 226.43201590332478 75835135.53307295 920.8422608794364 25382920125.757446 -317310905577.1445 -6274741528.7662945 47829.77080861648 -709.8987978513596 626.659730858391
1.0 3107512.080932617 -245316.5528869629 -1228099.4626655579 75.1507397782425 1359.1567800636767 330.2529517240614 75111707.08552155 859.1660136742506 -29124505366.23088 -321465008496.5962 -5765690026.431633 47270.57762887184 -8334.676676780762 29.089390738170096
0.0 -7341062.098175049 -1808253.9141159058 9465802.074546814 15090.184251681992 1028.2894580230022 -1050.7477322977597 70851829.79542522 867.9251779462384 -2876639959.748886 295075628583.09607 1358578548.8950891 -32366.824716387753 -9898.207462288086 -2603.264975177891
0.0 18810741.95149231 -16030322.056671143 77463162.74318075 -1686.9287611354448 586.5902967832662 366.54813365157054 77110674.52888775 842.946859551797 346321147315.5388 -26760053748.161736 -4559262523.506055 4229.946044509046 52414.47806039419 -1707.240371949674
0.0 5269952.862686157 -31843928.93484497 20260510.29222679 845.2097897074345 7355.314137796504 -6656.318076922214 59646333.4058461 811.5624558546201 27624050992.91072 -326825219880.91425 -2836267002.8497825 45447.09734478335 18855.91497404979 6555.565695233408
0.0 9034216.84815979 9618979.271392822 5097095.904319763 14218.597626532084 3485.580545482637 -917.3414138936671 71947162.7031268 857.9837963733926 -33558860459.906982 306838236698.1159 2360037754.867752 -34244.43885594161 -12136.65979309436 -2508.41592448464
1.0 3906781.8974761963 -6080230.307006836 -2692620.989550233 -654.4380713515347 220.48374273637455 958.0522310804804 73480568.22691302 843.1252225422952 157477956643.04755 -271877794916.68246 -6659185903.424675 42976.563575940294 20402.69482650099 -559.133167733942
0.0 -11879384.15435791 -12913448.815429688 1432216.619544983 -2385.2442738486643 -3820.677770365871 4854.4499379971 73365484.72577927 894.049653529965 -99892248441.56186 304036567718.6559 4028814411.6387095 -37648.36690241931 -24982.39810107328 -7740.894056696985
0.0 -4839000.496185303 -7933816.76625061 1028989.1755366325 -12847.290333895406 6886.509346974224 407.5805286470537 44879322.31311291 805.7296485478146 -137153267381.30449 -250044592763.22333 -4754102991.762979 25968.852645677798 -25176.887349714656 -590.3297717649281
1.0 13048606.011428833 -1629356.9643249512 -6843865.424402237 -288.49796354771024 1125.7154476982942 350.24418746125684 72803882.38329093 844.888975994147 59148426226.54685 -306173622620.6746 -6522592672.368745 46718.38579742404 5051.603545056549 -1974.7328517538244
1.0 -196159.3645324707 -2384850.444732666 1398267.7815198898 -482.9444459203478 524.2703082117296 -27.11232260727013 72806787.73355345 851.2525151736124 74533954813.43584 -304509503220.16125 -6573630883.093594 46966.897892729845 7051.036299653373 -2218.624927243677
0.0 -9675287.243225098 -19591148.59779358 -19648322.27079773 1583.0195840815413 1209.1797352921603 -5144.859824636306 61428916.84999501 851.5146740984204 -35007716247.45958 -314861148417.42957 -1125927044.039095 44200.00254598132 5733.538614292374 7471.859802745846
0.0 3027080.03704834 4524789.323577881 -3675070.3982162476 -2938.8666372315183 -4277.763891956578 3589.98799715953 72783864.67902665 892.9867344497687 -26867536821.360962 322445032740.8508 2538406874.24965 -44433.92366602678 -16932.246839282034 -5569.431920521008
0.0 6655374.231506348 17468039.310455322 12170886.996965408 264.63605146645205 2297.952217843158 -137.8131478168225 74171421.20301008 825.8049205626718 115088377521.7305 -323161375793.29626 -6468625629.078475 49414.93736119488 16661.477382384892 -3073.479142446122
1.0 10104108.863311768 -3713914.703643799 -10902293.547574997 896.0752544915645 255.0663184490113 460.3507981638727 70751107.21715324 866.639335897245 -90886323931.62433 -350316604735.79895 -3967743797.008184 52139.96206590533 -15149.338790813428 -2222.2281301490107
0.0 -2293499.941848755 1494578.6704406738 -8826347.797498703 -1996.8922061937446 8492.613231060368 -275.53933808837735 40524509.840278655 809.9100525347033 -272742257542.4072 56722897435.55411 3682228230.796768 -17493.11082040818 -26028.69685405658 873.4465445562305
0.0 11374780.079650879 -4729473.313751221 -3174802.5567646027 1666.5978069286139 2432.150782205179 -6407.43632995869 60023790.0689843 877.1684864796639 -225619223257.3314 -298056166942.5374 791774989.4921923 44146.43571475602 -24524.909766662648 7364.622773908762
0.0 -2640258.7925720215 5454106.4120025635 8012734.480152607 -2295.859296750208 513.7574857655418 371.08601504300543 74164801.11486971 874.2894911079039 334393925004.02124 -53149328164.17665 -4606937319.70262 9080.717311865435 50305.555583933834 -1570.2723610302096
1.0 7977758.004333496 13635997.533111572 -3016485.1904907227 -743.6033682365414 486.38882550500784 331.15929054147637 71628263.36721587 839.1852092612571 252280083631.48553 -231344201903.6629 -6552107805.806755 36573.769512861625 37965.816985928395 -2528.812983165856
0.0 12123372.118362427 4860605.927703857 218971.66226387024 16085.135695269591 7698.21726996731 -768.0110875475483 73370619.7522568 866.8414644098165 -134501618491.54253 281336324970.5985 4684763120.202438 -24332.993276957866 -24977.2555435666 -3097.3396048451405
0.0 7970694.401092529 -3355771.585281372 -635959.7393474579 -15374.75205257857 1546.609649093487 301.7076835654774 46868953.66895728 800.579028967679 -23732045755.798325 -267196395508.8281 -6327993861.399345 31011.19472582364 -11522.109661187082 -874.7807409177526
1.0 4441520.339752197 7356383.347900391 233076.69039869308 -845.7021357331578 153.65986406012598 3.4276917552136865 73066760.75064102 873.9565941852034 17362767750.379776 -302473022766.1079 -6369409174.88214 45263.95073067954 -2960.186841464203 -1638.266121766934
0.0 -9152719.275245667 -7755287.195281982 15576257.177994609 2190.226971788994 6112.6405111675995 468.349663912415 35615862.56025661 810.5596415800405 -184302591763.5161 233783248239.90216 7575743254.228087 -34627.54764265224 -10698.438410232458 302.9523285791919
1.0 3528143.9174804688 -12674589.82787323 11767113.795416832 415.8435988752908 618.4627500639035 88.3788906574946 71187631.43242113 830.9691730725592 -37621728959.15199 -357781928385.2307 -4698358895.922355 53633.70602642161 -6661.539838680525 -2769.410264679312
0.0 -727738.0654792786 101227.625 -14960725.108604431 -1316.6679977729473 1428.8936376106512 552.634462897822 72096165.00751194 859.0340984675715 247171243056.1574 -231029685050.4737 -6520122578.555095 35800.622716015685 37224.44389771081 -3079.96942764649
1.0 -1973496.181640625 -3275319.8895759583 -8860741.88310194 860.7662367846924 1435.0251869907188 306.7159819698737 72134157.10619576 860.4931929486571 -123796104111.09633 -327706490010.1873 -3988490018.0482297 47183.4247366707 -20454.437437394412 -278.9530636298075
0.0 33939439.39501953 5006875.179599762 -5504356.665098906 1156.184695089617 925.0315347864998 -805.095541759499 68179731.37471226 840.2545079936782 -155648182386.083 -313983085681.6117 -3487044361.127403 44657.52971454938 -25849.001056618297 -1336.7134931375185
1.0 8818754.27720642 -2758823.8076171875 -14929207.840579033 -1429.5254797505331 346.0944205774049 512.1101468483217 75305951.06892434 851.08260809889 265870160983.5888 -159225911347.04993 -5563283733.597939 27083.594267597997 37407.23383610048 -1380.2241413093245
0.0 304189.6258087158 7448333.263641357 -13940360.46517992 -983.1266551331646 2262.6743640199843 1092.4801503803253 77192488.03011908 863.7198597412045 141767358941.86432 -278934064894.31836 -6678631543.024983 43238.731601331405 18163.129982673225 -1788.7348544124284
0.0 6057754.984863281 -870481.1336669922 -5861448.815448761 -3851.676919017833 2915.593160583023 5362.734740505931 66798238.351000085 882.477648265696 224474223319.2968 147930069348.80786 -5174099993.81274 -31453.079697668105 28375.380342776036 -6600.045479199745
0.0 150815335.57243347 520814272.9628906 16845886.665442467 8627.873954366638 6443.709994482049 823.1727801976292 75704651.61605619 947.1765271951141 -241403205341.21808 209980367243.40173 6954979924.811671 -12750.399615450082 -38083.5956541662 213.4472708696731
0.0 -1279062.4232635498 -4478120.662353516 9935303.259346485 206.34798362386573 2029.7321906697507 754.5006779568309 74111621.66104707 874.8855469452069 37729489609.54842 -337373082032.7166 -6057493617.139238 51064.74815289058 4110.5384675238165 -1675.1120853929765
1.0 2320017.1704101562 4099878.8816375732 -1543368.1249771118 528.6733270464301 -667.1461356321051 -433.6653402685249 74032961.46411435 817.1145461895057 -142445465893.86853 -293205023281.1957 -4235159076.7455535 40110.661693892114 -27324.204939441526 -1454.9161775340185
0.0 14011981.771911621 23361822.649871826 29038442.908346176 -872.5774474494756 572.029682995646 -604.9931864821439 76123128.2965458 879.989705961778 136077085945.07509 -235101231771.4829 -6486329486.293683 37513.54674078582 15430.75269707863 -3042.055458145903
0.0 -853191.0478820801 -3203239.654937744 -519049.1681140661 1146.353035154145 2087.762374762424 194.82383031591962 68690866.40676351 890.0833468772091 -146708338414.45642 -312974114002.1179 -3765490130.255795 44508.52009969651 -23926.27732401552 -2187.444633697495
0.0 -1705216.710243225 6968122.638061523 -7441477.61026603 259.1000493405809 7815.612385767217 520.9530807204591 36288485.35146544 803.319742135412 -287011676672.5868 156583578554.5785 6262267043.798355 -27083.57153218714 -27651.40120720827 45.307009698857684
0.0 9251519.478271484 -6946139.452877045 -13305629.490167618 2219.995703000457 1140.1936241769108 -1548.0065662565362 64201809.591403894 837.8572487287717 -178722261139.00797 -323129134295.9515 -149257133.02255902 49013.495566868594 -20127.473014558633 2958.643782884561
0.0 -221218.7853088379 2244315.430709839 3981308.9741010666 4808.420593630812 4040.198899180403 973.9060019384668 33348337.42697722 812.2137901235558 -37980978612.52103 273481719762.2857 7861772551.845508 -33015.134757354965 10184.544382400336 -184.22947316113567
0.0 3812462.603088379 -3836395.058441162 -7540562.792644501 -5569.891366040776 1130.2548928992692 5067.377729706959 68475919.62100682 878.6671337406084 210892383942.63617 201435338608.86633 -3982099520.8214498 -38535.02371160762 25085.657100858345 -6181.375697109171
1.0 -6626598.596801758 -2172934.319961548 -1810589.7031085491 1313.149604539829 1069.0797583522617 -5.578494589650404 71474705.28939398 890.7446014700668 -126659110403.18869 -332791396261.2984 -3749748244.649361 48454.09038242945 -21107.499628884416 -1147.7415113901732
0.0 -115543.62252807617 -16780591.207489014 4455436.11328125 -4082.4843755799684 -3155.5928781376388 4539.426258685542 70254648.88573033 855.4403058931346 29142202382.821686 288965604795.8107 473073902.18826485 -42517.32926767557 -8512.04812013671 -5908.062602005489
0.0 -2138962.8657226562 -327021.98583984375 26237091.448788166 762.6729719795421 1064.4360637730533 -86.77318996778715 68423874.32420395 882.2260207929922 -219259068621.63593 -302943008248.52625 -1285192002.036544 43165.34523565974 -31245.616705439952 -290.44886020530004
0.0 1269042.527191162 9392302.123809814 18687145.516971588 110.89880500990694 1567.7168585279032 377.88377530475236 70147614.5945989 863.4435142286578 138635473453.34308 -317184759547.0883 -6525189564.372348 48926.35484959412 21016.65172382707 -4037.1667241884293
0.0 11528734.63809967 -4789677.345733643 19963783.78914261 -715.8254774879897 -403.2900306190513 -358.3621116676133 76938881.5089617 881.6831508756751 317044536045.94946 7755485483.76828 -2880790289.759841 3539.2180561634177 46782.04058132836 -2264.2672557042165
0.0 3435973.82522583 7287755.4630737305 23932337.863919258 -14958.75910429704 -3962.1931763145512 980.1561662381431 45550455.71530048 825.4827175565944 69545156552.48428 -297213790921.3108 -6603155231.066229 39322.8588752357 1293.7514295680594 357.43615945878037
1.0 11893392.48461914 -2992566.8346481323 -1199029.5927963257 888.7550631153663 1149.0187325062689 242.3378870830843 67933257.70448147 858.8025600964362 -107947625802.4313 -338105149215.92834 -4058109477.9446774 49280.96581579871 -18275.650250490453 -2103.460134292747
0.0 8313375.781829834 474626.390914917 -428919.31351852417 -4047.406359603497 289.8521363868349 4372.6166751643495 69710421.3540786 880.7620699477386 135962954461.38106 266210041421.45377 -1867506560.631071 -43126.34010143741 11390.696918841171 -6365.387344530954
0.0 -8788691.75906372 3446344.8939208984 4908681.495067596 50.63045138580492 4189.8924920877325 -1605.6470055332645 62340478.66751568 835.790268567191 -142071184569.50952 -343665250704.37354 -1533816732.7341712 50516.317090933815 -13078.813913711867 3321.6194070770407
0.0 -18253355.87398529 2567008.084503174 -23570665.3776865 -1635.0750892098367 1242.04641976299 465.9294351555381 73706010.08843996 870.1612771606622 310593276090.5219 -124803756020.64064 -5485688476.115131 20352.165487345424 46786.29450092777 -1207.9520481621744
0.0 2964611.6128234863 1345683.6266021729 -3320500.5802726746 2600.5014739794497 1841.7010889011872 -5826.013328196522 61630660.11784009 869.1384014532507 -66508981899.121796 -320275016967.0244 -705560144.6118358 46671.36780960556 1528.814639498989 7819.072297213397
1.0 8240457.449737549 8434166.408462524 10106266.981764555 1139.5898631990676 1454.1257637181116 455.0534588293162 73839721.41964151 877.4512142879308 -69714519702.48665 -328099459265.3235 -5095171416.172892 47963.99482194797 -13492.386507331921 -419.9468502429266
0.0 22550084.265167236 5932144.389984131 23254622.47854209 -13011.877382938384 2821.6413148763822 666.8620501845139 44450074.9107081 792.356956134851 -87857681465.51761 -289048779840.2624 -5371306795.489825 35268.164404087256 -19891.9469501597 458.9717350433418
1.0 -3216111.7250976562 -3964823.9442443848 9984143.00467968 -805.8570617432233 669.2327755950319 -370.7754848453035 75097709.6423114 846.4451479019499 211604937700.6299 -214574528150.3766 -6207817808.18482 35367.031773508344 29043.140191320934 -2553.268386540449
0.0 1115320.1780090332 9543277.026977539 118219.01493883133 -7244.436462984126 8656.48338210354 109.62604607396113 46219729.7803574 833.9672056838248 -188482473829.07617 -49707708535.68738 -807854223.0120791 -7352.655258981071 -16750.644540143672 -337.4219592712708
0.0 1415426.9434661865 1851637.8184814453 -11495549.592794895 -4238.972260428789 10709.28827887489 -242.87658951193282 44095477.38675064 812.1074189710943 -207522121324.69476 20651934766.545593 2115787042.2016563 -14922.077523827442 -14585.10636512001 331.57742939747806
0.0 7362708.013519287 -4461258.6043281555 -807455.1861572266 2182.7072304518315 1243.4977663042373 -67.44024802868034 65587036.5171022 850.0661445532553 -143993024044.16895 -341525662307.70935 -1285897500.6823847 51930.39142464699 -16044.972128410638 2193.105988312335
0.0 -1542655.4245605469 2525129.6800842285 9915036.896533132 -1484.809102800802 1195.8541329063764 899.527588733436 73293039.18664438 840.4685564582503 243593251102.84424 -218521613791.03967 -6357104250.644731 34751.77732132155 35876.42784322359 -1185.8263013788505
0.0 8454683.947692871 -1030726.2131195068 3169345.5022621155 14108.871340710746 -1572.2116534533088 -1850.9829722686118 71033712.01495744 870.5308649345415 36814908059.14528 303084953209.3135 662886337.2766535 -36050.00177534624 -5226.104476667959 -3663.1720715772854
0.0 -2821412.221221924 6390845.620254517 3830172.4047031403 1622.9032806222567 2021.107452281536 520.04833737554 72889694.53413074 858.7623724275634 62391701434.896065 -345159026199.61646 -5981204702.585199 53165.76898977917 8754.855212043545 -3768.239590585806
1.0 3044846.9728393555 6055115.645477295 -5145604.544124842 -462.98581951276356 900.6482067653014 849.3637165997407 74694573.24611989 845.7499124683912 10649559570.225128 -331232881116.7434 -5986626840.184427 49312.53050265093 -1273.860561046973 -607.7329120131521
0.0 2431281.829711914 10699118.465576172 -16974240.22018242 -4560.515331874385 7054.908850386701 753.1031794459002 42083106.047075786 818.5167604227316 -277854064526.81976 -53029170818.10904 821363745.5938151 -3113.8830149516143 -32175.182795818204 -1004.8979551190662
1.0 -3411801.0678100586 -6543960.067749023 3282472.238243103 -390.72026091139196 1100.6819371517122 551.9859656168655 71096320.48710889 853.1953325054424 114693350373.26208 -316775269523.80005 -6540892329.495966 48874.339417514464 16178.434860651018 -1964.9165942229265
1.0 -565436.8927841187 4347691.288452148 -6904072.806708336 -1455.4030932750866 808.4394782027193 415.887756646654 72695609.92861359 850.8046781134508 338992876284.643 -75662122742.04366 -5246550389.596441 11321.764155595056 52396.49045841259 -2209.0274351578255
0.0 -376911.1464691162 1003885.5308532715 -2527258.2087483406 -3404.182370492257 6969.689159805061 402.963166166344 39987075.49967513 800.1487712475545 -310097317921.0984 -14908507654.223602 2415144102.0290575 -7578.089112306821 -35803.226865055185 -118.68398836677329
0.0 15703417.660648346 10514833.038391113 -15273322.355941772 -1222.6055615810983 1855.5111089814286 1157.9965353888301 72948401.49781317 867.9921465964733 276191384506.2711 -189228109728.15875 -6177067246.207622 30318.98107074584 41815.209107753166 -3085.7945939228075
1.0 1571164.8701820374 3658678.565185547 -9991985.70535183 -1092.8068414622685 5.041660804369258 560.8882969286508 74516585.9750068 834.9652053876054 254701431970.9154 -187482488781.93558 -5973244781.157945 31014.557821563194 35893.01963644229 -1705.8841144130547
0.0 6760025.5425720215 -5394356.776100159 -5758349.033764839 -1883.3478498543755 -173.75511077652118 731.3735031203803 75769833.56631902 865.9757188852918 332973322472.3363 36371157169.04785 -2919108146.4476805 -2580.5439246565948 49268.826504134035 -2135.9425149237077
1.0 -4873199.590896606 -121337.35375976562 -4246185.337316513 -1019.4140648473731 -851.0919881200844 -367.4490027842928 76902409.69769564 848.0229053007972 308371561017.0375 -33001590605.734673 -3494950376.5291786 9336.368970581221 44307.67109037993 -1852.2237629398705
0.0 7561169.959228516 1619098.1482543945 -15679006.707299948 -3322.2188367703493 5808.639367233302 627.4164073391239 39365670.91935133 806.0944555487429 -323808561303.80554 -49881875448.130005 2049434280.7048385 -1436.2489100494531 -39835.6779934574 -768.1252036023561
0.0 -12824079.564346313 -12160359.310302734 -14351814.122325897 -1107.0512549923515 147.64588528501372 -121.68816900204024 76974360.61099005 874.8291711748652 301961335013.1631 -49243823646.91021 -3711984014.449227 12126.599393051025 43887.28451859947 -3392.7518503448805
