Label Ep_x Ep_y Ep_z Ev_x Ev_y Ev_z t_t m_0 |Delta_a| |Delta_e| cos(Delta_i) Delta_Omega Delta_omega Delta_theta
0.0 114755105534.31956 -180250800360.19894 -2897226867.89449 17788.68501075646 27808.573912478965 -660.9827367552558 17590455.093064394 768.0905711730272 78345960707.56677 0.07670782970440677 0.9994813461453855 -2.277664110981059 0.06363307322813228 -0.02230324971559039
0.0 43966965833.1976 20707192881.4646 -3482255442.187244 1594.9105912576806 -2767.824719556582 673.914853973932 19142728.227754172 785.0689290878762 78345971472.4946 0.07670846903134512 0.9994814063574844 -2.277691607768931 0.0636747301110745 -1.0903092890012887
0.0 66311596134.80136 17880539874.014027 -6339339775.411312 -3724.529474217131 -3359.204492195222 506.88924393953016 36684526.85949764 777.5551571157523 78345979714.97357 0.07670845277966726 0.9994813879052266 -2.277701088488234 0.06371949924750364 1.7978032612190624
0.0 28351025556.77829 11429784982.493683 -2795336118.841341 3111.942959100601 -283.4062469611854 690.2324212274087 37094166.96137106 789.7802095859656 78345982151.7204 0.07670859569546495 0.999481401304603 -2.2777072714193336 0.0637289745586136 1.453850549225095
0.0 92126675607.48975 33595625245.286865 -2624795629.6183867 -11731.830575030526 4854.737158990105 25.544570591231604 44190622.844217084 816.4669089839695 78345982356.90121 0.07670838931812687 0.9994813745555078 -2.277702794377702 0.06373533160777711 3.220610933055448
0.0 -11057669.404327393 -215961.48974609375 8341995.31413579 3405.217965686129 2104.9025422016493 9.10582332051274 44095020.899879724 837.7487761682991 78345985205.61157 0.07670857416363253 0.9994813924882124 -2.277710429177246 0.06374595659639937 2.6570335862772234
0.0 -131331731357.53983 333820903799.48083 5908450881.431117 -50086.7324009735 -11888.722041694065 -64.4978469646519 67918817.83871964 849.2142376714954 78346011381.07971 0.07670950863591344 0.9994814597472805 -2.2777631003271406 0.0638630303464689 -1.9858676660933048
0.0 4326075.013702393 -426481.07441329956 -13951442.581134915 2315.3486210023166 1616.8685572222748 302.0721652999261 67672976.6883562 876.4219198597913 78346000421.82379 0.07670881649610559 0.9994813931836392 -2.2777341627924383 0.0638216719614606 -0.47731494967998356
0.0 108916410830.33755 182632690444.78574 3526738596.423424 -27049.5874115656 5595.4151690779 1135.2742495238572 76493036.29910287 865.1731789523212 78346039479.30142 0.07671103751157768 0.999481599037018 -2.277831670898914 0.06397532177163523 -4.401440236642726
0.0 9201828.327392578 21920146.463806152 -58664842.035283566 1314.8918535768844 2233.6726648699187 868.0710944655776 75774304.91598836 902.3504845960549 78346044282.0835 0.07671136639568597 0.9994816314643417 -2.277844937360059 0.06399279606331376 1.0431087950276743
0.0 64031159528.51305 26355339409.964844 -5668048798.1563015 3444.5712413792044 -3532.6149860128753 -95.31252086988299 64876411.33980589 805.0230653970939 78345997893.9483 0.07670874158422084 0.9994813886451359 -2.277729426989186 0.06380997535940924 -0.7322187760253325
0.0 14609145.32546997 -6337070.322227478 -5414904.854575157 2109.0141021765635 1509.1508120793078 256.6680392531029 64196360.70187523 852.5477604486738 78345997206.19763 0.0767087187041785 0.9994813870912712 -2.2777280813528353 0.06380685671134767 -0.779724858279877
0.0 63748645488.38953 18362964562.109436 -4559801303.185987 7332.214793183461 -14.338147219579696 913.0816211555825 24875230.985031728 783.3472165537206 78345976093.65347 0.07670858679615748 0.9994814122060639 -2.2776998263195836 0.06369660062704696 -0.46549104765792126
0.0 34647923110.67111 16739257379.552948 -3167327758.8224697 1931.9116624606431 -1833.7796368925774 671.5866157258588 25667067.75842335 800.3253948387263 78345975334.00684 0.07670851380328203 0.9994814043990724 -2.277697248066377 0.06369437059916994 -0.15524983594470276
0.0 -334478227912.91205 -194500582039.39868 5628415127.020629 30194.39093248498 -43173.75849816491 -849.0223807949593 29343153.929509327 789.2992171232286 78345997730.1659 0.07670983009370533 0.9994815278949799 -2.2777541383668467 0.06378138826785484 -2.976190886965052
0.0 2789016.142211914 9628980.283615112 4417505.956900358 2394.68217406019 2111.7553507622542 70.22804993811977 30134584.583616663 812.7203819640105 78346012825.37546 0.07671076943821045 0.9994816177792438 -2.277793676294328 0.06383871149776965 1.461967887056733
0.0 72628322818.52222 37016416519.22873 -9439778979.208576 -9026.296025609136 459.62806760545936 525.1718500681691 19851493.6741239 779.4380740185874 78345969370.15396 0.07670831287733536 0.9994813906040783 -2.27768552165229 0.06366739129896448 -0.6230453373411775
0.0 42145381714.26343 21430046832.124954 -3525050890.4395633 1463.662346952775 -2663.313005342705 682.0748553658141 20584386.682114102 789.8448500919263 78345972350.25143 0.07670848048831484 0.9994814060757569 -2.277692919146531 0.06367916199599666 -0.8859752934564769
0.0 13027927281.844574 74481153706.71187 1505946035.5239825 -1329.737535080776 -6326.007937710499 1362.4214710322738 66574601.883319415 830.6671192777733 78346038231.32156 0.07671126458444465 0.9994816304928089 -2.2778353749916893 0.0639628263206724 -0.26052310174538973
0.0 -18166070.62854004 -24235666.380508423 2242115.333830714 2309.018203115631 2004.4007321640565 549.1565821946157 65411037.47180405 881.393299653897 78346036253.55307 0.07671117429141747 0.9994816228997216 -2.2778309448050527 0.06395448151841343 -0.2253798267986682
0.0 -190334964465.5279 -308881216986.126 5782751507.138125 47871.736393469226 -20416.648727406613 -1208.750571688795 36940866.86291201 796.66775823701 78346004184.39294 0.07671000721209628 0.9994815376757388 -2.277765906184288 0.06381161240358857 -1.989712139217199
0.0 -4971119.910247803 -2936395.5394706726 2868318.07006073 1955.1785720249363 2314.639151823052 1363.7932955528797 37292805.49521462 818.5155051050383 78346017661.45645 0.07671085683132206 0.9994816193240191 -2.2778014567889002 0.06386251162894574 2.391624012479464
0.0 56368785879.73367 25891267044.67457 1944093923.836398 -416.37391309100803 -3708.427761381994 154.91996748881013 36928923.09280093 785.6625322761755 78345981039.12457 0.07670852976740064 0.9994813951005123 -2.2777044329271865 0.06372466537602417 1.6165018992061282
0.0 2312917.173324585 1508391.217163086 10888623.313024282 2946.741783933132 1062.528332573589 -824.9971272453715 37629729.44364023 782.9572143913952 78345977569.68924 0.07670828657123119 0.9994813709534839 -2.277694720974799 0.06371218525535483 2.4232698202395424
0.0 70859037863.61777 96940581371.71548 9338323409.417274 8814.269836556552 9082.576222113952 972.9016620244597 66453337.94210424 851.3007450391059 78346002817.25937 0.0767090071642853 0.9994814127598434 -2.277741389007309 0.06382970952723799 -1.1721915709293427
0.0 -375972.49990844727 1619772.2774505615 -1967596.9440498352 2404.4259356203956 1956.8712921446859 542.0678961289284 66145059.48547251 888.2373421979353 78345999570.4226 0.07670880938974366 0.9994813939684065 -2.2777329824693133 0.06381727117067282 -0.7079636500257416
0.0 -267010558555.37198 256033918890.73145 8998633883.77505 -37749.113447202966 -27790.261951120425 -240.8642564762947 24406489.502309322 781.6013842816595 78345988827.29044 0.0767094143298209 0.9994814925226739 -2.2777339829151417 0.0637440613715965 -2.8541115893357727
0.0 35628403711.12866 18365601660.369377 -2953748835.7446647 1756.662813434592 -1980.359851802681 671.6900030682149 24856572.179762643 798.618581795939 78345974897.87451 0.0767085110233371 0.9994814049109036 -2.277696663128557 0.06369209438681 -0.27760049608426574
0.0 -5088730793.368332 -336875690034.4459 -5205154828.758553 48674.6908698855 8880.621722807853 -551.5671582977528 43265298.28629905 817.1509341424164 78346010065.9076 0.07671018714293396 0.9994815489530766 -2.277777053768325 0.0638386830017037 -1.2518849034809914
0.0 1463498.5155792236 -1658645.6062927246 -55365.97545218468 2170.9534736287933 4110.464378599765 608.6577432631547 43718956.37788514 837.3618354179229 78346025421.86484 0.07671115358263893 0.9994816417750131 -2.277817523368264 0.06389671974994293 -3.7267908974390176
0.0 -231600213377.97394 277687677776.28674 14227753998.39842 -40213.488433218714 -22433.64543593546 -550.3807194374336 51944861.329472266 831.334709870591 78346004134.34229 0.07670953997525054 0.9994814781453304 -2.2777551550948996 0.0638232355988313 1.5301443483716473
0.0 9311373143.106903 -2270093530.953022 -2535499293.8865614 2638.2984593751125 147.9538423383019 370.8511538885578 51980319.320744075 864.5702155527182 78345989132.6069 0.07670858102512709 0.9994813855608966 -2.277715280287132 0.06376691440236826 -2.357575019918369
0.0 -397577724875.18506 -32530929228.843956 7793914919.343563 2939.5708138118193 -50830.637812747635 -1225.5511720039592 67172009.89491959 834.4833405454556 78346017155.84772 0.07670990044918487 0.9994814982790563 -2.277778968582642 0.06388413348252797 3.459665928868893
0.0 17016576.867492676 -2155763.647491455 -29685869.402917385 1073.5793385444067 2292.923703948476 65.00858178127362 67203682.56752238 873.520118906858 78346034545.68695 0.07671100980236761 0.999481605302281 -2.277825139499412 0.0639494776549343 0.4784750027624298
0.0 -108183215352.23578 -351058117028.3372 1224100078.812378 50382.49273336934 -5235.528122914373 -1142.93628963143 62823054.6805419 840.4325918782924 78346019877.93066 0.07671020875665918 0.9994815322173485 -2.277789277062826 0.06389093458523476 1.984933812299818
0.0 31470977.75817871 5139799.100154877 -6495421.693157434 1211.6650734804907 2232.60081343809 439.1091276475678 62419074.64936337 859.2693761139201 78346032969.42334 0.07671105713628662 0.9994816144738999 -2.2778243384133687 0.06393979047709841 -0.40155590120939144
0.0 -66001949462.63753 119936432986.805 14196955070.555689 -4141.869319258429 -13005.865210503332 658.8496596404273 66547859.15453641 853.4338572538088 78346040167.41003 0.07671138902982752 0.9994816425266607 -2.2778405368263774 0.06397007755041262 -0.5670063745246786
0.0 4002857.530670166 289710.934135437 -3904271.5297818184 1201.4490200572618 1758.533555076785 -730.1271965031549 66130082.39229951 877.9642578840954 78346034519.27518 0.0767110413201224 0.9994816093767221 -2.2778258291140783 0.06394853330615469 0.2286205527889864
0.0 -105540708275.80838 311880640571.683 8806271764.007868 -42488.498301512554 -1596.2670074728376 -48.63226946374493 21358011.6196814 787.3276867232609 78345984750.3003 0.076709248298835 0.9994814794333569 -2.277725310411633 0.06372634772120289 -2.8857716798523505
0.0 41137543474.057526 18586166783.536453 -2965399392.365962 2073.931996966656 -2375.2949808733392 673.7639843877921 22203801.38831273 798.8628266622806 78345973387.00253 0.07670849659935682 0.9994814060720215 -2.2776945270704188 0.06368433102012716 -0.6655217242372489
0.0 204872905191.14313 43510175203.59726 -5733339686.768223 -15997.816346837486 28063.31349541911 247.86272749215925 34236013.25228174 802.3045186555713 78346012239.37207 0.07671060517386284 0.9994815979816482 -2.2777892171409957 0.06383973902671425 2.5987951169676284
0.0 24570001364.546722 21889101013.115204 -1543130026.995867 782.1347867860695 -1376.0387195795229 799.583556377044 34594231.663316004 824.5683326437655 78346017865.98877 0.07671095335166492 0.9994816312344346 -2.277803909842844 0.06386115556111793 1.6670141528573486
0.0 139979478001.62976 -140920555152.56815 -6761482284.036444 11179.124480382094 28651.146369128106 -434.56327546350167 28131581.35357157 783.1254793043298 78345967558.79004 0.07670794113742575 0.9994813467547885 -2.2776748503402904 0.06366710561669553 1.620197275946611
0.0 31261634125.17331 19217440378.160698 -2918162391.5227265 1841.65813645055 -1617.7784208721132 699.3293996594916 28748659.769575696 801.8528096549943 78345977364.3992 0.07670854813585962 0.9994814047467135 -2.2777004606756375 0.06370442294298417 0.24767760073330836
0.0 198852016832.5672 -44267773327.0141 -3907391678.95425 -4660.820478777943 32473.509202181907 202.43152702349474 66153428.12597662 805.338986112853 78346028798.8725 0.07671067535317241 0.9994815740394082 -2.277810617256419 0.06392706486372468 1.207112617420469
0.0 1502755.7252807617 1665485.6706542969 1727163.5641222 2303.926519081412 2470.8646301407716 715.7886700034742 66014761.7169397 863.0511711266271 78346036909.77722 0.07671119751912964 0.9994816245600663 -2.277832260711978 0.06395742166381524 -0.18577358151226675
0.0 7416788437.528259 -265625898800.51138 -2232860945.9398246 36788.472854312684 15112.100903956743 -669.2716053375266 30907699.21669542 776.9322097517529 78345965913.4862 0.07670775022623931 0.9994813256556456 -2.2776685152292617 0.0636631109398138 2.4541210803358844
0.0 27569287701.17267 17793231093.465187 -2692921365.8540998 1944.93908524367 -1190.2711122678375 690.4774753177671 31173306.456208624 805.1796864980455 78345978791.24222 0.07670856425000247 0.999481403968336 -2.2777025349642113 0.0637116911014699 0.5914997386394629
0.0 -391292740291.2665 95826151509.91602 2235064578.791108 -15068.606408140553 -48246.63450527853 -152.14824935087987 47377990.66580207 811.0890640954132 78346003915.47342 0.07670966724401734 0.9994814948229087 -2.277757805621246 0.0638188184334485 0.49788035474845405
0.0 19924225621.393707 2860627072.376343 -2602844452.5288234 4003.613808226993 317.04152320251524 632.5740451787202 47573351.443907395 839.2047567962059 78345987724.84497 0.07670862743820699 0.9994813942821871 -2.2777146595478115 0.06375815742547175 3.06578988733413
0.0 92717846869.3705 -202029397911.28296 1031746430.8592474 21843.267106925032 26504.307753973717 -947.7439471949502 45361221.436196074 821.6913946382476 78345976070.0965 0.07670795170461435 0.9994813311905435 -2.2776852660664146 0.06371263878174815 4.500870682633083
0.0 16648922718.227356 3228758195.768364 -3741819552.722107 3185.24969759375 237.6925444871158 627.2940893105202 45604371.97500838 850.7125011426228 78345986417.13498 0.07670860483783767 0.9994813939960215 -2.277712579246754 0.06375169545339432 2.8117414437469375
0.0 -379075440471.8797 77613669672.88402 -2874453698.177395 -12374.94127638477 -49134.53699783496 344.32888893751317 76227293.53270614 848.963027722589 78346021489.406 0.0767098970844261 0.9994814892395448 -2.277784071678924 0.06390753942628624 -1.333807086957927
0.0 -3660026.816772461 5142820.644989014 3406660.702749729 2203.901059315186 2288.0911362329534 623.2298521054272 75839921.63257837 888.5789756010303 78346006923.56143 0.0767089790429123 0.9994814010113111 -2.277745653976041 0.06385252265671149 0.4801693620484533
0.0 78064709595.50308 38518906847.425415 -8455807841.515575 -10083.227670191392 1871.6241545504527 460.79573091271715 26598606.671658553 788.2978626909281 78345972925.50266 0.0767083312109883 0.999481385879528 -2.2776901910216374 0.06368605715254727 0.4543945591854559
0.0 35041086954.755066 19101041725.0598 -2829569320.70336 1931.2574278281218 -1712.2320651811497 688.208957161492 27473966.292907715 797.0213241995548 78345976567.35748 0.07670853666864641 0.9994814048668206 -2.2776992455459197 0.06370042567346434 0.0744525839858321
0.0 -388977744635.9399 -51010398978.55023 5865877085.434852 7332.374778387273 -51652.928718476134 -704.4701330236416 32671031.286813896 781.8905738499618 78345997781.97067 0.0767097304773337 0.9994815150789349 -2.277751920880063 0.0637842025701918 -2.215432337068038
0.0 -4436236.2347717285 6363416.4904174805 -4154936.1549134254 2068.978354929017 2720.8646405543986 1654.532150570987 33025317.632775545 801.7397478159861 78346016637.83829 0.07671092345796736 0.9994816298596078 -2.2778017577574867 0.06385530736090939 1.499119585268885
0.0 108559653361.96384 37349914948.054535 672628878.5366627 11201.90199040663 12129.934720268317 872.9935119159942 29653795.857510082 780.1255639445591 78345980908.41135 0.07670874642539394 0.9994814230132768 -2.277709234224277 0.06371844739037602 -0.13467326315677042
0.0 28669571612.601776 15320811955.812996 -2960982271.41574 1668.0681676995227 -1348.732988963122 661.9841368024299 30099277.83217235 799.6426793715199 78345977826.22986 0.07670853585182268 0.9994814022612267 -2.277700731639638 0.06370722086970293 0.4959393485146666
0.0 242542504240.70508 -65504434817.38019 -5250994301.882403 1275.4519440620534 38727.47938522321 -184.09736703273848 39702626.07436402 822.2329778926266 78346013439.6366 0.07671051273962887 0.9994815838014514 -2.277788536798481 0.0638485507625246 3.7390628706427034
0.0 -19509602.03918457 -15960812.375648499 2240318.162709713 2981.335776480896 3158.18759028555 1623.675130729358 39737058.70884142 841.7269442871949 78346021064.98041 0.07671099854918392 0.999481630646968 -2.2778087679391823 0.06387721997635953 2.3690041711316665
0.0 191357855182.5512 -212308559536.88177 -2987686342.0848093 25328.22905899527 35987.96029748558 -672.0143147074443 36443983.06016926 792.334168016854 78346009220.46399 0.07671034413031147 0.9994815706666669 -2.2777796353410245 0.06383013760729206 3.588061569180309
0.0 2344266.6402282715 3401891.610343933 -1809715.4267464876 249.9206023390675 3299.8891579314077 258.80953064434505 36292901.58056411 803.6750674315764 78346018941.70471 0.07671096949940559 0.9994816311580259 -2.2778055651829243 0.0638665333342221 1.8951867227188142
0.0 140788212023.95416 -121088382344.26878 -4493928086.853301 6943.551390905159 28179.762607360288 -527.1724033272079 23668834.663092714 774.5984711050254 78345965457.34924 0.07670794498456822 0.9994813514215888 -2.2776724264278725 0.06365569915300462 0.827097638595133
0.0 35833705937.83032 19596155803.42169 -2911770556.3261633 1838.7312965041483 -2050.3577616408475 672.1546874028242 24929210.740297925 798.3804305994006 78345974939.87244 0.07670851145833524 0.9994814048829408 -2.277696723284169 0.06369230931989467 -0.2670991444629154
0.0 -357556986133.68427 -178376609823.95035 8245625937.851404 25476.12585862817 -45457.54668206248 -1088.8065420172848 60228587.74015937 848.1128419915487 78346014890.5487 0.07670997055599885 0.9994815117270214 -2.2777778649500346 0.06387015874348734 2.135936037418512
0.0 -9643665.47291565 1602042.2718734741 -30807162.935636044 1054.2291570080524 2831.0235379747537 -297.60464245896674 59183444.855513774 883.4158098039401 78346029579.53537 0.07671094076464356 0.9994816063581425 -2.2778176235321177 0.06392451037452673 -0.6000490810581143
0.0 62903474098.92551 27653599331.36792 -6197066308.437136 3926.579287388211 -2975.4314527112874 994.1849395008477 32508448.06623204 781.3618987299325 78345979635.51898 0.07670857686361346 0.9994814039007298 -2.277703832787632 0.06371591337858362 0.7704946721044552
0.0 24510191581.414093 12701424631.265701 -2743474898.880271 2584.1890772318393 -561.5790010651472 702.1617610325152 33415176.645404443 805.360805722721 78345980146.46942 0.07670858144440283 0.9994814034700538 -2.2777045483658593 0.06371854637692209 0.9029151847858159
0.0 137444098091.59094 -160463803017.35492 -6860377641.621996 12886.345253883168 29408.263965282764 -404.7377212999125 46445464.748891756 810.4181219410244 78345977815.39151 0.07670802960754544 0.9994813376662537 -2.277689134858565 0.06372004793112929 4.508160218991993
0.0 3757251.635772705 5150906.595214844 7615541.567770958 2699.347742698108 2134.667996448761 -1089.2946456812808 46609345.18288194 826.9163442418181 78345981548.77231 0.07670826291362332 0.999481360027128 -2.277698936012535 0.06373420016164921 3.964614460346264
0.0 144973710952.41415 -249962736529.6847 -7661011891.78546 32522.409412376994 31585.478859392206 -495.5884667962388 36605927.63079464 779.7426699074251 78346008551.6442 0.07671029641789197 0.9994815659066499 -2.2777777441216243 0.0638277528875495 3.712457614315211
0.0 3627792.756011963 -639522.3958435059 6285894.22713244 2217.6547792107067 3384.29619366959 577.1174244912904 36954541.818661116 807.0496197565784 78346020061.37949 0.07671102052700217 0.9994816354451582 -2.2778080711861817 0.06387125987208275 1.8527707495172732
0.0 -40371131419.08722 -272178416334.72412 5389846410.232414 43003.386801023145 6802.401114897364 -1518.1696939640658 74859750.3428667 824.6088051280873 78346027591.39963 0.07671032898887065 0.9994815322364732 -2.277801248442574 0.0639293830320744 3.6378033060140353
0.0 -356638.21994018555 -812736.4832000732 -3386026.4979634285 1063.2062593413175 1936.2483326362544 -277.0363469005237 74635284.48798928 885.1697913894994 78346037452.23291 0.0767109655405054 0.9994815938797316 -2.2778276010231853 0.06396624532459949 -4.519250228590241
0.0 -346094702033.9391 144861120949.069 6638683375.410332 -19633.31338948021 -48549.47676243693 358.9852549753054 74937461.33380845 884.5674385159983 78346020418.61499 0.07670986860665108 0.9994814877326179 -2.2777821400909795 0.06390250198929426 -1.4818841885337997
0.0 -5447500.090667725 8997470.984474182 -21152397.181498528 -439.8182435724648 3864.031620966445 -1920.596175776689 73796055.1079167 886.3370560503822 78346038132.58484 0.07671103493619176 0.9994816013838189 -2.277830002181339 0.06396814019957375 -4.825780211792011
0.0 118343146179.40633 -124362033455.4329 -3574382065.8119016 7787.98675713846 26589.495964922608 -635.8266071068678 38545261.190183505 803.4304291840544 78345973627.28159 0.07670800653498634 0.9994813430434601 -2.277683600687249 0.06369809759969769 3.2630871655657914
0.0 -8459978.26687622 1663126.2484588623 -8807381.249112368 3016.6988661502965 1769.2982948111894 119.3945575767704 38748491.68111542 826.4223402748969 78345981541.80695 0.0767085055881026 0.9994813910154933 -2.2777044805370408 0.06372798590847939 1.9843168241463285
0.0 35876695469.2724 121564603756.62573 1113102786.6519403 -13886.359916148955 -6252.938376971579 629.0232125214634 34024409.96725427 794.4633343158483 78346017168.97464 0.07671092647100121 0.9994816291889861 -2.277802461591521 0.06385808888982325 1.6525052111022773
0.0 -1520574.0084533691 8428835.001411438 -14346254.00434208 2470.2809976522603 3292.7630425443494 1893.4108745037097 34274709.00457709 803.5390451903647 78346017791.34015 0.07671095846753714 0.9994816320355545 -2.277803937673066 0.06386062363899381 1.600515394143105
0.0 73868699665.72447 36697907777.21383 -12958384300.085665 -9603.754085684817 1593.0245675861734 688.5704809889685 31357061.577785935 791.08715376432 78345975705.80292 0.0767083615630679 0.9994813842290041 -2.277694208946542 0.06370024631167848 1.1686219269696596
0.0 27364048502.593933 14799965486.045586 -3004405570.1110425 2077.700136328841 -1138.538541532438 672.3537057237968 32048370.801438227 814.1909022712991 78345979032.41449 0.07670855258487776 0.9994814020002408 -2.27770255632756 0.06371328583935387 0.7631828946884622
0.0 85588059918.29163 21251932990.811127 -1656155816.8808813 10801.499762882971 6018.750704887363 852.420086153676 38296171.820236474 795.1965229844365 78345984912.76132 0.07670873481117628 0.999481413574306 -2.277713755040332 0.0637402917279033 1.2504704378390457
0.0 -2994411.7095184326 5166276.436447144 -3385974.3935034275 3485.4313524820645 778.9449946712411 -170.3531277788636 38006538.638941005 811.387230863625 78345979577.6229 0.07670840312291233 0.9994813818401281 -2.2776997880664447 0.06372002402590038 2.159049563800397
0.0 -151934556376.1941 -345960079144.34424 -299145704.9643407 50099.248001240485 -13767.806550217028 -1090.8787393240918 60333909.640832804 819.8741825332231 78346018189.48706 0.07671017793422202 0.9994815316383759 -2.277786553517946 0.06388263303532948 1.646695132954069
0.0 4009260.6611938477 -620533.6669311523 -15295038.919771671 983.1801019732593 2363.5286979601187 -657.5922622961172 60020200.187162615 860.2242722793799 78346030434.78564 0.07671096949291714 0.9994816083250857 -2.2778193032065186 0.06392838153857383 -0.5462966041252035
0.0 -393906791529.67004 8278021303.873001 5221560179.372257 -491.3791380868952 -51914.11633117016 -606.5135143040554 61536413.60297622 828.2888196030003 78346013670.53168 0.07670985221028506 0.9994814990473744 -2.277773698638019 0.06386660567402558 2.6090668401874173
0.0 1037910.2457885742 1377665.5734024048 -5743414.154623032 2139.66229409914 2177.8425148593196 551.4117036374647 60728485.648428895 859.638828122252 78346033328.13977 0.07671113232642524 0.9994816233561791 -2.277826487694979 0.06393980704094915 -0.8757117169311914
0.0 8402303825.500092 283914166116.7614 8997436794.429401 -32584.73406740857 16589.168743343118 324.7286072400665 50181221.491164334 790.3797536610915 78345999312.59729 0.07670928665475657 0.9994814553950863 -2.2777435950049685 0.06380373594876154 -4.550506535090406
0.0 14206319544.637756 1821973344.5538864 -3203259075.825378 2971.09348449308 414.830941421209 590.3187485277981 50657741.81857266 825.0406039984092 78345989225.336 0.07670862785030398 0.9994813913533094 -2.27771646257877 0.06376622157173006 -2.7137378983132505
0.0 130052378322.52078 77389694184.6496 -6045646450.084809 4844.756640880387 22097.276131927545 1495.4129439250878 47395879.303342834 820.6217004440228 78345992804.68561 0.07670895727237505 0.9994814262866878 -2.277728278927815 0.06377709847717394 -4.203559968978341
0.0 7444623.134490967 6890822.405677795 5009807.773445606 3777.4335787023792 1888.962749160979 415.23681573343157 46916964.13325444 845.6905283422215 78345986964.35757 0.07670859918210335 0.999481392186805 -2.277713103951683 0.0637547841934536 3.0438013590247666
0.0 29294367886.435547 114846311586.03375 7976856925.056006 6069.148111644907 10498.421151995593 1698.2620401350398 72507966.34963629 836.4242791189145 78346044855.67865 0.07671150404025603 0.9994816478890894 -2.277848772570796 0.06399237931348711 0.20314930962240374
0.0 9255496.395935059 4864930.28994751 12511111.654220581 1781.8815320786707 2784.7166401931136 970.8885528349062 71889462.8072872 902.5522200225015 78346043502.51343 0.07671143677028996 0.9994816419932295 -2.277845615810385 0.0639868097028442 0.2384256018348383
0.0 43146252794.17313 30594161128.309082 -5439278362.97171 1120.7970385540275 -2619.1617685689016 296.19044677392833 71011655.87422602 826.2617459224485 78346001320.51376 0.07670877061889364 0.9994813855422569 -2.277734187277915 0.06382767581587956 0.17911955493023024
0.0 -6647674.736602783 -8991541.222618103 3374511.035634756 1930.0142309818111 1889.1933250616567 -14.784151284696122 70983874.86137414 864.8213650440726 78346001525.60141 0.07670878457285248 0.9994813869157984 -2.2777347517210105 0.06382842429153701 0.1399246745015712
0.0 -224229488731.76895 283114950311.7791 18978049596.84682 -39480.580680516185 -19687.198505897162 -403.7478155468133 64568423.117371224 857.5216719700951 78346011259.789 0.07670960451202549 0.9994814722247098 -2.2777651491696345 0.0638599373154598 -2.7204353550827918
0.0 -989012.4372253418 -36781.03621673584 -7019975.620039701 2115.6363759425913 1038.1445870698299 185.7312845367273 64575859.71679047 878.7847152758732 78345996333.28961 0.076708651232335 0.9994813802139311 -2.2777254940450873 0.0638038766604705 -0.5360570605270167
0.0 13509764263.332458 128106610510.74289 -6150528985.326651 -11221.625450313812 -8962.548675373935 1072.0429481051085 44674059.712335035 809.3927525967713 78346024217.95566 0.07671104717434145 0.9994816305882395 -2.2778136494611285 0.0638929495195848 -3.254138788530641
0.0 198442.74172973633 -8449903.789039612 2786088.292654991 1549.7350090330528 2388.850829252602 148.66064703607339 44301937.77858036 831.9804228601251 78346021689.56668 0.0767108972468656 0.9994816164791694 -2.277807196545506 0.06388315951821077 3.420845839745543
0.0 79722776617.01735 -27454918027.2164 -6721503948.366333 9825.923252951536 -3107.3384368869993 1109.5501124814307 77396120.76732773 855.7847376761853 78346003460.32993 0.07670870978740385 0.9994813735259979 -2.277735353152476 0.0638407392068121 -4.937924988469812
1.0 -4612807.776748657 4258129.200958252 -4689990.486741066 595.4541956518442 1374.653847220081 -458.45659182382525 76002034.40698521 889.0513655220723 78346002441.25125 0.07670868783579937 0.9994813727491277 -2.2777336327097393 0.06383581394145033 -5.1064519717557175
0.0 110312016046.67813 49008186521.32222 -6342007992.273285 -13615.093223952463 9404.594499829107 -57.962728135781845 64708808.95639446 854.8881619422983 78345993396.72025 0.07670845962197859 0.9994813615921461 -2.2777175994308743 0.0637929510566897 -0.00010028588937771588
0.0 -2804521.5565185547 -4005572.148513794 7728811.520010948 1464.2089500108614 1460.0831590141133 80.04083759508933 64743501.62057607 893.6383597471976 78345996134.40341 0.07670863334875241 0.9994813783265069 -2.2777248470978377 0.0638032615781805 -0.46124108105122597
0.0 40609037834.23308 268915388339.42276 7412589761.515943 -30567.022240098493 20884.91992812888 382.57696061224584 25808801.917478736 792.1085064236968 78345984806.90103 0.07670911425942199 0.9994814622139125 -2.277722310993663 0.0637300639993823 -1.760232440772924
0.0 31938182601.75833 16204761548.777153 -2615193662.7913923 2129.2277134915284 -1487.5789293987254 673.4241281622373 26302615.49211144 804.7594549493105 78345975847.2352 0.07670852691655031 0.9994814050530058 -2.2776981616066996 0.06369679867915679 -0.08715514896694687
0.0 -16163523849.397476 296333262916.3885 -1418948662.8869934 -37438.20627697084 11740.62110154619 1172.5988135475804 61734744.307287484 852.2816113655903 78346006697.23581 0.076709400834802 0.9994814552951714 -2.2777550348346924 0.06384056889670031 -2.853191075650873
0.0 2583294.3720703125 -2608412.1131267548 2915931.483499825 1984.263937232488 1598.76963340359 310.73388987447436 61021160.95351319 874.7553135893005 78345995487.6399 0.07670870717716816 0.9994813890349614 -2.277725763327207 0.06379790198347024 -1.260085101414621
0.0 -27324497509.3739 -278823505559.4256 -1445268048.4967659 40075.580430470116 10260.109888050925 -621.4695597046725 28659403.859009005 785.0655744308411 78345964113.90799 0.0767077048589771 0.9994813234408235 -2.277665326027802 0.06365458154829362 2.147476393714252
0.0 27946914835.032837 22332753729.299866 -2701454705.975831 1760.6511441490093 -1558.4874318035363 687.9725954289676 29758579.996463004 807.5753226349024 78345977926.0693 0.07670855276357477 0.9994814042213078 -2.2777012379549295 0.06370732768570075 0.3964700110002948
0.0 113458108313.81403 196816895222.93927 6482406415.0086 -13259.519174650324 28238.87289934358 493.9175778052553 33444110.075247634 802.8295634299163 78345987129.18997 0.07670902639285687 0.9994814463854131 -2.2777230763722898 0.0637447974579537 -0.29630161957589696
0.0 32698020464.785828 16177839225.001114 -3373495527.65268 2069.4880418668836 -1544.473317574102 658.4030127170586 33780649.84520686 817.6431751722769 78345979854.40817 0.07670855149314214 0.9994814002275321 -2.2777035139111836 0.06371773704637818 1.0446603877113332
0.0 -185931676456.9317 295949137262.4024 8424035879.024216 -42638.44935527825 -14619.235875061218 -20.912741401786008 29834165.6819235 793.5757896665207 78345990715.38779 0.0767093670176114 0.9994814827331895 -2.2777351572459947 0.06375542607570317 -1.8171344577172903
0.0 28804053047.124573 14511674357.172447 -2683299073.5546365 2035.1350365190174 -1199.0511411787484 677.0326728354885 29888272.783680048 814.0169315111715 78345977867.50131 0.0767085450129243 0.999481403348498 -2.2777009905966628 0.06370720978907407 0.4377799313147357
0.0 -296302863908.12506 -222487343359.30133 2898153876.0536146 36630.899890231885 -38773.64143075218 -785.8976165710831 30902263.393511217 800.5348034403146 78345998952.60855 0.07670985992618837 0.9994815292734778 -2.277756282228553 0.06378720730988174 -2.765746452954215
0.0 20161111716.202118 121106392148.15826 -2243390107.128584 -15194.074037914419 -3071.2891392687525 723.0070303997918 31817641.029258817 814.5381637699526 78346015649.20316 0.07671089768493462 0.99948162853476 -2.277799986264024 0.06385064319012912 1.3768241762252103
0.0 -358198829648.0194 -157665758231.44208 11763254424.474867 23899.721786608985 -46480.91446828128 -1218.3538805164264 39740348.99364956 811.9964170333634 78346003258.4877 0.07670986151154277 0.9994815209210418 -2.2777614655057317 0.06381033830393701 -1.2407991130921496
0.0 -1559429.5542907715 -1034028.6987686157 2339606.251285076 1862.2335208321947 3292.491897344491 474.756063293854 39902546.31320723 815.4179964155446 78346021732.45654 0.0767110360490314 0.9994816341061171 -2.2778104238692705 0.06387985740415036 2.2841755288391288
0.0 65509209005.49234 137946427420.76306 -5547302157.9775505 -20053.818552916633 -1233.5325427855496 172.563385544408 75325104.93695302 851.9154413287359 78346039937.5102 0.0767111028896002 0.9994816064696709 -2.277833714588592 0.06397612348481552 -4.743957122719984
0.0 2252537477.5786133 19937813.779045105 -1617445655.9086466 922.7790574286278 1180.062076149923 226.8205836028156 74440019.55009103 896.1474167893194 78346040605.9065 0.0767111729401464 0.9994816140809497 -2.2778361164399543 0.0639779373539664 1.2365315520462035
0.0 -177528333089.6231 295977579426.8678 7304782073.22494 -42727.10093323383 -13385.317566592188 -30.39843799182175 26679994.894898377 780.0618595131338 78345988854.60583 0.07670934575929422 0.9994814837171526 -2.2777324465433564 0.06374595368443714 -2.2855153250782196
0.0 32775753944.074646 17540423398.357124 -2936566482.7577324 1908.9755185784452 -1742.5997172868338 675.9913938439389 27732892.519393995 798.1277087977045 78345976590.54019 0.07670853014083179 0.9994814039875606 -2.2776991238886612 0.06370071657986642 0.13263948357018762
0.0 145511194733.2163 127430735499.43936 -2591151930.095625 -22343.08096826123 17628.321292945595 550.8804004175327 53816274.34904478 837.6790492782017 78346025721.45535 0.07671086042311201 0.9994816037703254 -2.2778111734377817 0.06390579370561422 -1.2240681993416909
0.0 -478194.63665771484 -3107569.0191574097 -1249046.4115653038 1006.8789828141689 2958.5521904594025 -594.6727968883644 53994717.27761273 851.5190928655516 78346027431.68884 0.07671096410183066 0.9994816136031679 -2.2778155901181276 0.06391235810881568 -1.4896697844398643
0.0 211421941729.7032 -170629424730.18668 -10349188590.598583 18031.048556004247 38351.0618086891 -96.39083169725589 28312569.28562601 786.7979912355135 78346005209.82861 0.07671033954027456 0.9994815780487913 -2.2777747362281877 0.06380867189306372 2.2263830797980235
0.0 14351835020.95044 6512186226.952732 -3674395977.613931 901.0186114402345 -5.771483032647666 649.5756697708567 28906863.839209575 807.3695024327692 78346013100.62872 0.0767108249837608 0.9994816243204836 -2.2777952763037224 0.06383877893149492 1.1061829993263415
0.0 -362190852343.7729 122643510940.32458 8326163373.433074 -21963.807155593142 -43100.06671705389 -496.7417632679783 65781547.72920491 848.7560950575285 78346014409.54453 0.07670976810305756 0.9994814868449693 -2.2777726574793093 0.06387272331701777 3.4849717638578532
0.0 -23446734749.340057 -11686230746.374214 2453764533.3489814 7010.496546964159 5587.139900917366 -1408.7427987836295 65473859.64759301 810.4997420835746 78346025868.93463 0.0767105092956431 0.9994815586688656 -2.2778033152659374 0.06391552455186922 1.5711747693598432
0.0 57858973239.54669 25202899339.664696 -6911090675.155049 1482.7278924287775 -3629.8319474678137 915.0664525593536 35604141.242595255 780.0793962739608 78345980744.94006 0.07670855195651563 0.9994813985172305 -2.2777045890049092 0.06372251749621505 1.3378603569260996
0.0 29625949715.333557 15404437142.773468 -2957518619.6642137 1679.1187034233017 -1398.7661064553213 665.1491558938521 35954475.29908315 805.2191266256905 78345981221.16608 0.07670857152822337 0.9994814000689222 -2.2777056060956564 0.06372458206664611 1.3389191602372783
0.0 -9872777370.307293 95210559146.8187 -3553914283.133297 7034.1962208993245 2257.135878068304 681.7113575386322 77044444.97156784 846.2683629423196 78346048312.60309 0.07671158445970361 0.9994816512837346 -2.277854744929486 0.06400893524925877 0.8345274031599672
0.0 -12754651.532943726 1839775.1753387451 2987112.460858822 1508.3506330510208 2146.4806671013866 742.8475564042587 75749420.52313665 877.7311449543319 78346045995.99619 0.0767114765978058 0.9994816421219388 -2.2778495077062333 0.06399921422694455 0.8191508511716269
0.0 -32212054134.7872 299861073582.70557 9325277011.628937 -38881.159392339 10150.276148677034 214.86502892886432 35232606.88986457 789.9057637095783 78345991548.09497 0.07670925322343462 0.9994814665555273 -2.27773354879085 0.06376280353850472 -0.6147046142678614
0.0 24260080248.765747 13241572959.72197 -2486682021.879481 2835.160350247582 -501.4863037969699 705.4734733326169 35701144.37130982 818.2069466922264 78345981489.28253 0.07670859648232295 0.9994814027212406 -2.2777064975839623 0.06372538973632302 1.2274041831931215
0.0 72680386826.8301 45014350413.527596 4075046465.647437 -9359.705104487268 -123.9437375022062 -55.410585986172464 40888881.158505455 809.6851553470162 78345981707.39844 0.07670844996340621 0.999481383586752 -2.2777034056772965 0.06373029281979736 2.4999812952026073
0.0 19569572284.9899 3540507256.6696205 -3829862098.4857144 2409.8723824557296 -552.4555725680511 523.8387523382116 40825000.48257519 830.0050595170441 78345982979.61435 0.07670853316947204 0.9994813916790329 -2.277706830323645 0.06373502119593422 2.2436638785624794
0.0 -290061002903.87756 229241926881.07587 8493538362.62908 -35311.59203656489 -32662.023332776822 -404.7425395238472 34452634.88099956 800.859322906008 78345994959.18411 0.07670949514265846 0.9994814906533226 -2.2777431617807267 0.0637750021817487 -1.3701167292695755
0.0 28992870359.77896 13814356787.417488 -2822300589.79097 2432.8890614391503 -1021.9808097333807 643.085722974154 34724227.65227047 812.27434514965 78345980467.58475 0.07670856146133986 0.9994814002814939 -2.2777044749585538 0.06372078303083839 1.168876634280939
0.0 78686433263.7037 22637653998.838196 1571285441.1276574 9985.09215670055 3836.5867975632245 640.4031782692692 26372765.85632646 779.3719153145299 78345977802.77036 0.07670864960689718 0.9994814168268312 -2.277703306528273 0.06370419922845905 -0.39154207476096126
0.0 31760462074.28058 15811180970.57904 -2770510984.515332 2176.9667796366957 -1476.9188767607338 672.0648949912271 28090903.870602235 806.714216001814 78345976867.06467 0.07670853672425826 0.999481404278455 -2.277699605071308 0.06370203708078126 0.17265631231221157
0.0 24854130037.34851 146244498141.35178 4384336650.687759 -14575.732650264652 -9047.046280553299 1098.4749119715223 62266965.025954954 872.3159955229611 78346033724.21951 0.07671111003407433 0.9994816197246075 -2.2778264510548767 0.0639425058805907 -0.5667200708733271
0.0 1008013.1053161621 1190331.4971923828 -8889695.869099975 2143.7717832658777 2168.6001101022885 694.019611836519 61483071.17681776 899.4243152844823 78346033500.95093 0.07671112002263895 0.9994816214428038 -2.277826412729797 0.0639410501620512 -0.7200709979878535
0.0 74332322154.98889 136478042020.2429 1025495750.3935841 -20383.588151843593 -256.835784528128 612.6960038513424 58304473.36070035 815.4230132968407 78346029581.03308 0.07671096804495389 0.9994816098363768 -2.2778182495473103 0.06392382407051755 -0.8136999574974584
0.0 5558115.60067749 -1852264.1258010864 2071278.9324457645 1586.704817306851 2475.61739625283 648.374639494744 57842274.0460958 858.5054915174111 78346031756.76437 0.07671112125915541 0.9994816250656086 -2.277824356122454 0.06393163264780632 -1.3152408442040409
0.0 96239895084.78566 37707328103.6859 -9043356876.64844 -12069.08375810237 4012.0247190318405 435.08813234867114 63372746.00349116 837.3171764470468 78345993435.98425 0.07670850345050957 0.9994813671083416 -2.2777186492444588 0.06379204678605799 -0.3257869206861703
1.0 -6440854.147491455 1392528.3743133545 5292519.639271259 1530.8885623302922 1065.2944393395264 -385.06716661320286 63058214.357657105 889.2926573267537 78345994198.85916 0.07670856188749195 0.999481373051363 -2.2777208982902044 0.06379466467604544 -0.5332363798963642
0.0 151943387551.3818 -108969833244.07945 -9123641339.686874 3514.494799267548 28270.784435419962 -20.863444288011877 53725903.3052004 828.1475867945794 78345982866.17691 0.07670812692947665 0.9994813400520879 -2.2776973991882308 0.06374475073789831 -0.8413411823145185
0.0 5661618038.857529 -4835879912.647751 -3165068033.549576 1097.3476606132972 653.2997357478416 -124.72163125037534 53100442.86111191 859.0149888856471 78345987245.7113 0.07670842590475917 0.9994813695109801 -2.2777094753528226 0.06376070866138228 4.556047995382626
0.0 252561585846.79816 -109068083763.3753 -7073730926.647194 5140.605698327276 40151.332620160516 -246.6557179334418 58019337.91479307 847.8936176004669 78346022830.46997 0.0767105458434255 0.9994815693694706 -2.2778005195414566 0.06389824333049798 0.27990184757723613
0.0 7439488.0341796875 3781950.125984192 15799695.133728504 1726.7121966902705 1866.7077922353346 196.77060187000797 57949801.19015868 871.6690275116626 78346030433.81033 0.07671103346361337 0.9994816164903231 -2.2778207658111 0.06392674805028964 -1.0517828499519966
0.0 38103698895.1109 61316053903.333374 -411704779.5301733 321.68913580558365 -4363.261876217308 738.9261406312304 51175952.64351041 810.1056332431687 78345991036.35919 0.07670872745610705 0.9994814004680598 -2.2777209065413064 0.06377343202473096 -2.928966576198289
0.0 -4512981.166107178 403618.36212158203 -6512761.335227251 1374.114615479586 2211.790532106028 -482.52080736138987 51098749.21598366 848.9453279509463 78345985310.05618 0.0767083642221871 0.9994813654841687 -2.2777057501675397 0.0637518622666553 4.409270910284484
0.0 52302765080.90333 -329045618227.2461 1915306091.2051091 44345.28540320523 18989.130488867857 -1301.5934535690847 49360681.98898347 842.8750530118057 78346013752.38446 0.07671023400562468 0.9994815476095217 -2.277782532678866 0.06385732835122493 -0.33795736570053725
0.0 10224892.54562378 3344341.6149749756 6504007.916344643 1063.3761574576329 3611.453994787 -1623.4028369110385 49585622.1098375 840.1400998716958 78346027886.10931 0.07671112948013939 0.9994816338039586 -2.2778199174744524 0.06391059413596523 -2.6951237571236075
0.0 92538755846.91406 59876173547.9133 -3674230049.9014025 7269.595877165142 14052.195447033844 1181.634894319867 49031546.174736455 814.9657594267352 78345993209.69492 0.07670893254438542 0.9994814223258035 -2.277728197229795 0.06377990736481376 -3.873161032177679
0.0 12584068772.26175 -4870303391.679825 -3678060919.718471 1788.2752794249027 -431.2254558488239 208.8078636315397 49151339.0944553 849.152394285023 78345986379.25803 0.07670849271939947 0.9994813797608308 -2.2777099684894377 0.06375434536624525 3.728042809424357
0.0 -375368681991.4469 -94992034104.45964 1111026791.7787743 13459.2603683407 -50168.03623281224 -1021.0116665273199 75991079.61135721 894.6535636954703 78346023621.5329 0.07671004052524924 0.9994815033097925 -2.2777899024981774 0.06391536211333726 4.582231633540501
0.0 1134109.3256225586 2588279.038192749 7580521.461618781 1636.0490193145524 2252.9204642984623 929.225147671401 75295648.11353089 925.7226262585556 78346045005.98419 0.0767114274202152 0.9994816378134147 -2.2778471990261417 0.0639951383592674 0.8393641208745015
0.0 44678488698.38446 257973614150.59412 4279709240.2685127 -27739.79848079881 20275.91411956619 754.9469868837609 66625572.58310596 817.2905436169295 78346008439.16309 0.07670936079326371 0.9994814467236338 -2.277756200809172 0.06385096195314421 -1.9394608320306848
0.0 2036017.9407653809 4632158.34614563 3651976.0454621315 2534.8207888852803 1477.5020904333433 295.1973000365856 66630906.54686203 850.3833605951826 78345998663.1193 0.07670873643265483 0.9994813864591713 -2.277730228534476 0.06381424564221838 -0.43603116885823656
0.0 25076965351.102615 -323912416717.6699 -5390971818.116634 46950.23591038135 14020.027837467598 -494.6127216424404 30037651.2507938 790.6336931565369 78346002954.08026 0.07671014215878041 0.999481557341456 -2.277767523373952 0.06380155690267131 2.8933199654620516
0.0 -1978195.467590332 5262380.23840332 -7122667.916416049 1880.5899071214008 2813.7403023682346 -1187.487379477086 30784186.58364484 804.7184863480471 78346013495.08765 0.07671079210822553 0.9994816193417236 -2.2777949955629024 0.06384173842157459 1.506073886294261
0.0 -84148329722.83163 305594633552.39996 7021034482.752114 -41411.69273072616 1501.2679465161727 92.08108765281816 43486517.29769139 792.650877895953 78345997231.19012 0.07670936081066519 0.999481468994964 -2.2777428038370955 0.06379064773081744 0.4758410333335361
0.0 -22023971.66937256 3424478.54498291 -1165790.7802789211 2121.6314768511184 1456.6871098228075 -418.4416071877731 43724124.74173756 821.3479390211747 78345981544.07144 0.0767083518471026 0.9994813713879493 -2.2777009653592777 0.06373191124883881 3.251067731953041
0.0 -213080403993.1362 -232861571026.84982 3820706672.088728 42080.657911687194 -23034.59725359189 -208.31669067875396 75698517.68842046 864.0981149661633 78346025739.32025 0.07671018479324465 0.9994815175139052 -2.2777957351044136 0.06392308658259171 4.171903467947537
0.0 751478.3533172607 1076974.4910430908 -777553.2079772949 929.7411875963626 2790.094496016465 -1324.7817179465276 75006917.83834606 905.439545113874 78346036614.16211 0.07671090053627558 0.9994815872494128 -2.277825111821627 0.0639633899368306 -4.291004645698793
0.0 15954215682.18457 273866216546.88977 1371224577.545978 -31819.37938393154 16638.306659969126 499.838749672837 62066293.44998301 848.3806883014573 78346006257.74155 0.07670936251921216 0.9994814512782558 -2.2777536327553634 0.06383917907716352 -2.725736962253219
0.0 14905527.21697998 30415080.59728241 -5674874.87838769 2063.898718475458 1374.0753719743625 396.3161524601371 61785325.47064122 888.1679845764222 78345995456.99524 0.07670868158655506 0.999481385829487 -2.2777251411346207 0.06379838842918062 -1.0650237668682854
0.0 148078103287.07245 -92032845554.00598 -4514136394.450194 2103.316398020321 27006.616017068798 -477.5091032137732 20175315.1478725 773.9106309497821 78345964113.69012 0.07670796723959353 0.9994813569322445 -2.2776713295314024 0.06364790202671866 0.16197293853220304
0.0 40860692625.50348 20554656521.913666 -3150757265.314949 1671.0238433671384 -2512.356316647438 668.7836479238233 21101963.095869455 792.1503080523111 78345972649.90393 0.07670848361345198 0.9994814058791185 -2.277693348842888 0.06368069497990714 -0.8105270609166932
0.0 133129597990.52148 132816096662.33447 -90366499.07935023 -2513.75949506526 26585.634530690022 952.4116939971257 26650219.322444238 779.361907786654 78345982075.78549 0.07670891385580836 0.999481442063142 -2.2777144607609983 0.0637204678245018 5.227865018087616
0.0 32224139064.87918 20993592495.947784 -3246398901.3196583 1702.3725945667766 -1811.2565132359814 698.5517762371745 27329035.319825828 796.3192205787385 78345976453.643 0.07670853389045086 0.9994814047381305 -2.2776990460480704 0.0636998844530634 0.058532628801085895
0.0 -75963283634.33612 307714892135.54553 10201986008.258438 -41499.96257369068 4255.758826292309 432.4330962994759 68251350.53822309 867.7480211857514 78346010913.59473 0.07670946850270638 0.9994814555540018 -2.2777616231986824 0.06386153616285473 -1.8573412644996377
0.0 -3773175.2966308594 -5381581.342590332 368232.9783422947 1804.4474996756762 1142.2031471247901 213.56317429244302 67831380.438073 893.4647550022612 78345998491.5997 0.0767086883531583 0.9994813806633505 -2.2777289233602067 0.06381454640263762 -0.1181348735355301
0.0 -289569075063.96765 -245319082625.82248 971173996.623729 38255.211238448355 -36220.31868204185 -639.9901207630768 25157408.07850957 770.5474955604142 78345996081.69778 0.07670985429590955 0.9994815342587586 -2.277752721674618 0.06377190130462207 -3.7242872427060583
0.0 80975352807.58324 115259810162.54448 -4383510340.243957 -19579.838904045486 4570.873257235216 556.7293823902723 26084879.026989225 792.0846867326143 78346010629.79791 0.0767107545003134 0.999481620234746 -2.2777907100193344 0.06382727658847731 0.8327782905922483
0.0 22826934740.40085 148189794988.6254 1543563487.3720293 -15730.788061585361 -7959.04844257723 667.5935450359243 63693791.83937749 838.4856844572789 78346034849.38828 0.07671113774686643 0.9994816210258514 -2.2778284301380998 0.06394785541074732 -0.40948569798418566
0.0 4484124.188171387 -2697664.4942626953 -3214785.247741699 2167.055089446726 2242.6856921593717 450.6540622393171 63117038.9869376 894.0077003407364 78346034689.34372 0.07671114536583384 0.9994816223160348 -2.277828413166628 0.06394680023487886 -0.5228313674621403
0.0 82814822773.53781 33616730093.42086 -3778237081.745495 -10804.02807750446 2428.6629407284854 78.32782129470468 63421767.73336082 837.5617017236023 78345993737.96979 0.07670852121599112 0.9994813687759317 -2.2777194167283032 0.0637932196853015 -0.36610095321360614
0.0 6857453878.292633 -4611912769.790421 -3280962827.801298 1600.8473525945847 407.70461633950254 -139.8251705169956 62816532.38341567 890.9928771872683 78345993312.17847 0.07670851274806326 0.9994813685411668 -2.27771871399981 0.06379114389733509 -0.43772859800719477
0.0 81934014203.70105 21088351807.120728 -2782020545.683614 10284.949501345769 4245.868199259487 845.4439619352008 38082672.888943374 787.5589831755043 78345984481.45892 0.0767087138757879 0.9994814117592845 -2.2777127604448317 0.06373850361448241 1.2755641214362692
0.0 22850650126.033905 6593288722.8862915 -2756782377.0554395 2453.542614143609 -408.3350069971748 616.5342106277044 38353972.11471188 813.3888410672739 78345982170.72678 0.0767085579459626 0.9994813964485942 -2.2777064303585783 0.06373003767274454 1.7670352714165851
0.0 145088367643.17407 205893249582.721 5229875310.586368 -19430.867452702558 33660.795281104496 -192.24828219502146 65632213.92060094 825.1996279200471 78346005403.39728 0.0767091976835386 0.9994814319377152 -2.2777488397695818 0.06383877711737984 -1.7720452625175844
0.0 13494851.798309326 -6579761.925811768 -7202221.488957405 1633.4568203280505 1137.063239634048 -242.1750992075153 65639137.59801097 862.2599016044026 78345996451.61218 0.07670862590230677 0.9994813767457315 -2.2777250558825948 0.06380515811756382 -0.2998290771011707
0.0 -188083588576.75613 -310181228331.13745 6215767409.04187 48217.230637434346 -19801.327937770926 -1197.5755070023586 44283686.018732764 801.4641376651911 78346008448.04999 0.07671005234696841 0.9994815349649467 -2.2777720354871414 0.0638334077264302 -0.8128430075816729
0.0 365084.2601623535 4915630.665267944 1267225.019150257 1260.1451186523373 3043.973054401882 1130.7379293471786 44324650.388168275 834.2645392971214 78346021773.12234 0.07671090187940792 0.9994816169043181 -2.277807402424619 0.06388349124753567 3.410664158381814
0.0 -363559900125.60443 -121844044275.7156 9089932248.151283 18875.05709373655 -49297.28531896624 -990.0126909114404 49434631.30158957 812.6093197258673 78346008413.62787 0.07670989084152452 0.9994815144220298 -2.2777682987912886 0.06383733327229368 0.4175219573168098
