Label Ep_x Ep_y Ep_z Ev_x Ev_y Ev_z t_t m_0 |Delta_a| |Delta_e| cos(Delta_i) Delta_Omega Delta_omega Delta_theta
0.0 -1054653.7868041992 190336.29963684082 8004080.915797234 -801.0131879700584 1206.8333120016614 379.9806031281332 65838320.05693823 857.7557398268408 78346039360.61029 0.07671135946058417 0.9994816403561815 -2.2778388958242086 0.0639664885206237 -0.6164116893638293
0.0 162011.20840454102 -118037.671875 60638.23183107376 -4137.767857565181 17.54862403187508 872.5948695089346 33687745.08722217 817.3173232724989 78345982999.54831 0.07670875518215749 0.9994814199759533 -2.277711934221608 0.06372947760149383 0.4701548054114504
0.0 -1202756.9808654785 -2691512.7161865234 1923245.0393986702 -1545.7090097332475 1430.8793285186139 948.1685493522023 72490203.20020583 845.601201564805 78346046719.3439 0.07671162358373974 0.9994816594410981 -2.2778537356702975 0.06399936557826091 -0.04585536385139649
0.0 6552531.512329102 5830673.224395752 -7161349.211968422 -591.7801212151389 1130.3946029916824 521.4337248452099 71304946.13138394 871.9279704781378 78346046253.16287 0.07671163047575034 0.9994816612466381 -2.277853336126375 0.0639966814835784 -0.2699932094274242
0.0 3887250.790084839 -829211.5743408203 -620369.5837144852 -2524.516433360641 10713.954097803222 -71.83914690973711 43945054.43688079 815.0117998564764 78345992771.30438 0.07670906186756302 0.9994814397025735 -2.2777306323614095 0.06377425659107416 -5.023510062713472
0.0 2044604.5548057556 6035999.52633667 -9269203.627467155 -1155.750278460131 2056.532519983568 471.6645863916574 75403996.64082496 862.832775713076 78346013053.1994 0.0767093838995281 0.9994814405049042 -2.277762244879322 0.06387520347424314 -0.4401346453242506
0.0 12161934.598693848 4359630.173736572 -9684512.470126152 150.78882548530237 1667.7224678883067 662.9945286046877 70508465.44482481 864.0048211118237 78346044528.62708 0.0767115449983983 0.9994816537652219 -2.2778493188313225 0.06398957683644024 -0.23239696679170574
0.0 573696.7223510742 964837.9758605957 -1513878.3675498962 1330.105049196336 5010.8400972876425 -6152.947574982939 60432957.54978422 845.8135484048975 78346036648.26349 0.07671135345475107 0.9994816449779772 -2.277835516215036 0.06395204535840993 -1.5181908772212047
1.0 5223300.100402832 1799879.6653823853 7145228.545354843 -440.9958868098629 753.6037235185504 341.9799983789768 65733668.77651044 862.8414018376599 78346038903.04233 0.07671133348170729 0.9994816379501095 -2.277837754427354 0.06396468743299799 -0.5705637215923332
0.0 -7882036.953643799 -611139.1493911743 -7039754.387624741 -768.4528687151687 1198.809919260777 -548.9945761204217 72679002.36494839 860.6421032512887 78346044096.28943 0.07671145026385583 0.9994816425354875 -2.27784663433477 0.06398966155683627 0.34524545566775466
0.0 4702896.555770874 -2189029.983291626 7831243.931658745 -1202.1087351672868 541.7273167346357 126.26827353723814 72024902.41891427 866.5686424974559 78346045914.30814 0.07671158657335886 0.9994816563177209 -2.2778519265093586 0.06399597543932245 -0.0524535388522443
0.0 7042190.723678589 -1253529.0479125977 -28642.54175376892 -545.5716029840769 2339.051577119686 1533.3981712607022 75217942.11509708 882.7570182076498 78346010811.94974 0.07670924655109497 0.9994814274282989 -2.2777564230258758 0.06386663849063545 -0.19577331848225743
1.0 1659918.7350769043 -3927920.018386841 7186735.49509716 -180.69037117379776 902.5757541154453 63.39173042067398 69247701.24047965 854.3337968438808 78346043190.96573 0.07671149858211482 0.9994816504996549 -2.2778466577756946 0.06398355987334892 -0.3525383020049644
0.0 -4524868.021911621 -118449.13641357422 -2106797.368655205 -1352.7813372330384 206.20024618288517 80.23436039305307 72355078.32528916 876.6187875194688 78346049672.31866 0.07671181630886942 0.9994816781671874 -2.277861675402907 0.0640103510914578 -0.4550943685311903
0.0 -2071412.8909301758 -3516266.2929611206 -5055987.668006897 1556.8103190613463 1519.190700836265 -6780.522688903138 59921791.32257977 858.1332687520542 78346033324.21387 0.07671115702507114 0.9994816265157338 -2.2778270481538527 0.0639391572621184 -1.0746845848319797
0.0 3774483.2161865234 451195.3051300049 -1592038.5048875809 3447.0254193421824 2446.4040397748395 -6887.720083267559 62242870.92051426 880.8744532236833 78346000165.90094 0.0767089680970074 0.9994814130417339 -2.2777373257920983 0.06381643607438114 -1.783335579906053
0.0 4982045.675933838 2479742.379211426 -2167729.8805880547 5250.162836305204 3925.273893898895 771.9596431104225 35364260.056130275 815.0474099261921 78345981694.22018 0.0767086199865811 0.9994814053140185 -2.2777072803763074 0.06372589432028519 1.107239132889707
0.0 -8411258.749603271 291880.5259628296 2628308.1173624992 -6929.508654253139 652.9381384830376 4354.025750273393 66690178.287233524 853.9774544086964 78346013328.81042 0.07670967099674011 0.9994814765989886 -2.277769143655692 0.06386937917055846 -2.4739511261302476
0.0 1571667.764251709 4218972.388031006 -6026659.427723885 -1868.3702231692769 7986.700809103099 136.32685468823368 39988639.802184135 801.6776592591426 78345990881.1838 0.07670906354765226 0.9994814436726271 -2.277728411463006 0.06376404246946432 0.6327681540160714
0.0 300831.6091117859 -699687.2722167969 -3557937.29731369 796.023070575684 5637.238196060529 -3925.050288557232 67417939.01246552 865.5381204790344 78346005932.12433 0.07670917621388519 0.9994814281469458 -2.2777489805135 0.06384216883633798 -1.413677285743769
0.0 2110051.850593567 -7839901.56729126 -3157603.3265342712 -971.5936497987459 1111.9030940253178 172.69512610213008 72308256.59489281 876.7635023262637 78346048461.23965 0.07671174043015626 0.9994816708907628 -2.277858491499866 0.06400576521105084 -0.3131479544118334
0.0 5787346.5059661865 1056170.643234253 8765190.74474907 -364.5679425714443 502.191709890496 -322.8638164677859 74509170.66297804 868.6985344425212 78346047511.60529 0.07671161172693469 0.9994816563542885 -2.2778544113880663 0.06400393078634448 0.33521314245531636
0.0 -1148630.7815246582 10287215.521606445 -10160500.247073174 -563.1276681484796 1597.6466665114713 490.235575276585 70906716.71505864 866.5258132297498 78346043530.67111 0.07671146896237444 0.9994816460451976 -2.2778463860845 0.06398614184796703 -2.906304425087658e-05
0.0 2325841.1404418945 935343.3549194336 -9657889.693109512 -953.9413855268649 767.9683702802431 -331.66480517872594 71896878.91829358 850.9194870525778 78346044654.419 0.07671151008953606 0.9994816490607783 -2.2778486704153855 0.06399114229719327 0.08415972471210964
0.0 1269710.8672027588 1357239.912261963 421758.7000231743 -825.1230239140277 9028.229902518062 -262.8815811102938 39699000.90216828 813.8464227699225 78345989888.8804 0.07670900914745463 0.9994814387011397 -2.2777259805406884 0.06376008720098625 -5.555486144082803
0.0 3507829.801132202 4640054.008087158 1088342.1908864975 -365.5971349221727 5466.521537051589 -187.38451192742446 35264681.46592709 804.5669840821305 78345987532.24005 0.07670899582106858 0.9994814416827915 -2.277722858615051 0.06374774454352483 0.07012387621903171
1.0 -2726986.570678711 5090857.044998169 -7026325.335848808 693.7990116181599 404.1503899171548 -239.5131156798625 73103337.21106562 870.3191539693984 78346006358.71295 0.0767090276142583 0.9994814083331368 -2.2777460901926143 0.06384824674006317 -0.08985036097848309
0.0 303488.44647216797 1065990.631439209 -6556976.477025986 376.64604821426474 896.0388359278113 546.2175680683597 74571017.56194212 879.1748662327882 78346011059.5368 0.07670928236737976 0.9994814315075928 -2.277757538521424 0.06386705920883351 -0.3839433254542631
0.0 -15854.694274902344 -1163924.711654663 -2861357.598849654 354.88179147586106 948.3573738919804 562.377398143792 17689729.16045246 779.2089327580345 78345971675.74567 0.07670852694696201 0.9994814133455965 -2.2776931759426207 0.06367434975228381 4.824869999436371
0.0 -696410.162109375 -832682.0040283203 -6395128.528306961 -3466.7854918209487 6473.268449368295 -613.0517379093867 40804570.79815847 810.0838744216035 78345992751.07318 0.07670915770419674 0.9994814519744298 -2.277732801101605 0.0637717084006919 0.5242691430673956
0.0 510554.90729522705 193793.61196899414 -6740365.458556175 -1268.9423688566421 492.655638190261 35.076537317664474 74402390.15063891 840.7489316835314 78346048682.68289 0.07671168980217115 0.9994816639906471 -2.277857597736506 0.06400824549892192 0.16071813372857496
0.0 -72341.84097290039 3034351.677658081 -330816.6879198551 524.827946100424 1406.059452970927 -1031.4747175552454 69429724.58613734 845.7642819626196 78346041635.03406 0.07671139360704099 0.9994816401951652 -2.2778423958757177 0.06397785881417661 -0.08655935844328955
0.0 -1990952.4693603516 399611.5384674072 1807500.6126295328 -41.587152100553794 951.8678962000886 583.7528087695241 18636252.985220328 780.9284041260547 78345972143.8324 0.0767085275601076 0.9994814124938177 -2.277693749496215 0.0636768530720655 4.974566963041303
0.0 -12432072.669662476 -10825398.345657349 22958265.63558626 1022.6857075588596 2805.119315127111 1124.9838789726696 73469911.46391127 864.6172049867217 78346008954.0744 0.07670918198947661 0.999481422879563 -2.27775272493616 0.06385828393475812 -0.3681524288950576
1.0 -6088205.6599731445 -4026391.07711792 2921056.335369587 186.33649020871144 811.1087427191815 530.0601518360677 18848452.18304918 777.5133769635567 78345972523.23941 0.07670854522222395 0.9994814139942099 -2.277694607160716 0.06367844523572774 4.9661824936366425
0.0 -1590468.107055664 2304711.549850464 -5152590.729104996 1070.3645071046467 1503.457619800476 527.6292013130148 71566015.92423509 844.7622158031812 78346005952.84863 0.07670904924605015 0.999481411900509 -2.2777461000219525 0.06384551205945765 -0.4018813169828537
0.0 -5700190.792388916 6263167.039558411 -5116473.068977356 12475.723422028026 -1154.9641467082874 -1445.895167277902 69005271.30565871 882.9127994925831 78346018551.34912 0.07670993285245038 0.9994814996418631 -2.277781378133171 0.06389081837609911 3.69432999231858
0.0 -4267786.9793396 -4788768.748764038 2349664.191679001 -3462.6895322017554 -3301.591270763234 4462.290274060213 68203808.69885746 890.7755980041055 78346017490.46161 0.07670988990281148 0.9994814962682353 -2.2777791272400356 0.06388620258558397 3.652600586744983
0.0 5180732.895080566 4058340.720275879 5724122.443194389 -4833.267855756436 5591.81851543572 -50.35227484084703 42200061.049120896 811.9790051310998 78345994618.76517 0.07670923379591736 0.9994814579749597 -2.277736774756154 0.06377982230876711 0.5617623360435848
0.0 -820519.0815734863 3399153.6899414062 -908249.7366755009 -1012.7924861089523 9432.171435485508 -327.87289148008796 40011054.31590662 802.8970180505739 78345990104.15814 0.07670901324171683 0.9994814387959068 -2.2777263315561966 0.06376114147202294 -5.517291902426935
0.0 -2906138.2776794434 -400668.44214630127 310686.9024178982 -13678.432521918712 -6209.842838794892 869.0448708329432 46743167.3346855 822.2085632743787 78346004105.97046 0.07670969904088544 0.9994814985024859 -2.2777587609031427 0.06381903423886204 0.32285479624360053
0.0 -1616221.2273101807 -855662.5403747559 -1996134.2146263123 -3407.7539770035473 8490.96626135936 322.49304404039043 42012675.866782956 821.1418391653131 78345992793.13638 0.07670912302583649 0.9994814474648295 -2.27773205787522 0.06377281742189833 0.8016761065128462
0.0 -1238567.5562438965 2662513.7938842773 -13577820.387428284 -196.98234220710947 941.2232114416311 671.0810509323945 73322284.38309701 866.6296791188328 78346010206.26987 0.07670926650732131 0.9994814311786944 -2.277756155666785 0.06386287118394574 -0.5725945254852193
0.0 3484134.6442871094 2696664.430152893 -1668273.012225628 -13734.865687787747 -6827.9170205522205 698.9943205759422 45417488.68352132 814.577107891821 78346003286.64111 0.07670968772747595 0.999481498686454 -2.277757522651321 0.06381491311723853 0.11115460698681018
0.0 2321223.969482422 -6728135.606002808 -3210987.569278717 -4701.329811525424 3452.5270333267945 -5849.107861796835 65958846.94731424 872.8291747250387 78346011683.3768 0.07670958855510647 0.9994814693465469 -2.277765290378039 0.06386262293130596 -2.4577194274358316
0.0 -1146804.5098724365 -5809070.33895874 -17299.213956832886 -315.59508141611514 1216.3512499155877 313.5705253050355 71849960.36457285 832.7465085150868 78346045788.8175 0.07671158397141518 0.9994816562349725 -2.2778517169674597 0.06399536635935732 -0.07794960004776191
0.0 -8089089.530731201 236264.27200317383 -6924074.704446912 1502.0903843006954 1503.3123738104587 26.790014981367463 68874795.53953272 840.2292009885417 78346003411.96368 0.07670897024542568 0.9994814068660522 -2.2777412551098606 0.06383384951955229 -0.6693112367469652
0.0 -3138919.679737091 -504368.87295532227 -3052106.4192504883 -1062.4880656209352 811.6312354509337 705.305979369385 72272056.71258962 860.4714070344414 78346050128.95563 0.07671184803259831 0.999481681308082 -2.27786294713954 0.06401200094402792 -0.532216633661313
0.0 -1312679.0820007324 -538560.8277282715 -4404948.851182699 3003.606640298798 2921.925106589126 348.0826445881488 31442741.805492755 821.0109581690166 78345980691.39099 0.07670867724052945 0.9994814146141944 -2.2777073917303454 0.06371904048931576 0.32961325969898425
0.0 2200102.672187805 7700995.312652588 -15522312.549402237 -1809.6379347003094 9609.47716877452 94.13243629819743 41257855.42052042 814.1602404445368 78345991299.73169 0.07670905101762185 0.9994814412417344 -2.277728625060269 0.0637666137376991 -5.419093337415954
0.0 172467.89111328125 -236623.415473938 -298233.6037662029 2691.962604156106 3448.345091911833 1555.2666157609142 65763492.50588911 855.9286473921218 78346001846.97394 0.07670896654748927 0.9994814095037545 -2.2777392997950088 0.06382552192052326 -1.184998239316685
0.0 -280207.2658996582 -2029664.6849060059 -2098111.014254093 -1107.3773864210198 -809.1259926494095 -273.112326861735 77135834.45972699 876.5413291375392 78346054361.16388 0.076711967830861 0.999481688187229 -2.277870747289424 0.06403172662927847 0.07410877455012821
0.0 -4973627.571960449 5593416.52671814 -2864754.0164928436 2431.620603183521 1794.4528410327184 -5690.677101511389 62678611.92087314 856.5172134855077 78345999706.27066 0.07670892527330894 0.999481408489316 -2.277735796489169 0.06381505264032672 -1.5945639882417595
0.0 -1075449.4365692139 11080544.507965088 4146632.1708221436 701.60773826082 2504.8909483548687 699.0325737855212 72566757.55944781 850.7791148736238 78346008806.18027 0.07670920047909904 0.9994814255333117 -2.2777529712292615 0.06385701745254391 -0.5665159095055029
0.0 -17687.826629638672 1774100.0487670898 -2742700.1112098694 -799.2015627925357 595.214294659756 161.6134631457653 72374376.83386907 842.5151222475581 78346046008.85712 0.07671158180176736 0.9994816555209901 -2.277851930344582 0.06399660568845444 0.01898063297670749
0.0 7334037.734832764 -6015507.683662415 17240829.853202343 -551.680111631159 437.4956921577832 80.65293396929451 72220628.38095915 884.919879911717 78346044104.81009 0.07671146498440358 0.9994816443970339 -2.2778469813536475 0.063989332727866 0.23533772584302848
0.0 -979262.6434631348 4401657.302032471 7340898.561331749 2118.243276371795 1534.8320877620026 276.91993602770754 69718983.62023576 869.0804147118084 78346004884.92316 0.07670903818424862 0.9994814126105727 -2.277744570369922 0.06384004675693866 -0.6917902553308088
0.0 -2624666.2666015625 -4385185.40133667 -2408112.4719810486 742.3246523294983 2871.264197717297 -2578.0366424983754 63251968.41062811 810.3040122405376 78346036710.08029 0.07671127021579609 0.999481634233428 -2.277833685442545 0.0639544966869856 -0.8269227568951001
1.0 -1978046.6177978516 -3130475.4459381104 -4501125.7220413685 -562.3220107934449 705.6285954521045 131.74226175070964 75513456.1234039 863.038508264062 78346008969.66626 0.07670911978259287 0.9994814149089729 -2.2777513201628694 0.06385995118591747 0.12120262455194575
0.0 -2118169.1864471436 -666945.8883972168 402831.97891902924 39.64158252870766 5475.015916851677 369.60222508969173 35259562.48363839 804.602772098965 78345987179.7485 0.07670897347296658 0.9994814395308161 -2.2777219258998773 0.06374641649426849 0.1286344796897798
0.0 -1329270.0701789856 -9327786.894073486 3666545.9349765778 -1254.6809727889813 1056.7481832791032 961.1073650383792 71630649.50276724 853.8447253381298 78346047411.28152 0.07671169434778478 0.9994816670963401 -2.2778561819885965 0.06400128797362026 -0.3416303139333742
0.0 -6637818.335800171 1694208.5183410645 -3868430.0493741035 -732.9793732502367 6466.398299015498 156.07133347963992 37560384.0779611 806.5595841617104 78345989090.55762 0.07670902431775126 0.9994814422235327 -2.2777253733965797 0.06375540503749821 0.3537653240858458
0.0 123804.8759765625 -3785658.6499328613 -9875841.32180661 761.5801581718297 1102.7053462329459 74.84717857318691 70666584.2487532 873.9673837586985 78346005243.43051 0.07670903176753353 0.9994814110792414 -2.277744852082681 0.06384213932718641 -0.5146225833526654
0.0 380203.7253341675 -1203817.2477416992 -1580153.7871170044 -1415.033277022234 1027.5797787200913 1130.2402658563567 73949074.53318363 871.8541958601456 78346049184.39215 0.07671173585612423 0.9994816688705537 -2.2778592512522917 0.06400977315329293 -0.011903039802589326
0.0 2934947.8593292236 12878128.183670044 4082021.9623861313 2614.2211339247515 3870.8896878170744 1693.3936966677486 64971860.85724931 826.5527953449086 78346001656.02567 0.07670897883897965 0.9994814114519136 -2.2777393527986316 0.06382418151002156 -1.3507340231401566
0.0 -2754553.368209839 2416309.804840088 6150406.83205986 2394.649004192588 3992.6133460777055 -5997.7346222028045 59302433.49894899 817.8431418807975 78346034880.01715 0.0767112755177485 0.9994816385454933 -2.2778316192084516 0.06394451356725384 -1.5011579406413542
0.0 3750835.5703125 -360247.8000907898 69002.83101844788 9816.127547001826 -6072.120669602056 -2850.8130675990724 66745086.01814817 887.5386393106825 78346015214.93323 0.0767097897265887 0.9994814880044594 -2.2777741149824293 0.06387650699740632 3.606464386239299
0.0 578920.6397705078 -29625.658660888672 -1323898.9010448456 -5649.499585554677 8920.781868779908 -230.4918163504596 44039538.81945004 821.8942485989126 78345994797.88766 0.07670918834173736 0.9994814518178283 -2.2777359487916122 0.06378194316733143 0.9647057086649746
0.0 5081942.443939209 -234108.78871154785 10556058.563165665 1519.6773929358205 2075.7566751031263 -4977.63370537716 60222924.04873151 861.0539136219024 78346034977.94449 0.07671125330158962 0.9994816355160306 -2.2778312279177597 0.06394560601321775 -1.2872202159463366
0.0 -9703183.316223145 -2657642.5108032227 4235322.235866547 -1277.3526626845742 922.4692229627763 -157.99112047899456 63511941.258707926 848.8246632698151 78346038363.9354 0.07671136777325373 0.9994816433968382 -2.277837894665643 0.06396091350474897 -1.032072916860743
0.0 -1205029.6384887695 -3695311.2322387695 1128303.43288517 758.166231388288 1933.5661135692826 289.90394374026675 72263174.58384469 842.0424645900415 78346008747.69623 0.07670920613408888 0.9994814263712629 -2.2777530307176703 0.0638565587949742 -0.6320662266981019
0.0 1516983.7403564453 -627645.2660369873 -1232524.1502013206 1660.0017788932892 1536.389053695013 -144.19019893516736 68861268.21532564 847.8077250776516 78346004110.32745 0.07670901525397283 0.9994814112229863 -2.2777431197744002 0.0638364620451286 -0.7825780757293828
0.0 10600738.330505371 4476951.912338257 5042176.747560501 -538.4006583112332 295.7693619996571 -701.3031118371537 62127769.11928742 863.7775924609911 78345999251.42523 0.07670891326802311 0.9994814078607047 -2.2777349780892293 0.06381291053678417 -1.6541524595678814
1.0 2124108.40435791 1457115.8467407227 -9321888.993266106 -490.0008624665643 -70.35983375377509 -743.0784086828885 76088199.73374082 846.4378546312305 78346051572.33841 0.07671182216681209 0.9994816751403769 -2.2778640806185213 0.06402042661866147 0.19489683658489335
0.0 -5046068.953826904 1426358.4006652832 -6648600.061986923 1268.5352883876312 2414.8446798217665 -6452.933311681252 59217719.61856405 818.788959137827 78346033715.65585 0.07671120379386794 0.9994816317060911 -2.27782858621969 0.06394007333830665 -1.3190803729713276
0.0 20060713.83847046 5764737.561340332 -15067562.935946226 -126.79100718487689 1381.186174949191 -1236.9115750685137 70647655.17772025 875.9345670600873 78346041862.98694 0.07671137049375502 0.9994816367930316 -2.277842139481842 0.06397967380335867 0.17200304198550942
0.0 776847.2613677979 -2480079.894226074 910346.60247159 -2985.1160627480713 8543.187263432326 775.0612908908511 40902185.327155516 800.9290025167481 78345991908.03995 0.076709100857933 0.9994814463942098 -2.2777304926380024 0.06376861866495442 0.6817694261001956
0.0 3146662.7133636475 -44040.61346435547 -749179.2262015343 -1416.2714316571655 4524.54195454414 -159.7047872790393 37955083.14180451 803.0332389401233 78345990226.54788 0.0767090846429765 0.9994814476656918 -2.2777281116493766 0.06375998272098471 0.2590010057911871
0.0 -810899.0403747559 3048982.1264038086 16477249.163088799 -80.77048141151317 438.4592300640834 58.66398600495074 74884763.56706423 873.3378522829379 78346009931.31323 0.07670920062737469 0.9994814233166587 -2.27775431954181 0.06386306838847666 -0.1591664021336089
0.0 1022478.6082611084 1407550.92678833 638860.933637619 304.3023512149957 6372.1158833162835 -281.74074555722035 34918158.35372508 787.2059709725482 78345986548.38742 0.07670894371976553 0.9994814369878683 -2.277720490397534 0.06374377623876626 0.154640134690597
0.0 1532014.8089065552 -2413824.0153808594 3027300.5358343124 -929.4120030050326 2821.635920688015 629.3081880562224 72532057.29300304 856.0051775521172 78346046110.00345 0.07671158338319667 0.9994816555218644 -2.277852087435253 0.06399710973822348 0.04353408086495236
0.0 -1226066.4381103516 -5669171.284484863 4130922.868856907 586.5444318850368 2315.094540774582 -93.27062033975528 67927482.3031502 824.7654282511786 78346002705.65134 0.07670895444607773 0.9994814062529841 -2.277740049305479 0.06383045076019567 -0.7892645285580963
0.0 2340454.4757385254 3162385.6906280518 3875186.0282974243 -8354.936165907611 6346.327884882563 -926.4423591909003 46753935.94779923 805.8269892794258 78345998061.59946 0.0767093127776827 0.9994814612147124 -2.2777426973753485 0.06379633901370241 1.118155294946546
0.0 3808987.3382873535 5618884.0941467285 -2856106.4056987762 1483.8465306541966 1324.9252581819783 339.7359200125036 70764789.9318332 856.1896169906114 78346006627.86392 0.07670911712564611 0.9994814192229122 -2.2777484601102467 0.06384741680630857 -0.6965333093376087
0.0 -2885934.231742859 2219285.515991211 -9770084.181420326 -300.4154965339949 1513.8071471852982 943.2521619569704 71072944.18923832 867.6922544269894 78346045824.45007 0.07671161027796866 0.9994816595209989 -2.2778523615042428 0.06399488853172564 -0.26955589936405905
0.0 -2445221.5745544434 3191196.6369781494 -3471279.7421188354 1238.72504580328 1803.6997794461786 -3046.734358399464 62300155.39133403 844.7860333713913 78345998887.15039 0.07670888467773646 0.999481404935428 -2.277733888456458 0.06381167796169862 -1.5468721953539732
0.0 354449.3298110962 85627.31362915039 14209005.2829113 -1541.83497411391 2568.091977217823 706.0515039678942 75794517.84942965 865.6426259693454 78346012467.84741 0.07670933444710945 0.999481435356348 -2.277760413618193 0.06387331221053749 -0.27194651521608404
0.0 10398679.905792236 2963717.531188965 -4342683.506515503 1809.694987512059 1998.607223501429 -5792.786131505704 61981548.90512446 856.4480817721688 78346001590.94565 0.07670906716754823 0.9994814228549082 -2.2777412961303662 0.063821583075236 -2.0861636053607806
0.0 2252903.4362869263 7932448.5783081055 -8863760.706661224 -1323.6395865329287 1617.448931372991 1153.169870376585 72129397.49518283 845.6070800338579 78346046398.51382 0.07671161425783599 0.9994816588884742 -2.277853138774037 0.06399787645757193 -0.09075176229320192
0.0 1877676.184387207 -2443151.0553588867 2726496.5200657845 1173.0595128514333 980.0002201865427 -212.51989979906645 69966820.08884655 859.0098115778861 78346003938.0556 0.0767089700621737 0.9994814057972519 -2.27774187977684 0.06383668525671826 -0.48484574650415646
0.0 -735766.3507080078 -5485858.837738037 -3083436.8546819687 973.3950246783342 1428.7585547203344 437.33263892493983 67189197.15041967 870.8915296488763 78346001609.59836 0.0767089072971942 0.9994814024129594 -2.2777376602908337 0.06382575261533496 -0.7923435965616987
0.0 385777.9896392822 -2052840.3804626465 632048.1079905033 -1870.2456479975335 6194.5690011552215 -86.23133671567598 39110559.63678897 793.1889328909648 78345990833.96439 0.07670908768983559 0.9994814468477009 -2.2777289074383402 0.06376317387742603 0.43300786494080956
0.0 3692032.966392517 -1114647.8125305176 -259956.20210313797 -1646.55196559451 400.71726092607787 546.6313983561848 74329743.91245176 870.0001809536479 78346050283.36255 0.0767117942515883 0.9994816741388809 -2.2778619010977263 0.06401420074148678 -0.06092839803964373
0.0 7342415.24130249 14455595.418807983 -1183677.5176753998 -221.478968636653 1021.8441168809513 444.6852385590487 73595456.94854298 872.4359178074661 78346008747.46579 0.07670916491476193 0.999481421110866 -2.27775208726619 0.0638576067065939 -0.3094118160011562
0.0 -2485148.559173584 -1744466.587234497 -3542131.5093238354 590.3877570909262 1098.2268711892393 129.62778802464152 73550459.50829956 844.5498157594053 78346007675.01013 0.07670909783068292 0.9994814146796366 -2.277749270303863 0.06385354295688916 -0.1707136480228144
0.0 3844441.99710083 -6294457.324569702 4693142.465868473 9836.326350778983 -3231.9318464753487 391.95063093304134 69518873.0750764 900.1786544540432 78346017563.95905 0.07670985392348662 0.9994814915304399 -2.2777783918197634 0.06388751387768288 3.9431222019240093
0.0 -318778.9731750488 -2087578.6508331299 1867660.792441368 -7568.318018761165 9994.624310219488 -629.363300604503 46633244.225764595 811.3769490977645 78345996426.78317 0.076709212128211 0.9994814516172229 -2.2777384401596 0.06379010335339252 1.324139370514524
0.0 -2543381.786010742 5374522.330413818 -11274433.752192497 -4110.896230008873 -4529.435605592913 -4724.013661916892 68562785.46258618 838.0762916467996 78346017751.2089 0.0767098954490306 0.9994814964579982 -2.2777795658305857 0.06388746458560313 3.7004868776721542
0.0 647165.3467407227 268874.2777709961 3618780.3223752975 -2199.8145122065944 10380.191207600032 -358.6858569662441 42895919.373381525 803.4731522987538 78345992016.49258 0.07670904612068698 0.9994814391925815 -2.277729369784349 0.06377059550538888 -5.149016430945764
0.0 5087431.393585205 -2565798.4740600586 -1014208.2193412781 -3633.6815643964183 761.7232251507849 4400.050646615281 69288201.73163386 882.7058393613374 78346015976.35727 0.0767097596900679 0.9994814826582998 -2.277774337852919 0.06388136898676855 -2.1965253309749766
0.0 -1436922.458908081 1673235.0787353516 -3515115.143353462 -1045.997250023942 880.2650889741763 936.2505971736452 76804201.382829 864.7636259602049 78346011978.43274 0.07670927197089598 0.9994814283548461 -2.2777583990261663 0.06387226871103024 0.033360087642513636
0.0 -1858661.785697937 1374327.1836853027 -2541681.5347385406 -951.3058108264377 940.6934186105409 266.3578206000069 72686130.81043808 877.7764601846515 78346047246.48175 0.07671165118160965 0.9994816619155318 -2.2778549972720263 0.06400149983350811 -0.06698542971776181
0.0 -2390899.117828369 -1016971.9668426514 1886716.0155684948 1637.1408153046168 1275.3224241921234 -623.754037696061 69679557.99193457 860.8614548222447 78346003937.64188 0.07670897892015799 0.9994814069287347 -2.2777420819697882 0.06383645756928935 -0.5549150333354096
0.0 3705515.708831787 -4524786.633808136 -12906905.583304405 12010.635485062787 -5620.406904056184 -1730.0871060874151 69997317.95379668 852.4521490388962 78346017173.66302 0.07670981420601466 0.9994814872369322 -2.2777770164714877 0.06388642449210025 4.100723101263146
0.0 -1503292.8011932373 1668319.6515197754 -7183731.581941605 451.6877017816041 1849.1162453758589 296.15577022759004 73334495.58036785 845.2243836390555 78346009487.59027 0.07670922024232768 0.9994814267018355 -2.277754237968078 0.06386018131278703 -0.4735160732120883
0.0 1454963.441833496 1724430.1541290283 3298648.389978409 4052.081258276741 3891.7753514588658 251.7806534465479 32345017.004726335 817.4166317753402 78345980862.94788 0.07670866028892498 0.9994814121097692 -2.2777072089148396 0.06372039516035954 0.517212441703149
0.0 474066.5632095337 -4596678.882324219 -6257672.876752377 -438.3651514092853 1404.0863235841189 627.1147789277895 71468988.81431904 857.2125611819595 78346046152.58414 0.07671161898036688 0.9994816599795656 -2.2778529528643423 0.06399643282778911 -0.21735715970065
0.0 -1603006.7933044434 -955108.6159286499 -1708837.1752328873 1145.3544383607777 2473.6867257939775 -5886.969159407213 58572564.76238829 830.8489141773581 78346032724.4065 0.07671116045633596 0.999481628145137 -2.2778264096924135 0.06393584216705683 -1.3053529376880064
0.0 -2238461.7252807617 4852735.768325806 2588334.073560536 81.38725480033827 948.1304323369295 560.5442679377362 17763079.124159444 779.0246905944222 78345971605.60968 0.07670852020023614 0.9994814126238765 -2.277692937727851 0.06367414404952232 4.852512546404833
0.0 9342163.537017822 -2182731.2939987183 10296501.727581501 695.3038351833329 642.0958067935208 -371.5175613022588 68769803.80406705 861.0646001138496 78346002682.96194 0.07670892694618994 0.9994814027881741 -2.2777393929345635 0.06383102861339829 -0.5787784154658007
0.0 829695.9965209961 2716490.765350342 3063856.0832395554 -968.7853777065757 -346.66434213574394 346.72082385747126 73611378.78274271 874.1955504215823 78346051758.87793 0.07671191067999798 0.9994816860641481 -2.277866328946263 0.06401917753209752 -0.4213825836491447
0.0 5010940.710113525 7889190.994590759 10192688.368166924 586.3397509642009 645.2828313085156 -213.79457528858745 66602156.423554696 857.2189724300047 78346039121.17935 0.07671132054922199 0.999481635866526 -2.277837719256561 0.06396619047083973 -0.3928433052992295
0.0 3389460.554748535 -717509.0986328125 2574293.5197877884 -3915.2554206806417 6720.1036138252975 -41.296925869757274 42282538.546944566 824.8273567839389 78345993452.36063 0.07670915677068804 0.9994814504619012 -2.277733618019739 0.06377550601737525 0.7612564403033626
0.0 -629719.7300720215 3364104.2562408447 24573947.426502705 114.00436519948016 1228.7164503303466 -350.60027174465506 73925365.29508656 882.7157477498051 78346007482.9689 0.07670907397388835 0.999481412016289 -2.2777484948596385 0.06385311674213145 -0.05339747462470812
0.0 1907629.8844528198 2443750.685241699 3946756.6218471527 -1422.9105664911658 1361.0098532758902 1274.0800685973768 76383436.35650028 863.5212058526688 78346013925.93143 0.07670940933109363 0.9994814420167178 -2.2777638700157214 0.06387925262505156 -0.3164795055172944
0.0 -1018256.9962310791 1501021.8306884766 -3244455.8458070755 -1629.2016190694558 513.0364740575578 918.8065274778689 73411693.68483722 865.3566306307938 78346049369.66434 0.0767117643057009 0.999481672132772 -2.2778601236963327 0.0640100460402131 -0.16434488469726363
0.0 -6283282.287994385 3281916.7041168213 4835726.882200241 -2155.609548329223 68.4632831475501 392.88940713102375 75432626.10335897 901.0799279048291 78346052461.7604 0.07671189923144703 0.9994816832071157 -2.2778669071671636 0.06402325137146025 -0.07892725827496583
0.0 -1076944.3755340576 -895133.2328796387 1943319.1971321106 495.7689763725284 1765.4103400508102 898.265098938924 72149660.89958979 859.0688016828236 78346008890.17368 0.07670921874193269 0.9994814276973351 -2.2777534895182354 0.06385700460620569 -0.6790980506505744
0.0 -1988942.7287521362 1085036.8793640137 -168807.1427717209 -1401.7463803416904 7377.401935025167 -568.6058702839875 39298420.2475703 808.0913151312069 78345990269.94751 0.07670904586751595 0.9994814426305934 -2.2777272762711767 0.06376120321740597 0.5699106990846334
0.0 -1504849.5126190186 -894540.821685791 -687144.6682291031 -1195.3437445797863 822.2158683141806 590.7147112514947 73777054.32175593 879.1990386714177 78346048434.23517 0.07671169327918714 0.9994816649279251 -2.2778573803168753 0.06400682001961755 0.042501423401956714
0.0 -1867175.4346923828 -40111.78009033203 -3310485.543683052 1400.1766561226286 1725.5474108151648 383.076584566935 68205383.25048536 865.9370438939436 78346002782.01184 0.07670895072677514 0.9994814056265495 -2.277740055477648 0.063830956347533 -0.7331608032378023
0.0 286810.0376586914 101352.91970825195 792612.2787771225 -2128.5999237956603 6644.698298368988 473.5835344445366 38312927.660408884 794.4541992210446 78345990296.64035 0.07670907805099503 0.9994814466850586 -2.2777280445970574 0.06376052769719465 0.3322932516080144
0.0 4685130.307525635 1342653.846382141 -3204825.348806381 13962.226626627653 768.7846901509038 -1620.2496287566773 70344550.8929848 859.5216332182299 78346018931.01376 0.07670991567283396 0.9994814966950063 -2.2777814388606004 0.06389329874770944 3.9512700509792915
0.0 4951.515075683594 -397307.48583221436 -325685.3085575104 -362.3508500203916 901.1982367514647 476.87995562570825 70594115.38244443 873.21468835115 78346043710.20648 0.0767114900936974 0.9994816483850281 -2.2778470842152716 0.063986570132605 -0.09985581013466482
0.0 571210.5893859863 -1999154.3943481445 790170.1749305725 -1571.7733656431374 814.2023559062327 456.38415178030334 75058826.4584652 873.5156033642448 78346051074.5346 0.07671182221858777 0.9994816761358628 -2.277863486757323 0.064017746456412 0.012217274589272076
0.0 -4508200.286834717 2128105.5723114014 15573430.90859127 6036.7834986507205 -1572.2797772375707 -1282.7229705606542 68028924.93171437 861.7629858398212 78346023767.39023 0.07671029609041799 0.9994815356354169 -2.2777959246616755 0.06390964214452044 2.6105619813816245
0.0 5497373.452430725 15992247.442962646 -3922034.1427383423 179.96773375321573 3534.4117794511903 1070.6297244964805 73671074.83226475 846.0535453149298 78346010469.8627 0.07670927255024924 0.9994814314262142 -2.277756609023968 0.06386413585246054 -0.5233247695084486
0.0 480067.3650894165 -1380236.888519287 3988294.135512352 -2171.6721225952388 10130.97050764423 -271.03810071149326 42035360.83296397 824.9665499914341 78345991723.46814 0.07670905402642723 0.9994814407838384 -2.2777292004178182 0.06376881741999174 -5.304566234516864
0.0 1505186.050064087 8320728.504669189 4552487.051835299 -1976.405543801433 9110.223074144273 311.5218442414194 41082020.88859759 817.7961851749197 78345991390.69113 0.07670906226353735 0.9994814424963765 -2.2777289911160796 0.06376681698053499 -5.475396814419236
0.0 10562581.44454956 -1529682.082321167 5279306.241202354 11958.58972985368 4961.877123612783 1264.6410503402235 71199934.94575252 862.0094594906786 78346021908.71573 0.07671007934247175 0.9994815116668243 -2.277788743305931 0.06390515687179121 3.71478011361529
0.0 -5259499.799591064 4871928.0216674805 12706690.574295044 214.8760581374877 1107.7300955734318 -52.09022216539188 68315917.85616124 858.9945195615549 78346040691.46555 0.07671136780829882 0.9994816387775954 -2.277840677664099 0.06397343781625509 -0.21636297756221712
0.0 1977346.3247375488 -1357362.982635498 4917206.913942337 -460.20849899789755 991.8778830804949 -486.2187307218567 74190156.42302158 873.3460028901742 78346046610.7698 0.07671156407545798 0.9994816520633746 -2.277852244225161 0.06400029596411905 0.3743016403317344
0.0 170373.39849853516 4053058.2255706787 -6244778.940687895 4490.505002050077 4107.440614394865 938.4894375397595 33444429.041244313 806.0532191396162 78345980974.28586 0.07670863339536876 0.9994814084559269 -2.2777067266266373 0.06372167882625224 0.7643823609876719
0.0 6470259.2060546875 3667298.8531951904 -8392307.450395584 -970.6619855647596 -370.958866688361 -738.5977425702554 64385704.49015564 886.8108001242076 78346001413.83066 0.07670898150348693 0.9994814122732024 -2.2777391242613456 0.06382281035895243 -1.456867886095754
0.0 -5144308.585388184 3609276.7149658203 -16706587.841413498 -782.8043636529692 -60.891422893819254 -952.5091819263433 74141842.83499698 845.6259373536027 78346047958.08841 0.07671165159533405 0.9994816605547214 -2.2778558573530705 0.06400531869326809 0.19063823501902638
0.0 10974837.75982666 9351158.45426941 -6702197.580537796 601.1449535692491 615.7386224364818 157.9723709933278 68410771.9206077 844.1587584355137 78346041250.9053 0.0767114005946211 0.9994816418499407 -2.2778420965993695 0.06397561383791484 -0.27623693217828493
0.0 996138.0518188477 -6165981.256286621 -6873187.27806282 -851.6395006397033 1810.3763653778442 362.5851180021019 73042033.20987874 857.2126462560175 78346047002.66797 0.0767116246069386 0.9994816590088935 -2.2778540977525368 0.06400086419514839 0.04983003645489881
0.0 15320298.259857178 -5401927.075244904 -4747123.477930069 -354.75491368539224 159.38608638806545 -1259.8501198794052 60609212.89248045 849.4952934758495 78346036897.06976 0.07671136388971267 0.9994816458152755 -2.2778360523954477 0.06395311866648168 -1.5154268723246063
0.0 -3697692.067993164 3726516.786010742 -8213164.416531324 -1799.7092958793546 -136.99577062313983 408.35344044809466 75899459.70138176 838.0411594391202 78346053166.99478 0.07671192982216408 0.9994816857095233 -2.277868450137445 0.06402626784657883 -0.06063076719030702
0.0 -752755.8797302246 2531293.05523777 -6920583.496123791 189.4948639089098 1183.1815110066564 -1182.669114860017 67568015.39609753 852.9270592961393 78346039248.73688 0.07671129882178808 0.9994816328405187 -2.2778373745670315 0.06396742992705118 -0.1787220011089763
0.0 9005870.956634521 -914173.2384986877 5242688.357115686 170.60449610092246 764.4473332062807 -270.76273916626235 69670384.52517141 876.9278892037404 78346003462.98273 0.0767089488971262 0.9994814040398535 -2.2777408276058395 0.06383466744667832 -0.4827435288623765
0.0 -1298439.7868652344 3687762.098876953 -7760791.737725258 -8344.207573803873 6437.669726186703 -555.62685571595 47131841.77159736 839.949485356844 78345998182.30585 0.07670930879692181 0.9994814604668223 -2.277742750573638 0.06379708989680566 1.1884309587845796
0.0 1974263.2746162415 -4412922.813018799 -7524003.761424065 -4503.307825710628 -11222.25188227157 380.2654342889193 74209599.6553299 896.2171482475968 78346012199.8634 0.07670936635455557 0.9994814399612032 -2.2777608233880184 0.06387105796335923 -0.6175167000986141
0.0 -4757023.942932129 7800505.351104736 3499933.748802185 -5945.828272750532 3990.14187034697 -351.41340861897163 44852010.128971264 803.9081996871856 78345997517.35873 0.07670933685063833 0.9994814653684823 -2.2777425976558403 0.06379279754945166 0.7542113119834768
0.0 -3541795.1290740967 101033.35119628906 4534786.2889761925 -1096.4006812229345 10163.89278951805 181.79396634837985 40410758.5494035 796.2313162321216 78345990413.71512 0.07670902064477665 0.9994814391256795 -2.2777268709786984 0.06376261886924617 -5.473883841564124
0.0 -2886374.500793457 706911.5822601318 -1179019.818780899 1194.254002928029 1515.2049540569533 -5718.278300101244 59126139.26642537 850.1788765147703 78346033697.2526 0.07671120545121739 0.9994816319541675 -2.2778286021448677 0.06393993212046922 -1.3387944629861088
0.0 -1073109.431854248 162725.0576171875 -291056.01621842384 -10377.169696327166 -7918.969154686649 721.1465334544592 44514364.60167194 825.2698486662152 78346003554.73453 0.0767097327767927 0.9994815039030764 -2.277758873928488 0.0638152091805484 -0.14009249799869744
0.0 -232137.3824081421 -1635960.544494629 -5734459.116524696 1404.9280924177074 7769.31353020506 -7035.18985102989 61927147.61023588 829.94063992866 78345999919.42557 0.07670896212431008 0.9994814127691727 -2.2777368945028176 0.06381526173156704 -1.82050250398938
0.0 -8066473.038299561 9304429.126083374 -5579978.501369953 -34.83394762447824 168.06974997316138 -276.6030358059203 66859847.92691438 852.4728754104822 78346039128.01663 0.07671131301593964 0.9994816348916001 -2.277837555053764 0.06396641900859379 -0.3313412261802098
0.0 -2086441.8286743164 7347740.199172974 -13235184.263839245 -6381.460234754675 4950.579314738852 16.18767732099934 45109854.62079727 822.2207100825086 78345997202.00537 0.07670930874091277 0.9994814624075015 -2.2777415774969465 0.06379181600415329 0.8590863584617294
1.0 -1384831.2661895752 3558273.033432007 7571321.741942406 -682.1819995151927 148.39219722583584 -624.2387659665496 74970970.00062536 849.9787547069567 78346047986.17181 0.07671162774532411 0.9994816574555648 -2.277855345188879 0.06400607687042204 0.38500317998902556
0.0 4438757.094848633 -7006015.245285034 -3372305.908203125 -4044.982423346542 997.9767243398601 -5939.766950122871 66755126.23555438 881.1165251677387 78346014346.22586 0.07670973394952144 0.9994814826119108 -2.2777718002945924 0.06387325188602766 3.7098708598504064
0.0 -600008.9934082031 -1590744.9400482178 -1434158.8230483532 245.49522343395165 1162.2269127689942 582.0233413251082 18137142.047270596 772.7308868394787 78345971960.60855 0.07670853129779041 0.9994814133348379 -2.2776936160063603 0.06367577195059315 4.886034640891269
0.0 -6783808.56451416 -7899663.6929626465 10800441.95687437 -4714.346814833703 -2429.2214473151653 4607.207622782172 66711385.62271214 848.8862524546729 78346015691.35037 0.07670982118785516 0.9994814910731697 -2.277775404357174 0.06387826997246648 3.541312285619861
0.0 14890221.2946167 4302966.014282227 19072429.747714996 -372.98517472860476 1691.9168517414691 675.4944755097038 75501509.00685157 881.5547192148465 78346011035.79468 0.07670925207336977 0.999481427688325 -2.2777568169573454 0.06386770251547347 -0.1569438838115645
1.0 1128294.5885620117 3292114.8049468994 -4445324.351485252 -564.6945070511101 357.37389094266837 -111.85970558898703 73868597.60877587 853.8816197692962 78346047638.18262 0.07671163962038856 0.9994816596622028 -2.277855200946565 0.06400390197222805 0.16611665363395284
1.0 786153.6337280273 3200160.800163269 4103498.959019661 -663.1565267068709 664.0172404813566 -110.83878234087626 72100830.81976324 882.2785714300317 78346044959.17218 0.07671152324008601 0.9994816501335976 -2.277849335609327 0.0639924475543241 0.09217728830492422
0.0 -9177086.550628662 -277615.21502685547 -15538633.04186678 -12833.755635335407 6379.264461581912 488.6021576227768 46297833.88691442 814.3177143656369 78345999922.73242 0.07670944571637175 0.9994814744834302 -2.277747963955798 0.06380297070584895 0.7593898541697115
0.0 -2497222.808532715 -961327.2472457886 3281878.7417030334 -101.23649283703526 1198.1107813675226 -274.3029353581321 68790222.95301676 833.1891560802463 78346042196.89392 0.07671144925991641 0.9994816461806275 -2.277844340933693 0.06397946583868475 -0.32205307214328904
0.0 -12057478.474822998 -1246562.6418304443 -7306816.045762539 -1806.1581939197295 -508.82190785695275 874.2417520862334 76815125.75585788 872.7553806448201 78346054400.92911 0.07671198028869441 0.9994816896978804 -2.2778710798815944 0.06403162353232439 -0.008325560886982997
0.0 3785771.1889038086 2257741.2220306396 2567231.732371807 -6877.195829193071 -3275.253800233735 2235.2636392933923 67669427.06087022 837.999539807226 78346015222.12775 0.07670976159809079 0.9994814844003227 -2.277773479949308 0.06387726166598906 3.812948561189513
1.0 1972702.1772460938 -6110097.59487915 2188126.978404522 -179.523709686644 696.6059896968327 334.0247251083755 76144706.7843701 871.5058325585311 78346010248.82932 0.0767091819333024 0.9994814202997908 -2.2777542713267795 0.06386525286539069 0.10093395795997562
0.0 -392838.8941345215 1826608.304107666 4035313.0029177666 -5221.543585988507 7485.094946980909 334.8226031964624 42658501.104105756 795.9955485808476 78345994115.95197 0.07670918751297151 0.9994814530669741 -2.2777351146806115 0.06377829454060446 0.7463473354297208
0.0 5661005.113586426 2046513.531469345 -1058198.607167244 376.7735292799143 1150.4852918468641 -511.81187014732984 67549260.85872558 879.4104369166745 78346039482.36118 0.07671131431860645 0.999481634353858 -2.27783800842435 0.06396829269565085 -0.21903711722172603
0.0 5422109.064239502 2937229.1405029297 16552794.151636124 -388.3126339386945 1272.454364348252 916.7811365694182 75246134.80279358 863.6295359138572 78346011925.09943 0.07670931675321674 0.999481434176447 -2.2777593599785315 0.0638708418663052 -0.3338804955878787
0.0 -1388534.2507324219 -879475.2893981934 1565741.0733523369 -579.6486553562754 1409.4644795144013 -1102.5105153207528 66595538.24284835 853.0720950538017 78346039097.8967 0.07671131926733349 0.9994816357491293 -2.2778376620939924 0.06396609780803786 -0.390837830760121
0.0 354102.41467285156 2849880.1516418457 4817174.9917469025 -564.09237161905 -478.7585604677188 -730.5436521086185 74054302.63651828 881.4264088049433 78346047094.63242 0.07671159917152191 0.9994816555805927 -2.2778536256712907 0.06400200649161292 0.28001290804810197
0.0 1904762.7555541992 -2740984.3759040833 3163144.043516159 178.17043924699647 1126.7446484353968 -115.99657827257045 65266500.76215866 823.9018784495013 78346038977.02234 0.07671135265379604 0.9994816402496107 -2.277838281552512 0.06396459755874062 -0.6966596151051255
0.0 -2096385.1373596191 -6744483.701141357 349773.14748954773 -7452.677792163482 -2501.622349673904 3561.102383236722 68316575.911729 842.6145642669708 78346015550.5817 0.07670976255477918 0.9994814838698318 -2.277773894454819 0.06387900483224307 3.9192756878325543
0.0 3653368.7631835938 2097381.7884521484 -3567492.492591381 1581.3042519907412 1146.7621246886301 550.6388126014675 69152615.06988569 884.2265888493603 78346003565.95172 0.07670897148514223 0.9994814067182664 -2.27774146754567 0.06383464662647143 -0.6255368675285213
0.0 3710802.784881592 -4515925.698989868 -9402533.323501348 1652.349633889411 2615.3166893183006 -625.9960442852182 67771930.53215308 856.9464763212898 78346002134.1258 0.07670892276532093 0.9994814033450489 -2.2777386412207385 0.06382818156007009 -0.7348471348114947
0.0 3076305.7681274414 1131799.599822998 1141920.2573289871 -825.7579621254972 649.5599707340298 -415.9959460384282 72977013.89114203 857.1982172130184 78346045522.82364 0.07671153213051184 0.9994816501482937 -2.2778502127959195 0.06399525446110665 0.22677779021586264
0.0 23136.077430725098 3909868.3917541504 -4217726.718885422 -1046.2500434444191 484.93285756893783 -160.73538780315585 75107017.5800834 888.2068375446058 78346049218.62164 0.07671170222898425 0.9994816645116762 -2.277858522715796 0.06401081326180247 0.26133179277569774
0.0 1524998.07862854 -1923618.2619628906 -1363389.4700887203 150.69680362046347 5706.467201548378 151.28577870322863 35245740.5010629 807.552277466222 78345987320.5281 0.07670898288915377 0.9994814404528997 -2.277722309639824 0.06374693440573154 0.10147846777436831
0.0 15030550.868637085 -3279395.7776412964 8578274.358690262 -13229.961915807737 -6475.871739260121 829.3314228430372 47047442.81204128 828.3664593817847 78346004528.25665 0.0767097165930563 0.9994814999034577 -2.277759667306488 0.06382085994455355 0.34180785683728326
0.0 -7000111.164993286 9190290.166778564 -6346967.88360405 -943.5086270864995 856.9553498702171 263.4697007102451 73355776.65458933 856.3508962592919 78346047797.18814 0.07671166563326096 0.9994816626656787 -2.2778559862363985 0.06400409553026698 0.022914046858415055
0.0 6213436.239028931 3090700.4252319336 -7715192.595968246 -1348.942838873747 305.48745077221247 -1368.7396950946415 75607891.79337999 844.7869443535699 78346049102.97964 0.0767116793543562 0.9994816618225972 -2.2778578610695477 0.06401077318121651 0.3957627925029401
0.0 -2736549.3066329956 -462176.97982788086 178826.26268935204 64.76009122867254 7257.922944226316 132.48979518872653 36130575.65976174 794.9458211862844 78345987472.1333 0.07670896520303233 0.999481437894368 -2.2777220861681493 0.06374820040622975 0.286258207660655
0.0 -3959908.9468154907 3157652.8853149414 -5015506.935034275 -854.7707196810516 6625.991778630417 -91.09134413206436 36677608.42877567 790.0370193422733 78345988409.8912 0.07670900815987905 0.9994814415137148 -2.2777241900442524 0.0637521534131329 0.25815668712308115
0.0 21405464.001098633 -5421246.728866577 9942741.906665802 12043.104290767184 -5026.589510361133 -1896.8835217160374 68342062.47479732 863.5273361550368 78346016189.65173 0.07670980257084413 0.999481487707152 -2.2777755740058274 0.06388142535280839 3.848517339152624
0.0 2918517.1524658203 -393875.21558380127 -744753.4606359005 -13684.251939421372 3922.4977588712645 647.2050239568596 45285764.32020935 815.1152593004057 78346000732.20175 0.07670952870172348 0.9994814834661541 -2.277750830410906 0.06380521450823817 0.4143825844500968
0.0 -1643693.5906524658 1391017.7969055176 -4152710.5717582703 -2142.1776513267178 -5647.215879551034 4670.064370068123 73801336.82397173 879.3808327406497 78346023030.32974 0.07671007050122093 0.9994815083100499 -2.2777898817143982 0.06391141767888087 4.158133115152152
1.0 1590414.9890441895 -8049235.415664673 4353050.151161194 231.27233482016254 391.61069113476697 -337.93077552955936 61937381.4279983 840.284085773395 78346038167.47101 0.07671140392683667 0.9994816484004698 -2.2778384870857193 0.06395893605215264 -1.3913702998803663
0.0 1432353.4105453491 2593286.937774658 25355150.287392616 -960.0767842815549 387.79300110517306 345.4858573880093 72770647.13315408 881.1310641616697 78346049899.8522 0.0767118179841205 0.9994816779290139 -2.277861985716222 0.06401153288329908 -0.384842946536048
0.0 285164.1925201416 1075999.8248901367 2135844.7630529404 213.51390740830902 9226.76736286601 -51.58019157329862 38709031.42511117 805.0064076475475 78345988654.06967 0.07670896092302915 0.9994814349997242 -2.277723401052833 0.06375466973242894 -5.583780868769506
0.0 -1986370.4695281982 5364874.800292969 7955811.218496561 116.2757925026126 6586.385462107564 142.71403089485494 35549981.83233146 806.6471753639546 78345987195.80862 0.07670896551635167 0.9994814384833657 -2.277721763034796 0.06374670543776784 0.1950050637395262
1.0 -1784085.6225891113 2853925.3257904053 -5054576.547198296 243.59571972208505 373.89240051324305 176.73671747631533 75766486.99252222 863.1116275815659 78346009920.9993 0.07670917269904852 0.9994814197725695 -2.2777536681605657 0.06386372374408378 0.053910842436859285
0.0 4120324.5397644043 1681054.7955322266 -1166862.3099212646 16724.381493298017 2307.190601540853 -944.9821771180063 73405321.18867119 880.8528556655845 78346021449.28918 0.07670998180047776 0.9994815001310653 -2.2777859621885717 0.06390516727363682 4.303830425400131
0.0 -4915213.543518066 -1782341.3377723694 692475.281783104 249.81280891813472 921.281835112437 632.6582167875424 68284443.09733781 865.5673109785313 78346002757.01349 0.07670894668550107 0.9994814051603332 -2.2777399331242387 0.06383092468611817 -0.7097011077076258
0.0 7165107.684539795 511763.8502883911 4038891.7583494186 521.4786519389581 951.9675243022211 147.00633372079318 71176446.47686937 855.4861619594794 78346005769.42746 0.07670904958324043 0.9994814123080469 -2.2777458884863293 0.06384451642754474 -0.46936656528362886
0.0 9236798.859397888 -9310289.005065918 1423165.6413412094 -2027.9012306186487 10038.312179857458 161.29038670664036 41577862.42627609 813.0193939528431 78345991475.21655 0.07670905232512798 0.9994814410599867 -2.2777288647431986 0.06376752480020276 -5.372154959865412
0.0 -7769858.002365112 7809948.303894043 -12461009.93157196 -406.2527068114796 1928.2758145481566 613.8667801305673 75858733.02717157 857.1553047636511 78346010138.99838 0.07670918376520203 0.9994814207517845 -2.277754181958486 0.06386461520197084 0.047029407932812295
1.0 682581.6964416504 -2550637.319519043 5405316.784627467 -257.70926022279673 -575.1937354212714 432.85776566756385 72184451.36241072 867.7837176251246 78346044043.56314 0.07671146219270689 0.9994816441624343 -2.2778468442635207 0.06398907419591282 0.23500505946994477
0.0 6262973.7657318115 7743641.246185303 456810.8490142822 -668.3332144767737 776.1726190148274 51.94692690426041 74085461.98588364 864.9775483198655 78346047980.77264 0.07671165478744414 0.9994816609169398 -2.2778559575099164 0.06400535951567399 0.17425463117945214
1.0 -2728260.5427246094 -1261176.3253860474 -3142833.0505924225 -375.3353887576832 839.0090572621339 237.94094087331882 71505510.81032461 821.4123169928187 78346044494.16223 0.07671151196139274 0.9994816496180527 -2.2778485216852937 0.06399023225905864 0.012020894045616015
0.0 -6184115.884033203 -1072060.3922958374 -8431760.891484976 793.9221009090979 1267.7052291908294 -1124.9755736720297 71061193.45016499 834.3612144976976 78346042427.63339 0.07671139375630615 0.9994816386396916 -2.2778433467189965 0.06398212025140637 0.190493094595368
0.0 -1050978.1035308838 -813735.8315734863 905287.7762379646 -4413.724264973684 9050.387867553229 372.6900433702687 42274575.429473735 819.1731381434229 78345993250.0798 0.07670914410145599 0.9994814492468412 -2.2777330863291443 0.06377473994810501 0.7910773784246956
0.0 -3084330.500518799 -3020085.397796631 -1509154.7519459724 -1105.5417754385126 7328.309090526224 -282.05307262953295 37757105.079108655 796.5493044582485 78345989184.45877 0.07670902422913033 0.9994814420255911 -2.2777254836127074 0.06375591260541036 0.3847614329837339
0.0 -6205988.13368988 -2213842.0702819824 7860893.381942272 -516.157584029108 2779.428226164524 913.4215262913532 75865278.00348634 879.7089199180853 78346010552.06223 0.07670920993670405 0.9994814232715165 -2.2777552745647776 0.06386617189325605 -0.006013607021504552
0.0 807094.4755249023 3983113.3856544495 5726640.6737623215 483.72319718747985 844.6343263540148 236.89993594509042 67008834.25718878 855.0439430141392 78346040462.9118 0.07671139364051968 0.9994816425279333 -2.27784099555392 0.06397155038800939 -0.4993047164978974
0.0 -410245.77991485596 -570766.7135925293 2224029.4214057922 -912.1787180402061 1480.7367261265335 623.207760813728 71611648.65270323 886.185059145666 78346046032.73578 0.0767116069159378 0.9994816586781953 -2.27785253354731 0.06399609495832514 -0.16732001990425105
0.0 -2407849.167022705 1467516.611328125 -3081910.2972488403 249.37581721195238 8940.260222269904 -111.14750671573172 37729798.53551304 800.9214281438453 78345988168.87839 0.07670896022936259 0.9994814358751306 -2.2777228052105607 0.06375207641497038 -5.734645571870628
0.0 1627236.792831421 216519.0557861328 2296554.25333786 -2369.6438404767614 -4869.171917757675 4399.194657886861 74031471.6953727 896.3747669088465 78346022515.28998 0.07671003049862472 0.9994815042280921 -2.2777883507305834 0.06390966426442635 4.291574934567642
0.0 -1767409.7652282715 -627912.435333252 -2571387.4079856873 -7048.190559507517 3310.3018988015465 -398.98233465565283 46915981.51734254 842.1471584119835 78345999325.56036 0.07670938846924262 0.9994814683636798 -2.2777459402077156 0.06380121423148477 0.9825267974892193
0.0 2770982.698814392 4862248.268249512 -1773756.056892395 -132.6333282229134 7512.388084228751 -452.69220531738137 36904849.74364001 806.8457236481821 78345987992.92908 0.07670897450896678 0.999481438047287 -2.2777229216350823 0.0637507661164225 0.38227018412960634
0.0 1119684.7236328125 -2196576.0411453247 -2285036.7340044975 948.740526515996 656.0200827154076 137.50258248498972 71704444.56108865 851.8808275070212 78346005352.18219 0.07670900661249448 0.9994814076525251 -2.2777444064833583 0.06384336482417208 -0.2787840377855775
0.0 -9610153.273723602 7242209.879425049 8200985.318588257 -735.5007857500023 2908.0578942043935 1030.9425785157596 75433611.65195477 868.2559262770077 78346012069.30887 0.07670932016266113 0.9994814343250933 -2.2777596103727022 0.06387153112402544 -0.3074210315804678
0.0 3218049.013168335 4056048.6028137207 -5363804.455171585 -167.3513226427458 2135.539113203202 929.1596383305855 75904388.4828646 845.2903937189626 78346010359.90622 0.07670919645804831 0.9994814219329442 -2.2777547364556656 0.06386548091091715 0.028721993718016314
0.0 -2756797.1952209473 -3993054.5555114746 2893076.1672210693 -3580.7404685207985 4851.49388092978 5638.771907087899 65972799.795686044 877.2269906353607 78346010691.02725 0.076709524762539 0.9994814631764944 -2.277762644485609 0.06385890647865988 -2.34734383404167
0.0 1065899.3217773438 253807.9008026123 -3457635.4763765335 2878.081712993653 2555.775626352992 -4874.743218091052 62205791.44776038 846.0159745994788 78345999586.80228 0.07670893226862731 0.9994814096194387 -2.2777358137496213 0.0638142316906718 -1.6928891070787717
0.0 982602.7205200195 -612367.2241210938 2195989.563123703 -1089.300448391641 64.31364369778021 -698.9155525195906 75666676.57890917 891.9387046259978 78346050295.78442 0.07671175369627475 0.9994816689392924 -2.2778609879638063 0.06401529983766618 0.2582552413305758
0.0 1134724.3514785767 2018515.9332580566 9350307.131708145 -506.5594518095313 7743.555272384052 -4644.800947794932 61471618.37087561 845.0986519433737 78346037892.23917 0.07671140075844925 0.9994816485429825 -2.277838085590326 0.06395753558273931 -1.4629511205997814
0.0 -5967854.18838501 7941691.405380249 8894864.374578476 -4158.83670872162 -1928.365427283541 4728.153526056324 68469471.95504516 888.4155216127265 78346016940.16302 0.0767098465501265 0.9994814918287711 -2.2777774774532844 0.06388434470018112 3.7842374111088577
0.0 494834.20373535156 -367232.1757507324 -1809520.387364149 3089.3592838851455 3175.9232929838545 630.4486551294605 31468698.933831092 813.4831876706477 78345980495.48505 0.07670866392924211 0.9994814133044851 -2.2777068529683415 0.06371832506683095 0.36951355607900416
1.0 2451974.9697875977 2877890.289237976 1998896.8640155792 -483.1490760161221 708.8205770112945 -501.49460548281127 71794314.96381946 871.9219540150774 78346043327.69418 0.07671142855089064 0.9994816412917129 -2.2778452187661986 0.06398607815129065 0.2397703217105347
0.0 128734.66415405273 1561269.1142578125 -4832958.805591583 -973.525357828621 398.8086348344923 341.678587950938 71681460.27873547 842.3646857709131 78346047974.1178 0.07671172871311951 0.9994816703632781 -2.2778576411143012 0.06400344208110731 -0.40132750197596023
0.0 1934125.3524169922 4695060.6474227905 1948089.0603245497 1348.48830107729 2390.3867260228435 -638.9680980953838 67914625.11370964 855.9843530902184 78346002606.91956 0.07670894853974722 0.9994814056953464 -2.2777397961391532 0.0638300697853511 -0.7764818414384168
0.0 -2623769.764526367 -9367370.010772705 28719130.421420336 -4957.369354255232 -3873.9966469124483 3134.0128453945554 67115166.91483514 844.0147206768252 78346016025.23132 0.07670983001792939 0.9994814915366751 -2.277776005508592 0.06387984194624075 3.591607637471243
0.0 1298925.632949829 381343.0749053955 -1051135.8694877625 -1327.7180554866827 2133.428740578689 -124.90879597102689 62937906.297244675 834.3868120385307 78346036377.21564 0.07671125867581391 0.9994816334221153 -2.277833023498566 0.06395299915914432 -0.849261239772545
0.0 -6478564.375823975 15032978.726104736 -8151941.505840063 -4929.143111289679 8923.56745023643 544.0759444101739 43570438.221876584 804.1636898674009 78345994153.55722 0.07670916170980335 0.9994814496990734 -2.2777345692065527 0.0637791536723471 0.9538872607646165
0.0 -3360069.894515991 -2161358.668395996 -2368918.0924106836 792.0440495740622 8568.844819952268 -1532.381807857858 63699037.49970104 824.4597433469235 78346001336.76999 0.07670899782033179 0.9994814145089167 -2.2777394055077647 0.06382198035953657 -1.6158253328104015
0.0 -1036001.0452270508 7055988.848072052 -6740007.664750576 1273.3163158969533 -192.38854655808973 -56.67299075317362 72404910.39228812 891.1719278493969 78346005938.06436 0.07670902235689268 0.9994814084979015 -2.2777454670750417 0.06384611690793296 -0.1965346405400512
0.0 3523991.6241149902 -3750084.25 5134843.741239548 576.8353141369171 1523.34595619424 -643.3378450798186 67743416.23654985 860.5709835434355 78346040421.25638 0.07671136826178936 0.9994816393722157 -2.277840365047738 0.06397197218725736 -0.31445406930719
0.0 1205412.7496643066 -1698342.133644104 -5218113.282439709 625.7402556828097 988.242337861604 -1103.1662824703312 69995038.48104903 855.8797442989797 78346041663.19473 0.07671137792115287 0.9994816381375953 -2.277842070614718 0.06397840960776335 0.044924618229349456
0.0 2632507.249435425 5766435.184814453 -1097625.0457286835 -1578.7191317838733 642.200463221332 4.479076257568352 75401314.28641658 889.0888166833096 78346051509.41873 0.07671183939331301 0.9994816774634823 -2.2778643995830206 0.0640196495635319 0.038073427474061394
0.0 5292109.583831787 -5107481.357788086 6190755.081597328 -2687.940586575045 8074.996637418294 -493.24902304313207 40694889.91332298 810.7710487526574 78345991841.76025 0.07670910303719547 0.9994814468040409 -2.2777304632764905 0.06376820652270965 0.6435963930722988
0.0 2621539.365875244 -700988.2634887695 -3586001.23306942 -775.8714498802801 5688.63588401485 100.03276692203549 36503813.39138948 823.5333530531166 78345988691.54373 0.0767090315183697 0.9994814439353463 -2.2777250612021436 0.06375307453715973 0.16960598359812584
0.0 212376.66902160645 470532.98681640625 6730583.993070006 -2125.987014439561 1545.1469095063985 152.35355614517547 65456047.53506933 857.8544778528308 78346038663.01712 0.0767113267424652 0.9994816375669385 -2.2778373133088405 0.06396356731407771 -0.6007298956852578
0.0 -1556223.55078125 189462.13262939453 113348.21702706814 43.683738465289935 2536.089350892542 140.94280371643845 74908316.73072724 876.8472919482067 78346009102.92868 0.07670914700698654 0.9994814181188616 -2.2777521024026792 0.0638599753747755 -0.04179003973963191
0.0 -8251391.9951171875 -3938504.6401672363 -671145.117310524 -2954.6965381111986 9039.96107486363 391.86927581860203 42206709.44875206 812.3051991374087 78345992464.21991 0.07670909602363815 0.9994814446721502 -2.277731046845912 0.06377173469855535 0.89961227823995
0.0 4708693.983825684 51462.39952850342 -6764721.458076954 -600.3196109652608 2419.4652265158 -1014.1790717162213 65082207.360151686 843.7997365016762 78346037780.57715 0.0767112819611553 0.999481633605615 -2.277835233809223 0.06395995842785318 -0.5517378008137175
0.0 3262336.941040039 -17052.50914001465 -4971887.798978806 -5139.234888443472 -1174.3447203465512 4400.92577492334 69975643.81286713 875.5071517470651 78346016688.85922 0.07670978392186172 0.9994814843351847 -2.2777757440060906 0.06388458642329198 -2.1277261912719747
0.0 -3948970.9067382812 -11433854.864440918 -5555853.699977875 -617.1707680140407 280.7630828070396 367.5220763550299 70501349.24914275 841.0251139181026 78346045804.54456 0.07671162668520977 0.9994816616541337 -2.277852713139038 0.06399436380185985 -0.4046258959969302
0.0 8204187.414764404 -707462.8162956238 -2918865.7666568756 1044.466250778091 1054.9343434577859 -2255.4526422877707 64928932.7988243 886.1798013818676 78346000554.66391 0.07670890984523818 0.9994814048343065 -2.2777364575865255 0.06382001081178412 -1.176240674100504
0.0 517716.3439025879 324325.87228393555 -170255.6373515129 -6299.772322896248 8623.970846086917 97.45965296515641 44822001.47973728 821.1566382832872 78345995480.14322 0.07670920770354342 0.9994814529334095 -2.2777372073556568 0.06378512179432061 1.0440379823674641
0.0 11070723.115509033 -6956713.216278076 -22292863.029896736 1953.7793999103387 1166.774692592342 -183.7851183726666 64788427.3926862 822.2288572138812 78346001544.7598 0.07670897740790808 0.9994814114902604 -2.277739187052156 0.06382361917676072 -1.3780348822566593
0.0 735155.4290161133 4556385.876945496 -3882544.2600135803 -1547.766733994331 -53.04469143078677 -988.9379978265041 74479190.20963104 861.2036546684786 78346046728.97855 0.07671156268384474 0.9994816516509373 -2.277852353682552 0.06400096750537809 0.42776858674822094
0.0 -3136783.9186706543 8364909.501899719 -26000213.622792244 1802.1735475786363 1663.4382713754276 842.7305317866239 67296208.78827046 861.5878449875399 78346002829.06201 0.07670898184972726 0.9994814095054024 -2.277740823871038 0.0638304173720936 -0.9650939761435858
0.0 4840655.817169189 1660093.4550476074 2158843.9565849304 -1204.0694243290168 332.7046244786179 -1198.5438537988402 61573102.86981546 859.6341053498735 78346000231.6178 0.07670899300746689 0.9994814160905781 -2.277737974344472 0.06381615567408705 -1.9628174500357845
0.0 1253672.4253845215 -16705.11382293701 -3776467.184009552 -59.004624603808224 928.6909535904015 -450.89108126521523 69540144.38014835 861.674119948594 78346041787.86786 0.07671139995036534 0.9994816407010495 -2.277842723711888 0.0639785198075602 -0.08211459210714755
0.0 851130.7484130859 2459281.4528045654 89096.48293399811 1227.8317616258328 2156.388609376507 867.2530179556732 66453139.03490589 810.7866281693022 78346002616.96643 0.07670899438184095 0.999481411526258 -2.2777408571022777 0.06382895703637104 -1.1397709664986744
0.0 14240210.29989624 7056139.406204224 268003.03117227554 2712.159479779637 3321.5662015455127 3069.1716055127517 65517663.139650576 856.7920059789614 78346001477.34827 0.07670895055003103 0.9994814081962935 -2.277738491913343 0.0638239400243572 -1.1848151591941272
0.0 5416550.662139893 11099381.079589844 9396237.12106514 137.59541319788696 2116.8271767321603 991.7439627346581 73740480.28854863 885.2651313958736 78346010307.03482 0.07670926000723773 0.9994814301488667 -2.277756127381666 0.06386357888090988 -0.48508350976384934
0.0 1121662.505493164 1846668.751449585 -6118408.300379515 -7061.20731858797 4385.619518578249 -131.70839960618707 45907721.48558793 815.4371220957458 78345998186.55182 0.07670934692741055 0.9994814653248475 -2.2777436281464407 0.06379614221323582 0.9052633193326258
0.0 -2387320.401748657 7591377.545150757 -6595536.399273872 -2412.7103818377473 767.2375524388408 176.28651555193113 75279317.54910666 909.1733089648384 78346051869.65027 0.07671186616702377 0.9994816801642056 -2.277865442816434 0.06402090661959559 -0.038078331104202556
0.0 -3693914.6011657715 -2801142.988517761 9713417.063697815 -807.2383279539245 976.415558166027 167.24429230180667 65844156.235433094 850.5306157340863 78346039064.74966 0.07671134038952479 0.9994816385103342 -2.277838105787394 0.06396538181111389 -0.5688644486312057
0.0 -8117084.897369385 -2483346.7490386963 -10531751.759346008 -400.90174469666454 1726.2841494105778 544.5078267501442 71345467.50284265 881.772737757165 78346044738.22598 0.07671153249453963 0.9994816517533341 -2.277849283262362 0.06399102301809201 -0.05927126742570865
0.0 -2193370.0267944336 4741034.393722534 2095003.5525226593 132.47687446070813 1129.8517068968758 -270.67303717530353 67266071.51887506 856.611132802958 78346039944.72446 0.07671135259871084 0.9994816383201997 -2.2778394370280917 0.06396980648441009 -0.35815823336002595
0.0 4077863.9724349976 1385915.2492980957 875568.5120122433 -1378.720469490414 8586.469604813527 89.84159451141221 39630286.60099636 804.8959292840445 78345990276.90353 0.07670903604775582 0.999481441363465 -2.2777270598915336 0.0637614905923316 0.6472486998995293
0.0 691722.0233154297 581158.7382202148 241044.8624382019 -47.13549294943914 1167.6254157772273 541.3809061491695 19002081.878465302 780.2812688838526 78345972837.73856 0.07670856055141088 0.999481415325808 -2.277695333855852 0.06367974748687644 4.953634343487555
0.0 -4755350.121795654 -1489426.436706543 -2947716.4942264557 1502.6672923327242 1045.2298905066855 -5906.561734079605 59776750.38869249 872.2558240369591 78346035303.03067 0.07671128785735697 0.999481639279745 -2.277832407208173 0.06394647586284208 -1.4549869525851982
0.0 3392710.2697753906 4155550.720474243 2844248.5083847046 -3345.737796303068 -999.4386311090893 4504.889449839033 68434355.47142145 884.3840386701146 78346016595.53522 0.07670982563188881 0.9994814898438743 -2.2777765868561097 0.06388302257491674 3.819473121469291
0.0 -2220497.41696167 -2836164.213470459 8751025.759912014 768.5496441070836 1789.9814162332113 52.83873350812712 68053506.55482613 866.2751122957507 78346002901.42047 0.07670896304818053 0.9994814069619609 -2.277740480149015 0.0638312853093872 -0.7897502043620921
0.0 -1415318.7334747314 1334058.5593414307 6083144.070530415 -1202.1238416720626 -27.861306292723384 -428.20900359812913 75935481.02714746 879.3672488076253 78346049444.70691 0.07671169104184625 0.9994816626350718 -2.2778585369826176 0.06401231464708435 0.4308201312178248
0.0 -14910743.048309326 24778827.65235901 3214092.0895147324 907.8164607099116 1346.7535251296904 -410.3022322386014 71354057.38771816 836.293416786922 78346006119.33102 0.07670906643128272 0.9994814137632287 -2.277746692255941 0.06384597054117513 -0.47807418290503356
0.0 -2603542.7766342163 2049538.9887390137 -10385585.651768684 -2542.4446934871994 10944.77669246013 1012.4912335688675 43189851.85188082 806.3945042334537 78345992238.40225 0.07670905119879927 0.9994814393997461 -2.277729751239034 0.06377166042018967 -5.115630863466041
0.0 3014933.5106506348 -655065.8656921387 1312692.6347908974 -7901.2567422625125 1783.1637302564377 -611.8140630373834 47122398.30419478 833.0161611243304 78346000564.59402 0.0767094611969277 0.9994814751838468 -2.2777490854248823 0.06380603074885016 0.8660379520702914
0.0 -4048052.3797302246 -2410489.5995025635 -6423060.958368778 5764.079839769846 3602.8247352943945 360.06650098247565 34072060.91364081 809.5577042319804 78345980532.56094 0.07670858578014073 0.9994814032562219 -2.27770510908737 0.0637205137044825 0.9960833877286555
0.0 -350075.35038757324 1672607.3655853271 -199289.48708629608 1450.3611561902399 3491.611178866875 -6610.679695361165 59416873.571938306 818.7307694648273 78346035140.79349 0.07671128862880988 0.9994816397004922 -2.277832230931518 0.06394558317605892 -1.5174415674290058
0.0 10954144.544677734 -3730632.343231201 2717112.07412529 2017.0074685039817 1085.5460081718738 409.18527380853186 70876841.64920284 886.6300068003832 78346005239.20197 0.07670902499473606 0.9994814102231561 -2.277744692053727 0.06384228895937394 -0.46273761020308257
0.0 3131048.230529785 7971174.997497559 -531693.4180850983 -867.0280803557544 2075.3802479410647 1240.3582806193513 74270299.65773462 874.3254324185472 78346011800.35489 0.07670933896882026 0.9994814372597117 -2.2777597192011747 0.06386960512412188 -0.5520574216443035
0.0 -3031924.0173339844 1563660.2323303223 -6883526.242614746 -2967.659748862723 184.02063798452582 667.5846215972651 75001723.01004557 857.292392597509 78346052429.03107 0.07671191046860461 0.9994816847059749 -2.2778671251719445 0.06402278922655924 -0.17762021727690924
1.0 4986974.9269104 -534731.7387924194 1552187.7904968262 -401.8593682300111 625.4228081805268 359.81386030498425 65687427.14535369 859.6006096672251 78346039116.40698 0.07671134853510711 0.9994816394471419 -2.277838353921843 0.06396545246702612 -0.6152938408029458
0.0 -5452159.436965942 5257413.296966553 2494149.7077083588 -1031.3749547033112 211.50166237996928 -765.0367469419195 75281108.5524679 860.225528416055 78346048986.24338 0.07671168200748926 0.999481662392987 -2.2778577822381156 0.06401007745398068 0.33245880338453027
0.0 390729.4469604492 -2067185.4153137207 -1523618.2252693176 -2523.935582574042 9402.228674924183 459.707029190524 41737471.06643871 807.9313284478616 78345991821.7125 0.07670906951236894 0.999481442565155 -2.2777296722010996 0.06376895194294363 -5.390740337334337
1.0 -1684256.616104126 -4088387.34967041 7451061.527196884 -749.5824095114549 521.5910956490734 -88.13929850391128 74372398.11855958 837.1863941938896 78346049204.27448 0.0767117240331331 0.9994816673224333 -2.277859004486465 0.0640101810774718 0.08709493644814026
0.0 -520525.2796020508 -721560.2968902588 1584403.5041742325 529.6122190517135 853.7005117412227 361.90235698499674 71339824.35596274 865.6495666088815 78346006429.12463 0.07670908665166805 0.9994814157284031 -2.2777475252464976 0.06384712297629047 -0.5271629516170215
0.0 -3527148.2018432617 -2759816.6175842285 4406185.783195019 746.0838525669624 1062.2739861012378 236.32556879947882 73127330.91268688 880.4317123950913 78346007418.28006 0.07670909452501996 0.9994814147677913 -2.2777488877830643 0.06385224554454005 -0.23644188181871684
0.0 9065751.657775879 6184556.385787964 3265437.4626731873 2023.433923775432 4163.985318646406 -6358.02197466145 60752887.91609056 827.4112900315337 78346036277.90295 0.07671131991265377 0.9994816414336168 -2.2778343060006128 0.06395090607037712 -1.3761520230027866
0.0 -1969173.9830932617 -780459.9127655029 2640619.5213136673 -1463.7608858560197 1453.8803081517908 -240.18992780030726 65643214.55739825 838.6362504339783 78346038579.36261 0.07671131561248964 0.9994816363128814 -2.2778369586380762 0.06396340043152904 -0.5417458327233231
0.0 -1195805.9054260254 -4705802.975906372 841875.3761510849 1389.9011930861634 1574.8277832290405 629.893032329475 69913124.74949376 848.1868607718429 78346006348.63889 0.07670912563742502 0.9994814208641348 -2.277748321106132 0.06384569755503122 -0.8639030575234834
0.0 2269815.6850585938 5596067.4737854 -12199519.893320084 -649.1929979575143 245.13672634836257 554.3985375240297 71432108.05056264 876.7128244052435 78346047409.73035 0.07671170038919169 0.9994816678702992 -2.277856318373006 0.06400112585405182 -0.3890725449175706
0.0 2795923.058532715 -5753081.992141724 5416651.017894983 -2085.8199676967197 630.2965241017046 94.0789887369504 74862663.81793694 887.1254064839203 78346051190.10269 0.07671183566442186 0.999481677622014 -2.2778639325664827 0.0640180261290677 -0.049741219373356516
0.0 5935694.530136108 -1173922.3633422852 1353150.6310081482 1039.8705239312476 1955.3811057770872 750.5910065569224 73552720.93783207 875.2691133053089 78346008936.75626 0.07670917832261517 0.9994814224460661 -2.277752620330558 0.06385828407342586 -0.3457570148785123
0.0 554420.6717834473 -3115123.5661621094 879662.3583660126 -168.18353596676025 1340.202026718729 281.81107330038196 69650837.42266975 859.3375875219053 78346043780.33017 0.07671152374461182 0.9994816525397465 -2.2778479380336676 0.06398609097790242 -0.33706544565164176
0.0 -1026912.7854919434 -5983.869522094727 4778531.271439552 -181.874478472806 1316.6294275017244 138.73780274076375 67678021.44126715 838.6165756365477 78346002389.99771 0.07670894200703451 0.9994814052924581 -2.27773938736241 0.06382906873436056 -0.7996189445383067
0.0 962589.1736450195 -3519758.5277404785 5242804.988788605 -996.5395294754198 695.8822352424395 665.573503064945 71318401.40066332 833.6543671638307 78346046365.03476 0.07671163720258915 0.9994816618828073 -2.2778536237747553 0.06399711228673866 -0.2813687242425562
0.0 -4667312.4140625 7859985.558563232 -3359330.431081772 -2365.8850003375082 7930.562157902883 -797.1226301106651 40001943.50230957 821.1547663704707 78345991134.19458 0.07670907929080584 0.9994814451792206 -2.2777290741306215 0.06376500329399892 0.5946636094784794
1.0 -920071.705078125 1759006.1345443726 -1386097.0145409107 512.5320491771699 107.07068357289972 34.06404910836716 75023197.5892162 881.2909916171354 78346008652.7652 0.07670911471123676 0.9994814148914529 -2.2777508253149144 0.063858374916685 0.04715632137366832
0.0 49923.56604003906 -2824717.515106201 4520886.807598114 286.8091636587851 1240.3204523741988 344.6269589026483 70012859.61790407 825.260626734511 78346045457.26907 0.07671161961976315 0.9994816614424805 -2.2778521363548876 0.06399267483417415 -0.47651809095605546
1.0 -5237668.43057251 -1196518.1690673828 -3876656.9547348022 262.6705194048609 787.3243632948725 202.67137977371522 72898127.61134234 875.6780666655898 78346006694.42996 0.07670905539631279 0.9994814112120496 -2.2777471271953904 0.06384934620929705 -0.18793981513436986
0.0 -10281649.54171753 1241509.449432373 2613513.892829299 -2304.567648069189 137.45661339912476 -156.1023258577911 74307950.40734819 880.1431351407529 78346051899.35773 0.07671189810610567 0.9994816841807277 -2.2778662091533137 0.06402025354180019 -0.2740218803258867
0.0 966846.2959327698 2880443.652191162 5097595.790794373 -1117.9912977945096 -301.67738343434576 -195.7336320533327 75640657.56345426 861.9011784285922 78346051441.28583 0.07671182764068138 0.999481676099221 -2.2778640492182345 0.06401958205586844 0.10438828936509909
0.0 -443807.1388244629 2616540.280693054 -1040918.1209630966 987.5190662511495 552.0380524495595 -631.6778039388425 71447224.46310352 868.1777678937191 78346043131.79456 0.07671142677754562 0.999481641454541 -2.2778449440213167 0.06398506908712864 0.18421414215050547
0.0 1609105.200805664 2469882.5998420715 1173359.755077362 -4741.414642811141 1021.9030350886169 -6075.118327152027 66625926.310545206 886.0595544945608 78346013526.00339 0.07670968557458988 0.9994814780677131 -2.277769712937639 0.06387006928203309 -2.509981941338796
0.0 -411248.6009674072 12899053.87902832 -5405555.1634168625 -1130.4076350023752 -74.93406306678298 -108.39590568432197 76309770.52059564 900.1039474259089 78346052395.8753 0.07671186789652715 0.9994816793396022 -2.2778661114095793 0.06402369438622912 0.14023677106596433
0.0 1927715.1588897705 -3500762.0586853027 10399029.336499214 -2560.4949750394408 10746.876322538881 504.4841151690671 42593569.7234973 803.5440005801885 78345992156.17578 0.07670906439040728 0.9994814412468431 -2.2777299547992986 0.06377088216868643 -5.243010902219876
0.0 2251784.1209487915 3376177.0490722656 -2301450.012283325 -1669.1494764173767 1059.76234818073 426.44832120537626 72160908.13659225 863.0569464573111 78346048705.98212 0.07671176061400764 0.9994816729801478 -2.2778592458955567 0.06400656851250108 -0.37945209310201267
1.0 575949.6868591309 -8498688.559677124 3594680.5004997253 -327.7168889411805 233.75904385608737 -595.5091399355483 75187040.31157768 905.7851506663166 78346049240.7969 0.0767117011699332 0.9994816643324612 -2.2778585249897554 0.06401095955007285 0.2776743110881563
0.0 7039973.364562988 4420009.014892578 16871594.20976162 -3726.408884497032 6818.549203210686 76.42050362199262 41936212.87181042 811.565567117356 78345993521.83362 0.07670917191762816 0.9994814522571193 -2.277734047654706 0.06377549434226637 0.6691590271310006
0.0 -3962671.6186523438 -555447.9791641235 6599831.678753853 756.3454618910819 1981.9368280445415 -1548.2473735496314 68679266.36724845 853.4171088219472 78346040518.31006 0.07671134551481436 0.9994816362768365 -2.277839960566741 0.06397307344302838 -0.10303120275666378
0.0 -2085046.4770812988 780715.4155273438 3553553.122423649 -562.4665942593128 1168.0240547539543 -14.12586084074087 74902465.18191339 871.7770443478817 78346009494.08029 0.0767091721627917 0.9994814205524302 -2.277753145575107 0.06386144000078886 -0.09616318365085863
