Label Ep_x Ep_y Ep_z Ev_x Ev_y Ev_z t_t m_0 |Delta_a| |Delta_e| cos(Delta_i) Delta_Omega Delta_omega Delta_theta
0.0 -47336900542.53116 68159056837.040405 -3585935090.0133452 -376.49972532954416 9959.187976130188 1491.0841798707222 76383552.90167332 859.7030801906442 78346011921.66122 0.07670928135580811 0.9994814296655142 -2.277758545909209 0.06387172433137067 -0.06022160128024989
0.0 1178110.1937026978 10596632.228729248 -1368726.491364479 -544.8675046712669 2678.8416687813997 1188.2835332048821 75130631.2636599 867.3854162523437 78346010757.70432 0.07670924578788392 0.9994814274386402 -2.27775634072023 0.06386636600388407 -0.20964553907740685
0.0 -62099695983.05177 32244629819.890015 -191390197.49550915 -1731.0769275628663 7285.987045206886 151.47994753827084 74172948.96851557 839.9211438730526 78346049748.85284 0.07671176497273355 0.9994816714646365 -2.277860592219853 0.06401206960121808 -0.03020833206045745
1.0 11250335.882175446 -11540463.43762207 2383323.95451051 -1198.3816900054408 1329.4711433542416 675.4925122313275 74135401.59587826 859.2664471979368 78346049321.76184 0.07671173886443174 0.9994816689816417 -2.277859484292215 0.06401043581568899 0.015273237657696108
0.0 -53631812153.75549 159921148079.96198 -5484792150.2359085 -3162.4487693541632 9763.659511134261 151.73384250244476 38554892.589500174 789.8558341148273 78345992177.86127 0.07670919068257993 0.9994814573223553 -2.2777328705244755 0.06376778436341901 0.08321850194092795
0.0 3738075.2813796997 -2176943.2718811035 6490722.592357397 -1249.440094876114 8252.71207890335 -177.37811899673238 39199810.01124206 792.453508806771 78345989959.79132 0.07670902911399691 0.9994814411085445 -2.2777265221760525 0.06375996059095446 0.5977715739565053
0.0 -266049505646.1441 -45491950135.86987 -7271753801.426406 -13062.775963872165 -4659.0439101997945 796.6481292223868 46316130.17733377 809.2532999736281 78346002610.99283 0.07670961679461422 0.9994814909760684 -2.2777550919419167 0.06381308267864938 0.4123717719648854
0.0 3963452.205505371 -944338.7957458496 575966.7941282988 -12524.001530072308 10535.808995695043 175.18299318623406 46928020.41836351 811.348818639784 78345999619.29068 0.07670940685144198 0.9994814701261369 -2.277746711935582 0.06380232701030586 0.9459340355106978
0.0 -207712306962.19025 200157640477.6054 -5810551488.569701 -19196.77099071377 7650.293450784815 781.9876985343426 67621564.39350596 863.5890450684759 78346014712.63983 0.0767097305478114 0.999481481449804 -2.277772160447274 0.06387531026296323 3.861253937963737
0.0 1619368.947113037 -3224416.5437660217 2923588.8220643997 -8865.975348364367 33.19389025760029 -3074.789371512216 66693894.99630853 868.3783883810268 78346013101.07318 0.0767096563408855 0.9994814751809961 -2.2777685360781144 0.06386852667638632 -2.44813351509587
0.0 4016107362.918808 92035551353.90862 825809897.6725092 -7641.759776712608 13671.10343746855 508.5184418849062 74857902.80950567 867.3114790407151 78346011251.04956 0.07670928572264049 0.9994814315553144 -2.277757844219657 0.06386800440119522 -0.3398916456864036
1.0 -682192.4568634033 -558989.2178039551 -2548570.6302022934 -37.73918073788809 1861.14780888327 437.49735366009713 74387723.36993408 869.0427613941612 78346010232.84451 0.07670923525238552 0.9994814271368088 -2.2777554722608704 0.06386380972075312 -0.31914615533453206
0.0 -254835607510.9715 92823207384.5068 -17409577544.45103 -17882.87683950353 -56.03946979142165 1290.9712131727642 69406509.0744107 866.8830261875007 78346017537.60306 0.07670985571584157 0.9994814918115369 -2.2777784013276845 0.06388732642647454 3.9209681859806618
0.0 16217016.344421387 13598411.023376465 -9503788.705598116 -6297.402506219283 -5534.984072027495 2417.960027525185 69045762.98137051 843.6994863617075 78346017302.27744 0.07670985184752255 0.9994814917854018 -2.2777780315186393 0.06388615852286961 3.869100607070113
0.0 66653732261.789566 -1097533748.1641998 -847311796.2004877 9343.709250164015 2751.8623633643765 -311.0391768381355 68071660.79937786 841.6311670027894 78346040613.82007 0.07671137040501595 0.9994816392631208 -2.277840644268917 0.06397295388645485 -0.26382610454288824
1.0 5546618.826202393 5880649.90422821 1964776.3708062172 1103.14153473237 1127.595597552594 -455.74011487897224 67753787.00608963 846.8194077329437 78346040363.04807 0.07671136422449502 0.9994816389727048 -2.2778402030883766 0.06397176171212227 -0.3031877845052713
0.0 48949152329.80809 80345782378.44995 -539129811.2909918 4634.601608304609 5219.466510793245 -562.5893513844666 30227546.076299846 775.5081880736122 78345983300.21762 0.07670888139620477 0.9994814354873798 -2.2777151816399956 0.06372788308600175 -0.4074704419615123
0.0 -1027354.173828125 -697438.6393737793 -2185868.8304138184 2535.85047945975 2666.5953432599563 794.7875419715115 30433802.671147082 790.5620754985902 78345979965.16876 0.07670866207589191 0.9994814141216377 -2.2777061766500615 0.06371551843238699 0.21198455561556884
0.0 -289348794115.3704 51850307870.2101 5585528633.318859 -18656.308793396194 -5146.828175972316 -434.8736399725405 70694635.17801777 844.6017041211596 78346018915.45795 0.07670990385224544 0.9994814952172815 -2.2777811497885665 0.06389351590451042 4.033748527715995
0.0 1119196.472290039 1210271.1165237427 -3032970.100135803 14570.11500918454 -3233.8525685066597 -1557.2304177763524 69978177.89406006 881.2018632499046 78346018191.57504 0.07670987979115802 0.999481493584851 -2.2777797339372703 0.06389023287813966 3.9662449426867985
0.0 -47817776312.82794 153193099323.66763 -10358152772.944393 -3125.0050668110152 9147.024956471036 377.9139035583438 38864381.02323797 799.2079934911172 78345992550.48859 0.07670920490285463 0.999481458396846 -2.2777336413288385 0.06376942764696025 0.09697249371819172
0.0 1134273.491203308 2996846.443054199 -364830.97432398796 -451.50327785689296 9115.798384555486 -64.58487215185653 38857904.642697275 799.1272720019433 78345989240.98389 0.07670899379288196 0.9994814380287265 -2.2777248547407978 0.06375699147675284 -5.646909267165736
0.0 150434458665.38947 -26562488856.109253 -5580231642.832926 16112.148228310652 6282.037609153835 727.1624649731897 59453975.47873655 841.7628029625786 78346037935.51706 0.07671146592304692 0.999481656772339 -2.277839628411137 0.06395610984616429 -1.9702469181349191
1.0 -1256802.991760254 3461609.9109954834 -8851711.541387558 65.7954465794428 267.43472779683725 -1654.6960554320062 59424869.971534275 858.8705747163691 78346038396.59827 0.07671149626304466 0.9994816597277995 -2.2778408737980924 0.06395781883592022 -2.048615627060012
0.0 -191826493516.7537 109855362276.45929 5136043480.376171 -10615.677801800237 5938.863810396133 101.14136015318547 41974245.123421945 809.9264488167793 78345997377.46078 0.0767094169212781 0.9994814758655053 -2.277744262597348 0.0637900066824919 0.09656381030734984
0.0 4439010.7386779785 -1747902.5231933594 1555820.5688158274 -4611.73543693672 7603.735263258384 164.22644450061932 41945969.89456469 821.1692318931176 78345993621.35553 0.07670917797027865 0.9994814528317427 -2.2777343051133836 0.06377587584384958 0.6559352015486479
0.0 28502972093.30789 101323667004.25021 -2913588080.478971 2956.3988563858256 6682.078376323162 -323.83983030530885 32700286.196922533 805.5179587094154 78345986214.27945 0.07670899098112452 0.9994814436837068 -2.2777211724530475 0.06374077535495282 -0.3176804295789215
0.0 -6918585.338500977 -1611809.508758545 -1374246.4763131142 6196.1707611755955 3046.397314817619 -534.8117878740852 32956936.50598594 811.8298663847808 78345979642.66568 0.07670856344915823 0.9994814021743368 -2.2777035343824763 0.06371629327498862 0.8791358784089973
0.0 -25615307034.58255 72964933103.73929 4064520474.22453 -4176.226535195849 12042.639304393453 248.37337641485328 77184181.27992426 859.866331450209 78346013014.32047 0.07670932635985792 0.9994814332383577 -2.27776088178923 0.06387645880526804 -0.008420441087042568
0.0 -3805775.0947704315 13089268.436187744 33225233.15570879 -1293.566291496747 2547.563306964421 921.377642619552 76627695.6770031 871.474934471855 78346012583.53354 0.0767093160652137 0.9994814327804568 -2.2777601312901012 0.06387440262743915 -0.08678690852155752
0.0 117180485341.94115 -80782986411.86421 -11712102723.024197 14927.114894247701 -1261.894785354154 676.0824936892677 63424159.05958822 862.8614972330371 78346000746.5817 0.07670896863849691 0.9994814119570417 -2.277738032294942 0.06381954712534466 -1.585487283602089
0.0 2634259.0381774902 -310948.434677124 970977.8308887482 2082.5747095396123 1784.209693458106 -4933.464378936856 62994699.1764207 898.8958687479836 78345998516.70837 0.07670883954443874 0.9994813999108975 -2.2777324129158316 0.06381083326371595 -1.3072335147787368
0.0 137169810498.99527 -28785394847.598434 3124723544.6133504 16095.457529656109 9364.283464421318 1185.844840980054 62813059.09157851 835.5482228885861 78346038729.25461 0.07671141271360754 0.9994816484057742 -2.277839359667259 0.06396173554353801 -1.263471334977042
1.0 -6316404.636383057 -11554611.37135315 -13861087.21842575 -647.8749793027866 872.6271739498843 -943.2943713518309 62870662.04428209 847.6254109535614 78346037494.20105 0.07671133207450369 0.9994816405692188 -2.27783603817974 0.0639571418141891 -1.0502829129566384
0.0 -93739129370.1058 76805790164.08229 -479157765.99296236 -22592.18985032722 -1069.731859358988 1255.5488404394816 76602660.85501155 891.9160695706705 78346053032.13498 0.07671189946294553 0.9994816821035807 -2.2778675942576316 0.06402631485257082 0.1261459654477406
1.0 1110149.0916137695 718655.3163757324 8612453.089611053 -1683.0155360805475 337.2919088322051 489.0472942344694 75881547.62534349 879.482586330444 78346052166.28964 0.07671186648160977 0.9994816796151287 -2.2778658046001508 0.06402249492475054 0.06756621643687
0.0 -188979537013.43964 230867720591.46033 11822667348.97642 -19642.155185980937 8226.164026605671 -386.3051367279785 67177613.42608535 837.859560769348 78346014258.8038 0.07670971530105189 0.9994814804056036 -2.277771269083072 0.06387325609710803 -2.469245432322716
0.0 -6284653.269317627 -775330.590927124 -8453233.24291706 -6017.073719208753 1367.5291056870992 5508.615715265616 67154942.2141037 851.8049236888951 78346013592.2208 0.07670967344121861 0.9994814763875898 -2.277769514455679 0.06387073444906655 -2.399788763464527
0.0 -51138589824.33116 74887198996.93877 11161670282.794685 50.618706263754575 10097.903921160434 -544.587639211042 74020135.28943206 864.8160033328647 78346047625.70428 0.07671163413692729 0.9994816589872655 -2.2778550605588874 0.06400397439288064 0.20395296327943663
1.0 1490144.1776885986 -3120793.840072632 -7218379.617468357 -1063.796664593472 736.6861217119549 173.6179826582793 73910435.34343661 883.8175969284617 78346046515.90558 0.07671156666959741 0.9994816525828428 -2.2778521901888116 0.06399971944067762 0.32000017278826043
0.0 81516369575.21725 -49647944766.64911 1618365071.9176023 14063.9833158238 2668.5859841094316 -244.49964274832575 69351481.6628218 852.4939399434525 78346002461.69211 0.07670889482817324 0.9994813991284003 -2.2777383935202407 0.06383065538406374 -0.4014895567585235
1.0 -281255.64974975586 1604513.1576080322 2752813.67280674 -240.43779098151572 858.4822364450192 -155.61488211177846 68514192.9576537 855.387268915862 78346002684.21048 0.07670893493139898 0.9994814038047609 -2.2777395771436417 0.06383083208538753 -0.6415898806564257
0.0 -93316612268.37201 81772043897.9444 -6036508379.63426 -25219.565424552668 -7840.916813938165 -39.32328669818486 77449153.71540275 855.1862803409929 78346054448.29462 0.07671196370384872 0.9994816874875473 -2.2778707570071113 0.06403230055452624 0.1374586615744593
1.0 2784895.2146759033 469390.69802856445 4142362.506904602 -995.6224129273141 -509.14639109671225 -472.67488213776085 76751492.84375563 861.1752130354779 78346053410.04385 0.07671191898917694 0.9994816838444159 -2.2778684927850814 0.0640278515037398 0.11121302486783535
0.0 -66503407325.03848 -2821068352.955597 13720296305.636957 -5928.551284894487 4534.417181812867 -185.7594338450633 75429536.0649958 883.268971325679 78346052153.47635 0.07671187964323112 0.9994816813200345 -2.277866090446685 0.06402209097096545 -0.03918607928897422
0.0 4318153.486602783 1515956.0089874268 -356838.8748936653 -2768.982768083275 1007.353273981531 669.9398782238441 74487690.39276795 868.5721921161623 78346050975.59244 0.07671183356517708 0.9994816777803084 -2.2778636281187534 0.06401692521193247 -0.11190329821563505
0.0 79445561183.64163 -42951906986.471725 7459091307.766123 10605.285386570073 -2099.0898137484764 337.0944039657213 66485538.696312256 865.6440556699469 78346001644.76242 0.07670893130504397 0.9994814054072905 -2.2777382516690117 0.06382533077572106 -0.9720948353145867
1.0 213934.08395385742 696245.2055091858 -29877.618320465088 69.22801178223506 907.7202122626404 -997.5230699525584 65898864.997824036 853.0229391135565 78346001899.48581 0.07670896571356263 0.999481409292978 -2.277739343482782 0.06382582572954387 -1.1599840429858723
0.0 107898524495.50403 -72227527139.21968 -10005811988.315117 18082.965978688277 6009.092433038975 237.37808044565304 67887250.82174844 824.4405054981613 78346002343.86902 0.07670893259073117 0.9994814041822561 -2.2777391167600394 0.06382906017325674 -0.7405977654272196
0.0 -801247.2048034668 -4686229.189491272 -7041714.974057198 830.1084252483879 2341.005445323266 -287.15087116816926 67766993.84204242 843.1528981501094 78346002344.62479 0.07670893635827211 0.9994814046616646 -2.277739203871855 0.06382896834521645 -0.7703232862064792
0.0 88543422630.97218 -7699292573.2030945 -1807027335.5248852 13930.827684669044 8761.942487586968 -320.3821503272705 72559468.82656667 833.7192579147153 78346005359.96664 0.07670898066546855 0.9994814043252523 -2.277743822071354 0.06384406714148039 -0.07377120955041416
0.0 -12221913.510101318 678346.5697317123 17701240.201892853 2018.7908022208794 877.6457571808933 -268.84654063473783 72079308.29420461 869.7584464686313 78346005336.52658 0.07670899401917207 0.9994814060762842 -2.2777440996106364 0.06384360111334164 -0.18585846368651127
0.0 70742606867.69392 101462956934.67184 -4774386375.497418 -7597.356472585077 20470.62351393113 1151.953854953019 73492045.06817216 846.6827664664937 78346009347.54382 0.07670920642777124 0.9994814252169363 -2.2777537544615543 0.06385977929803754 -0.41646421661883604
0.0 -21081782.030029297 -228455.12928771973 -3859080.1781721115 858.4424737580921 2372.786683396738 319.6680446002533 72962070.23129876 829.4178988628448 78346008600.15088 0.07670917509804995 0.9994814227032605 -2.2777521441870294 0.06385655476164764 -0.4423262587739813
0.0 -60458677150.48358 54990714216.877014 -4775584423.698214 -11177.813745907166 8172.316900496589 -383.5807456795004 75852169.45168486 865.7791082488418 78346051096.97604 0.07671179911508202 0.9994816731432873 -2.277862984930782 0.06401845527285044 0.19981141518764767
1.0 2945117.2301712036 -42446.38888549805 1072696.4917030334 -1021.6964041231622 -329.8704084097217 -172.64436233875927 75182401.52834255 879.7126224393567 78346051073.00677 0.07671181829912203 0.9994816756388 -2.2778633952461718 0.06401783799604566 0.04206409481579981
0.0 -268081288824.1758 10919121573.570114 -1572131286.4298997 -14642.437712751134 8.383001936230357 -319.0857305938052 71934871.11215629 878.6800250391162 78346019500.70493 0.07670990286215797 0.9994814939281633 -2.2777818267042336 0.06389669051088198 4.238790562053719
0.0 -14352842.062408447 -8293780.6178741455 1628921.0223770142 -4756.023667163992 -2178.23779818408 4266.34722866986 71269828.6080485 891.3009207834366 78346018844.5358 0.0767098815344159 0.9994814925099101 -2.27778055433829 0.06389370230318203 4.174795228523391
0.0 89775322770.21344 -79502022336.06042 4567663416.307992 12030.472012263126 -2474.8762364159375 -5.182319220602494 63861840.590066314 840.621587684768 78346001059.3306 0.07670897507081535 0.9994814121565839 -2.277738553320658 0.06382106640843599 -1.528569237335235
0.0 931684.4956665039 574374.4641876221 -4570522.275612831 3279.9537257414213 2749.0225189469784 -6090.859414024339 63443005.708688185 854.3284681320594 78346000764.42163 0.07670896919468465 0.9994814119925556 -2.2777380663464624 0.06381962897152871 -1.583780882650906
0.0 103767974543.8618 -36509252371.49419 -6353055894.648207 16392.393305102196 7839.199965325304 153.16610132147295 70361555.05638972 836.869612598081 78346003698.69104 0.07670894257056204 0.9994814027640163 -2.277740964594094 0.0638360968987195 -0.3515199288313704
0.0 4317701.737792969 -9496006.019649506 -7990116.008054376 1807.2377021057314 1113.45225743626 -99.1194262303371 69595860.83366597 851.5470559939354 78346003810.47104 0.07670897338893261 0.9994814064754216 -2.277741803392126 0.06383591400689159 -0.5554891059992995
0.0 -349046959045.36096 -112229610168.62677 -6156195462.44533 -12390.190313606146 -24046.22731251776 -715.48079106956 74487904.42627317 836.044567303559 78346023263.36334 0.0767100641462675 0.9994815070360353 -2.2777900148564187 0.06391283346264132 4.284141193968649
0.0 -267319.9031677246 -3427423.138946533 6645099.814085007 -3842.6749991404577 -6085.398833917749 3767.726161019995 74286287.75795001 859.0779951765574 78346022187.68604 0.07671000170035948 0.9994815012036558 -2.277787300172806 0.06390863431930693 4.400233297836504
0.0 -183429309033.6782 148106594967.8355 1183156891.16756 -10798.674826441194 6065.416887017165 1.6008050867324641 43880123.30936833 782.691207140855 78345997515.77393 0.07670936680781826 0.999481469195004 -2.277743281238498 0.06379202652467342 0.5273738299488546
0.0 391135.2426147461 72848.28739929199 774933.5843672752 -5692.203229269489 5093.930268450516 -471.7931213214863 44189168.63559834 802.7349209558611 78345996358.88571 0.07670928338295652 0.9994814608462971 -2.277739989441818 0.0637879243336732 0.7668373494364176
0.0 111026069963.69794 2834070880.779007 -603870857.066227 12198.715238891735 6026.603491713591 1159.2152134001296 62693748.96928413 864.4609855454414 78346039038.64542 0.07671143615807577 0.9994816507827331 -2.2778402659493255 0.06396280374825736 -1.341698634317343
0.0 3419040.223815918 -721796.1638717651 25856061.786240578 748.1851402343682 1137.3049849092931 51.54555933098618 62419342.19269849 854.4177868086352 78346038684.09558 0.07671142200704179 0.9994816496813425 -2.2778395183381286 0.06396125598336244 -1.3539469416625094
0.0 -13574532670.646881 148039761787.11325 6179279145.398691 -17124.61541101054 15843.009789633892 1405.1439772406943 76481899.89892936 883.0100312314153 78346011850.81052 0.0767092737903791 0.99948142884066 -2.2777582881072935 0.06387153562382242 -0.027467763907117748
0.0 -10973892.533790588 -1954187.5987243652 13090947.47131443 -860.0479161408621 2119.403252613324 1238.6471778342066 75961219.12129769 884.8853577573599 78346011091.58273 0.07670924141757268 0.9994814262174868 -2.277756639818502 0.06386827395058425 -0.053793722509991926
0.0 -103410880158.85591 78430941148.33064 1007211778.124546 -16152.84576575387 8481.026546892088 379.68688685745116 76298303.74072523 875.1541822510629 78346051130.0322 0.07671178742771602 0.9994816715862137 -2.277862757014878 0.06401893063489439 0.30274212862191197
1.0 -1951993.4602737427 -145579.19403076172 3745710.091781616 -1006.9644869846961 308.42360056940925 -567.1238798999057 75996818.81433412 884.0903117410151 78346050667.98141 0.07671176725028477 0.9994816699294348 -2.277861743008192 0.06401695776292282 0.2898044973449298
0.0 77421512170.22426 -13829769027.696594 -3974023644.00562 8797.010568847434 69.75194830277178 -96.24986307884308 67602402.6608863 852.4506688788173 78346002407.84052 0.07670894548500864 0.9994814057010202 -2.277739488273161 0.06382907622727796 -0.8211649424208045
1.0 3274635.9647216797 -6080218.764511108 -8527010.201631546 147.15490427977693 1968.357397651649 -102.2972876668164 67395555.14027299 868.730100578419 78346002063.05475 0.0767089298679638 0.9994814043927439 -2.277738718788683 0.06382761832202455 -0.8159540181652281
0.0 -172059920200.76294 127413687343.23744 -2921146531.040145 -9631.631199594136 6791.281773872581 414.94905231737283 42652596.36994019 799.4974821353027 78345997103.75067 0.07670937846508831 0.9994814715013437 -2.2777430554697533 0.06378951258072085 0.2976760174586133
0.0 3804265.3675842285 -438965.5637512207 3182439.2455387115 -4264.615363296562 9926.67950479664 -144.45961283711807 43094377.45772256 807.0621823659103 78345993331.49313 0.07670912394496414 0.9994814465125521 -2.277732722427579 0.06377569110220005 0.9705376234546192
0.0 61735528618.92122 -35517161898.57869 -2175932338.5830736 10241.740555488017 1637.2100355272378 32.758887150754916 69097532.75193773 836.5606366094422 78346002750.43417 0.07670892111830072 0.9994814019102066 -2.277739340233697 0.06383154003943137 -0.5094946732196
1.0 2288563.81060791 -203437.21588897705 -12282119.19537568 -176.70587132705987 773.0503575733346 -94.37050679414315 68674427.71499987 855.7945256765395 78346002850.84024 0.07670894061490827 0.9994814041991182 -2.2777399063726707 0.06383158411254986 -0.6290445370688909
0.0 -93310542546.1977 85405414775.28738 989014167.2878911 -22858.374302114426 -5747.828174333052 -336.7709531384404 75043594.72441873 863.8182158073233 78346053360.40424 0.07671196864131943 0.9994816902786275 -2.2778695695837126 0.06402632058622881 -0.2904724503271271
0.0 -7100029.674926758 -1557097.860824585 7064622.529328346 -2396.7677154676567 432.37044124995737 1085.3312360854334 74650906.59986246 885.3881447954508 78346052212.4104 0.07671190748746305 0.999481684755919 -2.277866798021597 0.06402169939739366 -0.2329792176628147
0.0 -222685684013.59268 124878665189.38411 6856041169.436895 -13419.137694243318 4778.238429302806 -259.75064573867826 43640346.20901665 800.0054906677532 78345998075.38321 0.07670940995437904 0.9994814735896933 -2.277744937438156 0.06379393976006931 0.39128175394326425
0.0 514950.0420227051 -733048.1060791016 -1445892.074005127 -3342.469428711818 11583.571544835913 692.7226797222021 44242457.19089593 797.8978438499558 78345993201.84842 0.07670908015956726 0.9994814411817756 -2.277731565564776 0.06377610790534494 -5.0224642980378125
0.0 -53052369980.52394 64397245568.46954 -2550176740.4312544 5450.643717977826 303.0363529553233 202.43128288503124 75045387.94369784 854.2233056873988 78346009729.35126 0.07670918276444866 0.9994814214380325 -2.2777536693907816 0.06386243622924237 -0.0934671570182033
0.0 6256337.797317505 -5071823.448425293 110937.97447633743 31.109347963509208 3839.00108371676 388.7032635594694 74728020.952751 879.5952267474855 78346009545.59534 0.07670918084718939 0.9994814215584857 -2.2777534058687614 0.06386149617738113 -0.1450727835027854
0.0 -119841201733.62506 13338022363.636063 1694916999.7960567 -11971.258535089708 3451.2763000903506 1454.2602221603368 77118952.76459596 865.7223558099035 78346015551.10782 0.07670949034987314 0.9994814491280356 -2.277767666521319 0.063885936068794 -0.34706249903522407
0.0 10365308.32616043 4820570.853607178 -7951408.693248749 -1354.2024881990765 1824.9119930656097 572.861378964599 76681888.40651448 868.6370359716371 78346014547.58566 0.07670943979291468 0.9994814446692857 -2.277765310129242 0.06388182260686648 -0.32392602965501616
0.0 51245561836.92784 81974115177.27403 -4358197328.9085045 -2844.4111533221185 19510.08447025669 -280.333768246027 73280161.38818982 827.0785253644478 78346046176.52487 0.07671156449332224 0.9994816529792923 -2.2778517347153224 0.06399794851471174 0.21373157237785811
1.0 3279403.0852661133 328268.55084228516 9061055.838281631 -502.119368095704 330.54934151410635 -749.8877347304099 72324149.27670772 837.8592962665962 78346045139.42621 0.07671152784247573 0.9994816503627181 -2.27784965638639 0.06399330041763207 0.12158928112219314
0.0 -283832502562.8765 1815978857.1854248 -20572173149.246166 -16700.705666537986 -3851.0145104625444 1060.5340096512623 70685190.53003943 861.8275398757552 78346019625.0057 0.07670994944862164 0.9994814996267927 -2.277783041272551 0.06389617365334033 3.933929483046507
0.0 2989960.5190429688 856825.6352310181 5782124.247448921 14973.892854516369 -5000.436964325258 -1825.1218110851987 69665371.75832936 878.8652656816425 78346017339.30649 0.07670983504863982 0.9994814895678927 -2.2777776913906997 0.06388678536793169 4.004918069218499
0.0 -279884133446.60474 -1019780856.1819458 -14586878028.366472 -15450.020482668471 -3894.0377072034407 679.2346731195471 72140252.0820412 830.8703896761514 78346020341.85965 0.07670995021748772 0.9994814983006145 -2.277783915751934 0.06390001170990978 4.169580614993636
0.0 -8694932.42880249 -9806726.072296143 -14819972.327641606 -5233.714816170073 -6287.465827593398 -2433.6695180555575 71877051.13096023 838.834136095177 78346019610.41003 0.07670991165502927 0.9994814948323394 -2.2777821590370757 0.06389705706653448 4.210597944174607
0.0 59694419767.92027 1483935330.8583221 -1081321408.4938877 7523.49441756731 2266.931414589806 77.29060827902242 70277331.2629607 835.8763426533995 78346004130.9144 0.07670897277267877 0.9994814057600359 -2.277742172330805 0.06383765410343756 -0.4391465839998212
0.0 -5982692.282592773 -502823.67432403564 -10568851.958378315 1605.9892362361015 1351.5466032288095 267.73995700687186 69777775.41915603 854.16396000172 78346003501.1847 0.07670894801492387 0.9994814038514249 -2.2777408530836105 0.06383489547761201 -0.4625733387255133
0.0 -18223709260.284256 61412663763.755066 8280083341.892834 2482.955954277204 7361.259086585771 677.5083896068547 76070235.24997655 838.536253080041 78346010634.44193 0.07670920885772314 0.9994814229700526 -2.2777553483476685 0.06386664266871644 0.032280411543779475
0.0 -4249836.5076293945 -10952845.064788818 -1272423.4346370697 -100.18684910281809 2242.7699290768924 636.9927992462481 75244095.5589103 855.5515164402932 78346009963.09451 0.07670919154324576 0.9994814220940658 -2.2777541496696108 0.06386347063268616 -0.07700686720602778
0.0 93676516607.73491 43410723759.84509 5813668405.151969 7843.290975057822 16107.372379496814 -99.61692114066818 69692135.22342613 856.9905360502496 78346043073.85901 0.07671147735952388 0.9994816480242258 -2.277846032180012 0.06398346986012271 -0.22863956163076082
1.0 12765893.771759033 3891125.401260376 10675029.874875546 657.0666001886802 1469.0254625279558 136.6767786914179 68724438.88805227 850.3935178828053 78346041876.31052 0.07671143082538856 0.9994816444651442 -2.277843535909925 0.0639782098870425 -0.2916764897794675
0.0 189391785909.106 21220221254.819824 -4228614538.160204 15820.68992823765 12500.280521460842 921.0506501350604 60850257.314890936 856.1303406521965 78346039676.22226 0.07671153388226447 0.9994816619861453 -2.27784326418637 0.06396374739448163 -1.8921360712375377
0.0 5100832.0342178345 5570491.681854248 -14197371.543373108 1459.8631833043692 5419.397081421401 -7608.46673676716 60149217.186158925 834.4158339791691 78346038002.77469 0.07671144871510388 0.9994816544428724 -2.2778393150571303 0.06395690977490354 -1.809004884123392
0.0 -246601334853.361 248436066943.53427 13958749050.015068 -26510.86304631145 3194.520582515055 -613.2343535367945 67866186.61645949 839.2294688581043 78346014740.76657 0.07670972477804588 0.9994814806575536 -2.277772062045048 0.06387560847877971 -2.370579982867249
0.0 -717941.5378723145 -5169010.16758728 5149587.5109882355 -3398.264754839187 2763.137169050173 5160.694486860207 67633868.40503775 884.024520004911 78346012947.07178 0.07670961743661824 0.9994814705217809 -2.2777674617903543 0.06386868817028368 -2.2223410460215405
0.0 -71722958842.47418 23273507163.411926 -6656878076.147385 -10005.528924203481 126.35244032384799 1200.2553616914333 73155372.32448232 872.4343293714801 78346051832.06577 0.0767119294562866 0.9994816883146567 -2.2778668460675044 0.06401909346763457 -0.5385379526938332
1.0 6668158.6251831055 5574763.693222046 3513722.22617054 -523.5923423705754 -62.68180257769927 803.2786547739715 72235257.90396917 861.470229147082 78346048565.85693 0.07671174936761047 0.9994816718234496 -2.2778588210592017 0.06400610070678336 -0.3439083357363068
0.0 38970415666.93948 74677722100.92291 293002325.3899307 4463.48091149715 12199.042001496728 -221.41462267843121 74168901.48640804 848.1544052818052 78346008000.86703 0.07670909950940054 0.9994814142464613 -2.27774969822658 0.06385525377051238 -0.06760990277519241
1.0 -4289903.899810791 1903150.0191955566 7259717.24985075 307.5120437385158 1541.5679286991726 41.9225205969783 73987609.88534497 855.1335950830642 78346007993.19043 0.07670910462621301 0.9994814149147498 -2.277749806132788 0.06385508222266445 -0.11012405989851826
0.0 -63252347841.95355 133552888828.76846 12274011988.142557 -2160.3313752497943 8718.157457093184 -668.1585985569819 36858797.08006849 802.6154015625622 78345991762.71494 0.07670921663226195 0.9994814614590594 -2.2777329680600715 0.06376488983026718 -0.255536944974307
0.0 -2921201.1117858887 -2402879.2254333496 -5736008.832627296 20.831082073713333 6372.675371619039 -562.5204797933983 36760610.45730254 808.0520490390985 78345987686.92947 0.07670895943205507 0.9994814367310773 -2.2777222108724895 0.06374950318364725 0.39966117801654244
0.0 -257051305524.4037 -185467611091.76407 9919140503.806526 -10254.787237185215 -15321.247471676732 -1683.3099707695746 75582097.4649096 862.9698487209764 78346025232.11691 0.07671015600919336 0.9994815148482206 -2.277794470189193 0.06392108979332356 4.228613076049612
0.0 -20710319.482330322 -2858821.800628662 -3530934.7932350636 17988.535413710677 4817.140476237444 530.8589489623955 74892290.88485251 873.0625087120311 78346021847.36365 0.07670996122857969 0.9994814967146829 -2.2777859673001837 0.06390783305765257 4.590678148358888
0.0 -261931142640.18307 9920117054.311035 -1777379005.8788512 -15264.34507565203 -3037.2881202378467 11.709966802180332 71594815.08200386 851.9370831341021 78346019911.61963 0.07670993961606395 0.9994814978024112 -2.277783158887059 0.06389796628449229 4.104054856064648
0.0 -132491.84100341797 -3880622.5063476562 -6448024.896162033 -4517.742438235702 -3269.316851148844 4277.303217571752 71249413.72143756 890.1088301646953 78346019211.2739 0.07670990558186733 0.9994814948503439 -2.2777815429674106 0.0638950637649538 4.120952889902153
0.0 -63731287095.54962 52831424208.00604 -2214044768.728691 -12750.070551790292 7515.12877524869 1133.911554283114 76380662.41690293 822.7825816347299 78346051869.2384 0.07671183207849043 0.9994816758152965 -2.2778646623136947 0.06402177205376791 0.22649567737398574
1.0 -909832.828704834 -3770113.7015075684 1324525.2227535248 -1130.9525938945517 -139.17469108792193 -27.716949536722154 75579494.01333113 843.5390231747307 78346050555.61871 0.0767117729829286 0.9994816708841032 -2.277861739869803 0.06401620718929912 0.20403531669177102
0.0 -5234171500.145264 151710208651.7123 581402216.107894 -350.1604867453989 9688.33595357452 -424.3610739776777 36658766.6864381 799.3027442864917 78345989830.51831 0.07670909944896413 0.9994814503421844 -2.277727977047482 0.06375747470178172 0.016278929515734397
0.0 -528060.7237548828 5635952.470672607 -2260367.6984944344 -237.2487863328497 7287.2021915514415 183.23626424553743 36816289.86253516 803.5683145005074 78345987951.39056 0.0767089745957173 0.9994814381410161 -2.277722873967299 0.06375054037586292 0.3682393917787179
0.0 86166420413.43344 31156367967.89908 -1664543896.66431 -861.2663369990878 23061.700304561768 201.67323228243038 73718884.98433757 869.7937602541441 78346046914.0556 0.07671159801552696 0.9994816557917635 -2.277853383368824 0.06400106417226858 0.22315745382563096
1.0 -5520353.698928833 4700295.626373291 8288191.7564640045 180.52573476503312 1958.2892051171038 -283.42648945774795 71791364.11787958 866.2309352486726 78346045173.98862 0.07671154652715294 0.999481652678294 -2.277850125240823 0.0639930108291491 -0.010571740208424885
0.0 38275782950.89545 118715893557.78342 -1803749640.8990078 2824.3275976592085 8091.407580926784 -403.6227394957035 33367450.018970758 779.7921248651478 78345986464.11707 0.0767089862992003 0.9994814425898441 -2.2777213639634266 0.06374223898186493 -0.20077707788424837
0.0 6048206.472625732 4155006.2895202637 -10113979.706267476 5081.499074688569 3887.6368708771624 481.4854318392833 33371202.09776282 788.1321682597103 78345980704.12158 0.07670861841024164 0.9994814070801515 -2.2777060607993227 0.0637206063968705 0.7939637383075759
0.0 98130793628.32603 -7550031677.728561 -1031412381.0944834 10271.203884450848 2108.2942150002273 519.0548563021031 62386254.11032789 828.253373982558 78346038606.87549 0.07671141809992184 0.9994816493361811 -2.2778393366313865 0.06396093988443141 -1.3499355877272523
0.0 -4533963.046600342 -4563579.066848755 -2929438.678319931 -1433.966567833471 1584.368885114869 -1073.2956474158973 61966256.445428155 850.7510247889219 78346036712.31747 0.07671131012294187 0.9994816393213893 -2.277834601267811 0.06395349297408259 -1.1460588598327526
0.0 -30798140709.478546 76307693674.11656 -129616610.00490701 1228.0162358680464 11087.540978507013 1075.3777817130183 74775023.45322458 899.1705689084353 78346048532.35239 0.07671166867892466 0.999481661593945 -2.2778569347007678 0.06400797417136683 0.2690190096614762
1.0 658633.8283996582 1379681.7143478394 1676140.42223835 -1055.2086520588164 493.3154376194216 -256.31772048818857 73957019.36363174 871.4219799628356 78346047023.86157 0.07671159766160171 0.9994816555284436 -2.277853506526094 0.06400166408255714 0.2658808418038863
0.0 68589612095.04524 45019349842.60315 -3584660942.1708074 6500.115610630557 14349.435849553682 -776.0214526319095 71867782.75727516 856.1597604983633 78346044806.97183 0.07671152072985282 0.9994816501155183 -2.2778490962391014 0.06399169240808256 0.056748853051873493
0.0 -13094756.255981445 1183079.2734680176 31200131.65477562 -90.46537076139157 479.06492931980756 -272.3676458184626 70748860.64287826 850.6311349547715 78346043492.74094 0.07671147142269541 0.999481646434498 -2.277846397041681 0.0639858751107294 -0.03265244618493035
0.0 -151634412902.03827 166543343585.0456 10499864425.998663 -10435.755062385346 8216.219685137963 -513.4316342527262 41451843.504805535 795.728471998309 78345995697.65051 0.0767093258229669 0.9994814675765615 -2.2777401701466986 0.063783285788789 0.22167682112635134
0.0 -956254.8808059692 -9731807.247772217 2139985.1983424425 -1695.4667668122565 10596.723706974943 806.346021890053 41562936.70366766 793.1464652547097 78345991221.73138 0.07670903660183864 0.9994814395568049 -2.277728201962872 0.06376656091628163 -5.334285898904134
0.0 102265646514.53456 -38009639778.0278 273882339.7812414 15789.467335104824 12613.99282231352 -885.4173170791336 71658040.60767058 881.7622060005427 78346004928.31412 0.07670898098390044 0.99948140522368 -2.2777433133850495 0.06384173617319178 -0.226251053191467
1.0 6474343.603485107 -7848065.5614852905 3180141.3121242523 1294.734846714492 1009.2324630861294 -140.22097142596317 71508697.43723448 892.0209216661635 78346004945.89682 0.07670898672541275 0.9994814059215086 -2.2777434657791193 0.06384168465361739 -0.26501191676242497
0.0 -214253727220.33618 62967966982.71823 -12477273394.734047 -11746.740919669573 4029.915704063231 699.5719547011568 69752662.68521357 862.5827505496785 78346017740.59698 0.07670985797112218 0.9994814916960473 -2.277778695580132 0.0638883614000445 3.973561221194024
0.0 16767228.414276123 2258585.6112823486 11114731.077589035 -6006.462774115245 -5009.083368287149 -2106.6531225613367 69277895.41178761 863.8493993629494 78346016589.81186 0.07670979917757159 0.9994814864790537 -2.2777759746897166 0.06388366511355503 4.010489395504542
0.0 -150771026957.8745 150941672962.82626 24052317686.29609 -3293.498261471078 10043.906317450306 -850.857274877363 67543821.74892774 855.2140668557554 78346013792.23422 0.07670967418476551 0.9994814760851091 -2.2777697705538946 0.06387179186078562 -2.33551186690549
0.0 1533232.2413024902 1706833.7196044922 675379.2235403061 -8904.688279006195 -2436.969675887951 -2451.085311654979 66971669.12737416 838.4597869038705 78346013997.41922 0.07670970498117544 0.9994814796078808 -2.2777707205003743 0.06387211217076683 -2.4856540694496316
0.0 28030010975.26133 58267409162.07233 -4195912640.7812395 4671.471774760514 4233.591158595593 -950.9250622737766 71116470.86299539 854.8247355967857 78346006427.35965 0.07670909344681054 0.9994814165991878 -2.27774767862231 0.06384694052176165 -0.5813472488441135
1.0 1732035.953338623 -8139186.314254761 13364976.761145592 1650.8137674379504 908.1015097557647 -24.406490047474563 70674102.2891104 856.6552372149745 78346005834.55414 0.0767090692779658 0.9994814146923342 -2.277746416987527 0.06384436560747186 -0.6015948186186977
0.0 154478883039.27237 -8931851163.443848 -332364803.5022621 14917.968180707036 5985.298456939465 501.46664198155844 61435467.670629755 835.0345839548046 78346038738.69519 0.07671145592230613 0.9994816539006297 -2.2778403596485712 0.06396068655920395 -1.6062265516924688
0.0 -789873.3562469482 -1200400.0929107666 3853686.3942945004 915.6563478881326 5419.548771700784 -5266.765715823799 61181309.91102092 826.0415214389985 78346037808.67871 0.07671140440178015 0.9994816491738837 -2.27783806907348 0.06395699318419812 -1.5217161666062335
0.0 4740652527.8033905 65237442410.430954 -11240255792.316101 -369.57693064424166 11315.067378815904 958.4051799383373 72931316.55145386 857.8076157974714 78346046972.42206 0.0767116260999802 0.9994816592594241 -2.2778540957619366 0.06400066342983557 0.027196708165677208
1.0 11133905.333847046 -1477063.5922546387 7834533.569839954 -1014.3542843532377 521.643504404492 12.108890129842507 72602195.10231675 876.3852247779769 78346045872.23163 0.07671156603238725 0.9994816537800914 -2.2778514061974375 0.06399627183992784 0.09145145916695874
0.0 64131730293.02377 -86176901892.55731 3041120178.954064 17498.049880239385 1992.2387825914047 -282.5072251537749 68987409.46569592 835.1497509837543 78346002087.65805 0.0767088822062471 0.9994813982605465 -2.2777376576077666 0.06382896384866577 -0.4299483480109412
1.0 -775192.3611755371 -2496666.000656128 5741749.054536819 -279.57284766346856 1114.3486574466078 -84.1117735055592 68200890.42215145 817.3952910432647 78346002145.14316 0.07670891020197798 0.9994814017195532 -2.2777383669173807 0.06382856062223308 -0.6313024627876385
0.0 -3417949867.966034 86051514179.87308 585943133.5604153 -5436.019890535383 13041.760972917205 536.091045724786 75095246.2848207 843.2986096710399 78346011066.6323 0.07670926660718044 0.9994814294820141 -2.277757186380229 0.06386749853648155 -0.2587029147024724
1.0 -3210247.6551971436 681352.6849365234 -6574308.5823225975 -668.2789437631 1019.2112672097028 1095.1487410747986 74657466.84612687 847.2837528021777 78346009979.03336 0.07670921070409048 0.999481424508029 -2.277754607158298 0.06386306870559544 -0.2202809114866176
0.0 -99953009101.9704 27863527596.52838 -5686421291.172848 -14570.487567448814 2502.7170160738788 -1073.2491408438525 75941315.07048725 869.2379214797888 78346052772.02652 0.0767119033091507 0.999481683111065 -2.277867371347422 0.06402481722711251 0.0019524719510723987
1.0 2377069.7192993164 4574074.349441528 -8248965.324636459 -1593.018488869282 -33.14269384612271 345.46259481229134 75684957.91554742 885.8303686849375 78346052197.88287 0.07671187457893572 0.9994816805856191 -2.2778660276473897 0.06402245883943714 0.016229829747791413
0.0 201663989230.59314 -10350676027.784927 4178182101.569272 16907.53509605034 12999.440304678597 780.646548369507 61712850.15792537 852.8830524981179 78346039770.90286 0.07671151324943266 0.9994816591652779 -2.2778429052438076 0.06396478206657896 -1.695501444485402
0.0 60081.27359008789 907854.0246276855 -159392.31887245178 2290.93288370964 2123.9848697964844 -6223.128917916564 61377629.34664595 879.1169489216979 78346034800.62378 0.07671120626720594 0.9994816298664174 -2.277829939723108 0.06394584895368105 -0.9690934340139725
0.0 -164190352036.7403 134082781311.78595 -848408683.4961011 -9416.052436642485 7341.794817912389 402.31545739240175 41893456.21773083 801.781533212372 78345996528.51752 0.07670936521530312 0.9994814709531934 -2.2777420646889137 0.06378675430840186 0.20226822003381328
0.0 -1045048.5552978516 -911933.0152893066 -4724373.511011362 -2414.407608531692 10914.635361774392 353.2737492469572 41805110.46295577 799.5529757326885 78345991702.45279 0.07670905980575234 0.999481441563213 -2.277729307539119 0.06376855722876584 -5.355474050883945
0.0 -165026162903.9434 213765067037.06244 323450227.33400726 -16345.55688585015 8742.478582943626 269.2410248701973 67664551.67742154 824.8094617972548 78346014470.47818 0.07670971375639343 0.9994814797878729 -2.277771486761477 0.06387443450102914 -2.384744075737942
0.0 -3396072.220184326 -6046986.577545166 6812374.9916882515 -7265.879063937326 21.435370511466317 4535.554983039973 67390079.15613145 856.2093344216651 78346013783.94424 0.07670967841040331 0.9994814766408718 -2.2777698573355183 0.06387163969682064 -2.368780565068942
0.0 50149306029.512505 57380089870.796234 3251564863.4676385 8437.228922266811 4014.6697924215932 180.9243647119638 74114951.28818604 836.5699602321222 78346006654.98651 0.07670901524415091 0.9994814061655982 -2.277746161289843 0.06385015594118393 0.10970456174018972
1.0 9563412.42803955 -6636888.614234924 -9808290.103779793 1080.5446031812917 819.0970459222481 -204.0954508706925 73688921.98150451 866.8063917128202 78346006866.43451 0.07670904192118025 0.9994814091502976 -2.2777470244637508 0.06385061480540966 -0.02246922331657175
0.0 39769742778.62789 85000042361.62329 3326022681.4616756 7606.4794091772965 10111.080272733714 71.74842350401332 71492387.40056118 841.6786406478952 78346044126.85608 0.07671148891495412 0.9994816474068483 -2.2778475552824626 0.0639888422629511 0.0586181169465646
1.0 8123676.377960205 -6718089.320037842 -4932934.208989143 434.71212396151714 -87.27570976616698 -379.2628526362114 71300705.92193761 849.7070564794889 78346043900.3627 0.07671148038174626 0.9994816467679528 -2.277847089289097 0.06398784062177754 0.043594948732448735
0.0 -120597074854.51572 216936469827.50616 -2488657690.3188815 -9880.597644788264 11963.155461009674 1158.2076490840395 67571718.71783936 828.535351087103 78346013358.99515 0.07670964565988617 0.9994814733054119 -2.277768599981853 0.06387018650158716 -2.2814051957859762
0.0 -2064584.4353027344 4050478.577529907 -3387208.590942383 -4789.58270334 2255.2929814757917 5851.764319728929 67380944.60240482 846.7830716881174 78346013299.62085 0.0767096477690894 0.9994814736925843 -2.2777685772715754 0.06386981330292674 -2.3172998975082617
0.0 37332739864.39072 73189804240.18343 -9062082759.96439 -232.78466163291523 13923.076647054791 -82.80259837127096 70805091.85844299 834.5592454489906 78346045419.3432 0.07671159269619815 0.9994816580822712 -2.2778514749587537 0.06399315602682609 -0.28045635143203024
1.0 -1216341.4394683838 1681646.503250122 2642791.3197803497 -18.68670503240355 678.2628607043007 479.68209304326615 70584581.42079282 849.5777041236281 78346044788.05304 0.07671155920853832 0.9994816550632024 -2.277849954089607 0.0639906112052886 -0.24911459016833687
0.0 -78466529012.56195 74205443073.83049 1739787215.7726564 -13320.890677500203 6707.247469631446 -873.6577105129231 73097509.27225803 829.9447791994891 78346050228.47794 0.0767118288575881 0.9994816786635836 -2.2778626273424365 0.06401302456619717 -0.3485550073017191
0.0 5248102.173233032 -3824354.339324951 228408.40765476227 -1148.9972163816274 1646.4999098668873 470.664202984623 72682612.03370379 826.3123463067343 78346049315.49649 0.07671178339602577 0.9994816746763344 -2.2778604957697803 0.06400926864062484 -0.33192370189902054
0.0 16941337401.017143 41383053195.20413 2149943133.155393 3989.085687414401 1563.3714728271934 -683.0868871680685 71590642.02977526 868.5255044955218 78346006834.37524 0.07670910476946866 0.9994814172355064 -2.277748424229321 0.0638488426117858 -0.5252128717345094
1.0 9182324.931640625 -8534239.604881287 5406266.773487091 855.4523425148109 972.3110676062643 246.11583947399834 71156212.58249998 863.4913205967292 78346006574.30005 0.07670910159975611 0.9994814173477816 -2.2777480408212147 0.0638475237399474 -0.5931805311394959
0.0 -205393410132.54868 227176578684.45792 -7066902417.120232 -19676.61031615653 8805.825086803798 1463.969023923613 66864571.59373835 838.3290832743929 78346014107.7467 0.0767097153378332 0.9994814807104201 -2.277771089359591 0.06387244227273836 3.76129133553099
0.0 3210128.9540100098 -1899400.0645446777 2340365.6134548187 -5022.6071834293225 1946.6872501101898 5462.849560180142 66384975.64968584 854.1351677068558 78346013079.21326 0.07670966449934838 0.9994814762656196 -2.2777686966290216 0.06386820138436455 -2.5142864268290976
0.0 155171881081.51257 -55134673527.09781 101940303.37927914 19430.30773106819 9205.194049908572 480.9989904124169 61007452.69546169 843.8569517902697 78346038111.9108 0.07671142914001651 0.9994816517282367 -2.277838997597094 0.06395799531451551 -1.613521027309461
0.0 16678180.42163086 -664620.4135665894 -31271937.370487213 -673.0846470381889 782.5142878805127 -2147.968845026182 60831182.64752845 853.3442900641802 78346036540.61557 0.07671133426523914 0.9994816427431336 -2.2778349484465363 0.06395195449820523 -1.4006364458360199
0.0 -72669535374.6091 -7341271095.719711 6520468331.488719 2157.3837776699875 3945.9393300199335 210.53907990346272 76896083.2300944 886.4742971131677 78346014261.93631 0.07670941492976452 0.9994814420635963 -2.2777643997645853 0.06388091827372921 -0.23647787719477628
0.0 -8968594.88557434 8128055.481658936 31683083.97237301 -914.8703404728258 1916.622379449591 928.5827587275102 76761947.98318036 886.7862253856762 78346013854.39532 0.07670939305698954 0.9994814400818426 -2.277763412123048 0.06387928188796188 -0.21679932677562622
0.0 23144917929.748215 115745173117.75711 -1780462220.0913024 1952.3461296206988 8010.201921610844 -434.0033140328579 33406984.789185025 789.9104146248825 78345987118.72168 0.0767090268726542 0.9994814464675335 -2.2777230748375623 0.06374472891141458 -0.3034176018342669
0.0 2519375.4109954834 1272303.901977539 2527771.6962509155 4098.3899113984135 5831.274410978433 227.17661029458395 33934167.11080578 805.410293507379 78345982504.0368 0.07670871592266709 0.9994814159496246 -2.277710443583797 0.06372781035771613 0.615504774673084
0.0 155041320028.93704 -45697711997.50685 2393837933.087363 21543.961545799546 22552.137868384045 -952.3219208751941 71543740.8792257 846.5833038713915 78346004419.13046 0.07670895200781282 0.9994814025370217 -2.2777420417083225 0.06383973361415318 -0.17659773038993665
0.0 -15665231.850646973 -4359515.057727814 -3981059.8822255135 1880.7890837095447 505.15841082331826 -802.3791806050062 71393703.51084274 862.9607771342319 78346004723.70792 0.07670897609527304 0.99948140500628 -2.27774295694952 0.06384075955011514 -0.2591644604900687
0.0 -57639293776.176605 150904048382.865 3589110752.3902535 -2909.092325856065 9387.7307257351 -381.4933033581013 36919651.64004055 814.0128379307611 78345991584.68762 0.07670920338319731 0.9994814601218805 -2.2777324520926308 0.06376426903339816 -0.21158196985367916
0.0 2435483.158378601 1859217.1381225586 -1877030.4752902985 -991.1991742941718 7446.131828206953 -388.1128290654482 36993253.4314541 808.5311712002796 78345988547.54935 0.07670900718706145 0.9994814411160564 -2.2777243323329297 0.063752918957384 0.31001098470242017
0.0 93415911468.52258 101820609910.36798 -3370882280.7130513 2692.6641177482707 20075.89130940989 251.91509675779002 72302662.46892416 880.402228772877 78346007255.71057 0.07670910965026526 0.9994814170213582 -2.277749039551262 0.06385098572462766 -0.41291131772291945
1.0 -41554.31817626953 400913.8982925415 7550794.6326675415 761.0645521506613 946.3831906420382 207.5277745462255 72345233.97418751 903.452935986415 78346006287.90692 0.07670904653982974 0.9994814108893209 -2.277746438608095 0.06384738399942691 -0.26233857083616496
0.0 103913986.69407654 80517659961.9044 -2965751817.654008 -4481.718186582515 13793.102070525303 -413.4000239599534 73654949.52194683 810.0949657947474 78346047951.54471 0.07671166623606823 0.9994816624359802 -2.277856184538501 0.0640049108291949 0.07488024484182179
1.0 -4840596.491546631 -5712170.647949219 5447093.043024063 -1007.640885861445 741.5747724037465 -2.5640485942236637 73025004.10489678 829.784263978577 78346046874.68488 0.07671161696195618 0.9994816582875744 -2.2778537698372765 0.06400037006333559 0.06227700754901189
0.0 -94630350515.12794 77867700628.85043 -3175574384.4198456 -19251.78280979078 3822.857390876721 1427.86433583429 77655389.98876855 845.0320973629525 78346015280.21255 0.07670945646249332 0.999481445341225 -2.277766567301216 0.06388534082426833 -0.1844861414172126
0.0 -1312717.8771781921 -599866.6711730957 11900014.254587173 -1260.179119714012 1769.3591858237282 793.944646495553 77043842.19155832 841.0430990829155 78346013155.53925 0.07670933971700027 0.9994814346625168 -2.2777613562308967 0.06387687877245174 -0.06013132052065461
0.0 -53915005669.42352 154553885299.23724 -1962431926.7353823 -2953.162892012264 9321.881415379623 -147.15149298213146 38018585.39753143 792.0742129545469 78345992096.32407 0.07670920206328448 0.9994814589368451 -2.277733033471452 0.06376705591233911 -0.03158788042865579
0.0 948674.8769073486 1116206.5036010742 3286145.315712929 -4288.472257759837 -968.4699209040373 145.1421079499613 38300866.29633889 824.3598121351347 78345986980.84189 0.07670886671191372 0.9994814263000271 -2.2777192452435915 0.0637480634907801 -5.395729145095142
0.0 -57156715300.92618 48026356598.855316 -2510993986.774664 1136.010531613163 7380.3449340850275 211.60058023728868 77641286.89273107 842.0796740659417 78346012941.77597 0.07670930759064656 0.9994814309869579 -2.277760365598833 0.06387654615116567 0.11043523358627191
0.0 -9462761.906391144 668076.2206420898 337736.53711104393 -1006.5893994312864 2994.0478893174413 520.0163278559812 77586637.31429854 847.6706208550753 78346012362.93445 0.07670927232208526 0.9994814276356377 -2.2777588666733335 0.06387432890177269 0.17133878482944992
0.0 -66205584102.763306 62466520810.3451 -681972956.0275698 -9363.594837388346 8114.237569552541 248.20594170395418 76455512.19302191 821.9451518080874 78346013790.43402 0.07670939845050015 0.9994814408973179 -2.2777634590813123 0.06387880041170213 -0.28204881565752005
0.0 -1551411.4446296692 -6278535.520568848 12080991.20380497 -1535.1020438416635 2816.447671834837 -101.6901011226762 75209764.22502874 847.6440598453897 78346012425.28433 0.0767093498146433 0.9994814374022922 -2.2777607143789114 0.06387269201624601 -0.40677710282011126
0.0 -50205229459.62552 4866950378.573944 -3657413074.098103 -1026.3949524962609 4652.532999302242 -192.37800792458935 75700085.36128026 857.7501675196254 78346051526.7933 0.07671183126231987 0.9994816763914397 -2.2778642342989546 0.06401995001856164 0.10755093382648279
0.0 504943.84914398193 553961.6082458496 968050.2923288345 -2055.490754629136 1556.3796833473534 102.85593733008409 74968760.14684938 866.2084523801368 78346050120.21231 0.07671176407111463 0.9994816706118571 -2.277861015490605 0.06401409095553134 0.11324143710120305
0.0 -62509123384.89461 101945661426.45119 -6631155457.294727 -18462.038417293632 12480.830684847828 1733.0437713801073 76707173.8378923 864.8294859304659 78346051049.71649 0.07671176965413845 0.9994816694778165 -2.277862254317243 0.06401895081973397 0.41130085770068897
1.0 2675887.7718582153 -288481.2781677246 3909184.8348093033 -895.3439002533269 150.62866573559677 -537.3072029409808 75927243.68861055 850.0650363194154 78346051005.9397 0.07671179098056177 0.9994816722860582 -2.277862689977715 0.06401817242264674 0.22960416058620242
0.0 -42271549613.22104 135459535353.85056 -2953116449.9362984 -19576.873484010477 10558.557999437333 1185.026322446107 75268523.99941134 839.5509729012003 78346012178.21082 0.07670933222181675 0.9994814356477902 -2.277760016484444 0.06387181022192578 -0.3610518909688435
1.0 735974.1700286865 110701.58261108398 -441773.32992744446 -688.1903132465231 1178.0953343976144 776.0218172252053 74906326.74528919 847.8720267379412 78346011349.24042 0.07670929049442651 0.9994814319692191 -2.2777580707787854 0.06386841134220678 -0.3410234997640674
0.0 -246095476914.7536 113462128821.30476 2177108389.470024 -13499.426356531381 2041.2388440519844 149.21044144547136 45520425.536175214 820.328900448467 78345999421.46976 0.0767094377545649 0.999481474463176 -2.2777471825940507 0.06380047589882398 0.6456652670976668
0.0 1553777.243713379 -1021368.3041610718 1251680.0490541458 -7326.876796294881 3495.0252927451547 -325.1581353288931 46292715.376751706 831.0646621841179 78345998959.93536 0.07670938440056069 0.9994814685709337 -2.2777454100617582 0.06379935024491346 0.8879550510613006
0.0 194552655184.94745 -27123609543.020554 -467253361.0384922 19990.057238911282 13846.797593593368 677.4071052131782 58954908.46000512 813.868374601173 78346038242.8162 0.0767115009790267 0.999481660635107 -2.277840797886313 0.06395687124851257 -2.1402142883167325
1.0 1407912.040802002 2094308.1250915527 1197128.9019927979 -1592.7836174978024 276.9793155294137 -789.4306345661334 59092424.15317486 841.2656793578794 78346036942.80359 0.07671141372078627 0.9994816520831019 -2.277837247292012 0.06395209642906163 -1.9014800661058198
0.0 -287288718312.3679 -45401663563.30356 -2681538795.2213035 -16365.487145890136 -5065.787564153984 42.616840951917965 71584346.65523197 829.4866313927876 78346020679.75757 0.07670998898506488 0.9994815025769532 -2.2777852067313042 0.06390084330263068 3.992003412097061
0.0 16481954.492370605 19363198.258369446 18476160.129096985 16123.772818056537 -852.990390877636 -1223.883023969912 71015677.24567865 858.0962845427499 78346019258.49097 0.0767099158256047 0.999481496063939 -2.2777818338038345 0.06389505712151156 4.0608929522165305
0.0 -42931959308.861664 58378765074.01729 433479498.0174303 -287.63160743362823 8711.591358402648 -272.62337504394816 73705739.06482874 880.7950604029951 78346048309.75244 0.07671168753666899 0.9994816644423076 -2.2778571001180135 0.06400629630241639 0.041289785038433224
0.0 6500941.888839722 20590628.88824463 -16114907.86826086 -594.3045237913466 474.30760324297626 716.1258432907161 73300448.41854219 890.8192584407179 78346047668.06552 0.07671165910002792 0.9994816620884205 -2.2778556823979015 0.06400356696886789 0.02619576783513733
0.0 -48493074290.427124 171941799048.77667 -3431703706.8863854 -3209.913444847718 10020.997122517758 -72.23272452288472 39260798.19459267 798.7501763679271 78345992252.30634 0.07670917360372176 0.9994814549946551 -2.2777325687152388 0.06376861968293923 0.23899933887228064
0.0 -15247927.020355225 44259048.70440674 -4864838.130259037 -2446.9032177871995 7123.649602983773 -503.840551449107 39324494.59151078 810.4378274911129 78345991024.5311 0.07670909324088326 0.9994814471774648 -2.277729262249383 0.06376405808933505 0.45250606713651154
0.0 58013790742.54155 -18506983623.705246 6313223352.424992 10571.720039622338 5647.043593403283 -299.98218567904826 69661775.91348025 856.0209650321879 78346041960.16827 0.07671140718984894 0.9994816412825356 -2.277843095322765 0.0639792627456437 -0.07769236840069715
0.0 -1685214.5561523438 2100772.943122864 830178.9497294426 1995.4252970084472 2162.5688421449195 -854.1806835475418 69437609.43319361 856.0998054257055 78346041568.58475 0.07671138912042248 0.9994816397547011 -2.277842213783686 0.06397761542604208 -0.07503365661295525
0.0 89989370109.07283 57008462506.1275 5238792218.644293 10195.338599103205 14651.227217687496 -99.76121195068887 74478015.57204613 879.0083038434861 78346006739.15015 0.07670900938915892 0.9994814052510023 -2.2777461279208664 0.06385075787943428 0.18418226483374678
1.0 9679140.308685303 1673216.4253692627 -7250053.584508896 959.7679284951498 317.61499821093093 -795.3592709633916 74057232.5909094 886.3795783349075 78346006539.71494 0.07670900966922979 0.9994814056830469 -2.277745895936015 0.06384967752474591 0.11245065700294243
0.0 -272525174779.85455 -36115938945.04886 4776113925.008785 -13408.601498955522 -4238.349450353446 46.62786672447015 46510101.24200566 799.4918201205995 78346002436.25833 0.07670959963878776 0.9994814891337983 -2.2777544905164158 0.0638125790398405 0.4807273306467651
0.0 -5512071.026397705 -5586028.75528717 -13892327.649388313 -16931.4752302018 1359.9025938626 711.8160978577444 47020015.77667676 809.1174931459087 78346002333.80817 0.0767095773268699 0.9994814864897383 -2.277753857515112 0.06381259562761255 0.6139576403946778
0.0 -46295613931.03775 75742447873.13345 4967101209.659409 -10435.034642173348 9169.203706102842 -195.9334356436758 76116283.3649148 865.1934384505699 78346012937.12521 0.0767093544587705 0.9994814369780475 -2.27776143247098 0.06387532819479258 -0.2547561902610902
0.0 -4159421.0057678223 107714.75872802734 1616507.459991455 -808.1999496914323 2844.132566374794 837.5104611302227 75536040.08910964 861.4823685255918 78346012214.56741 0.0767093262694494 0.9994814348158849 -2.2777599237411463 0.06387215737168717 -0.3014999943878999
0.0 -25714563213.10669 59418983498.69313 -365075194.52519846 -2761.7414891140434 8966.221674417082 -10.50177302345628 73065979.90519412 884.9311000690994 78346047956.25528 0.07671168475239577 0.9994816647893013 -2.277856613857863 0.0640044648842375 -0.0669756730605684
1.0 -1668799.7304992676 -1714990.9159851074 2156302.109773636 -1147.2139765069187 1129.882240840162 566.5136493085464 73063273.3060147 898.9783709177595 78346047919.44147 0.07671168248557851 0.9994816645731553 -2.2778565179840333 0.06400432447563631 -0.06291166357455677
0.0 -243868439852.46695 92556175507.68454 3424473362.252733 -16954.837925280015 533.340797433717 -503.5875009255839 69592825.01236221 835.7538402550447 78346017870.58423 0.07670987121418568 0.9994814931279249 -2.2777791539859145 0.06388872383029653 3.92034347122918
0.0 9234385.653717041 3815612.0331726074 11029342.251428604 -4271.706453947549 -3222.1736607498424 4074.182276485138 68823192.86754322 856.5502410642774 78346017351.81516 0.07670986189410436 0.9994814929691318 -2.2777783206181446 0.0638861693877315 3.81214358330443
0.0 -90499805810.02252 55321776353.49412 -3349461391.480177 -14306.45197327599 4920.128065299541 1235.0705001667125 74754360.97505353 820.4582621394367 78346051413.22409 0.07671185326020039 0.9994816794239321 -2.277864601898013 0.06401877895606756 -0.10452058978742079
0.0 13667767.76122284 286908.28674316406 17546415.046515465 -1980.7337858048522 943.3092756163232 761.8301736905345 73967401.48006171 845.1962050452024 78346049854.59909 0.07671177808170214 0.999481672927233 -2.2778610185804693 0.06401230499364097 -0.09298351623093523
0.0 -82711275070.57358 21672422065.89924 -10027903711.815357 -4666.7164232771365 7309.772961334682 851.2362794371079 77286862.2325827 846.7711136081607 78346014581.08276 0.07670942322117176 0.9994814424876824 -2.2777649709773313 0.06388242466620131 -0.18352937411869105
0.0 -3787219.747121811 3441710.7080688477 5760436.778661728 -1247.8828742008336 3344.3775713500636 497.73224293538976 76472061.38809249 862.0568096046795 78346012192.99768 0.0767092959431385 0.9994814309881623 -2.2777592040350894 0.06387281319248839 -0.07396281285946044
0.0 37569138282.29843 109647575445.64551 -7181077584.520999 2922.614913706784 7588.392401623942 -169.59243065758847 32835916.21863857 792.8979641971686 78345986158.85297 0.07670898324742795 0.9994814428068024 -2.2777209292378253 0.06374067393195482 -0.27565395496545264
0.0 -382666.00650024414 1355674.0736694336 3245560.404661417 5480.4189732985005 3265.740582572187 786.0658210710081 33448710.68931337 798.1890435342193 78345979998.27393 0.07670857094505804 0.9994814024244194 -2.2777041309766 0.06371801612717931 0.9373236068631621
0.0 5617657134.253075 62974987588.4456 5912744059.162233 2068.485950005892 10859.046570536964 -921.6676422415259 73700436.99437523 885.1390022397305 78346046468.5745 0.07671157014232309 0.9994816531199621 -2.2778522130744023 0.06399937634538055 0.27611248406751887
1.0 7002979.282470703 -35598.60661315918 2213974.250312805 -1054.1060620318385 705.8987268509554 -1001.3657823283651 72537069.93837816 883.8926577312822 78346044393.46191 0.07671147362783359 0.9994816449266086 -2.277847524169663 0.06399066605813708 0.2717490372154775
0.0 -168881936045.48804 122058255424.84349 498552903.58337957 -9653.710697129774 6394.811489058024 103.73327672176917 42173232.34944016 800.689789456698 78345997117.37695 0.07670939416080196 0.9994814734774736 -2.277743430905203 0.06378918640577513 0.18199265914134877
0.0 -4525307.427295685 -5426858.845550537 1441674.1484975815 -485.5035768226626 10930.580994856984 95.21459065391696 42073781.40373734 824.3515310180701 78345990574.37958 0.07670897946943721 0.9994814335512267 -2.277726120858551 0.0637645314907882 -5.105958524102611
0.0 -276651396283.5821 -29551452235.446625 2037198833.3024206 -13309.80335272711 -4859.410905175153 426.79873064808965 46676540.94379753 808.3887367673929 78346002535.74054 0.07670960084307038 0.9994814890898903 -2.2777546369882686 0.06381308373486849 0.5072615277250005
0.0 -3731791.8669891357 -1245284.3439407349 1064997.4686031342 -19065.626006217266 1704.3044269079473 835.889967635889 46365113.355131604 828.506471013274 78346001887.05713 0.0767095690567489 0.9994814863219421 -2.277753134258397 0.06381040201204602 0.5173474902532922
0.0 -94923662688.21906 75750261763.95612 1724473710.0975637 -14278.386131925527 9426.917579546029 413.3141082779929 75794038.14915532 826.4100105206724 78346050351.52847 0.07671175331647218 0.9994816687800868 -2.27786104590615 0.06401560948048068 0.28168269586065786
1.0 496986.8766555786 -3614556.056945801 -1217005.922000885 -759.5461926033058 578.9620717469952 -294.4261771219217 74490678.51875915 850.2500667767736 78346048686.60355 0.07671168732193785 0.9994816636664295 -2.277857545670664 0.06400832972665427 0.18136708886486824
0.0 165284180857.74344 -40553742755.11459 -3992378779.962259 17348.203329999757 26873.712541946854 -384.94274979364513 67568413.73688234 879.9719279172994 78346041313.43582 0.07671143063948434 0.9994816455596109 -2.277842858828015 0.06397518560623094 -0.48996891276518584
1.0 13994835.328582764 3508099.3222198486 -9364662.0435462 1048.9245443364543 1459.409531862526 168.08185369332955 67194016.31690085 881.2118593463822 78346040681.56522 0.07671140187414904 0.9994816431442346 -2.2778414453206164 0.06397251746367782 -0.4870833747693638
0.0 -110798315784.90936 135508839153.88528 74759833.2865668 -4843.874788173848 8891.687398030366 -9.1575575737563 38222949.248046905 808.6767910379408 78345993494.36282 0.07670928500684883 0.9994814667449906 -2.2777366025126224 0.06377246806351522 -0.20788669446414154
0.0 1776271.9376983643 -10495816.514892578 14364303.236754417 -1862.519719358028 6725.382185217452 -789.3462967026865 38194619.586379305 812.4880979837541 78345989968.41833 0.07670906075318902 0.9994814451295441 -2.2777272564526667 0.0637592017058779 0.3583787030254548
0.0 -50210591954.289246 56486279626.4784 -2628453555.9747634 -4965.830453615796 9538.65997651402 1217.3674826722956 74923714.12313321 852.0362279579174 78346049688.87552 0.07671173792365907 0.9994816681322473 -2.277859901592312 0.06401243532040635 0.15753703894640278
1.0 -2135846.0887908936 5790176.153045654 -9448988.865140438 -1116.1944480768761 405.66769949790887 470.50627985965525 74422786.74378663 858.5199997346772 78346049402.21893 0.07671173511336943 0.9994816683431281 -2.2778594946345168 0.06401096425658537 0.07394591734493738
0.0 -15287008133.095337 158779977480.745 -3542446196.528105 -1625.9324477838582 9981.39939075743 -69.93712857443023 37450614.40881191 806.8109495834591 78345990708.75708 0.07670913103393788 0.9994814526283802 -2.277729749567745 0.06376139686319782 0.0596713072648285
0.0 1212727.7499694824 642720.6330566406 4769199.6135036945 -959.7001596931041 6732.325647871293 155.65943655321797 37508185.67275228 810.3697906327675 78345989325.1796 0.0767090409126339 0.9994814438753418 -2.2777260335725646 0.06375624522742296 0.30229221309924714
0.0 -234199494418.21985 -49771622259.77774 -16891706112.421684 -12378.89789002637 -4779.878914073499 564.129338824477 73251388.32469738 847.3890232422444 78346022163.38266 0.07671003215581064 0.9994815051386867 -2.2777879680002995 0.06390772835573788 4.1617946213303485
0.0 -8593315.36076355 9019481.941040039 8625104.733249664 14550.607192024501 3951.9341026216825 -409.50908663441936 73060518.2884445 857.460483742856 78346021548.16684 0.0767099987777895 0.9994815021012927 -2.277786468854477 0.06390526724595169 4.20908286786245
0.0 -45295695718.23714 91766408750.42868 1854504683.9675794 -9146.726587205445 14192.162800105885 304.3207022674959 75982790.20349309 834.274796718179 78346049949.637 0.07671172181820984 0.999481665559152 -2.277859844768421 0.06401424849328397 0.37816447952722726
0.0 -6728841.4569244385 -14208778.564605713 18574549.56087017 -586.6905305911205 138.84136543958812 -346.45378687759205 75425437.31937112 847.1076785089039 78346049189.1601 0.07671169049985639 0.9994816630735193 -2.2778582191148002 0.06401095326099071 0.3412614558065812
0.0 -44954853841.946075 80576556711.78043 861258536.2138081 -4976.316524966971 10340.13573093331 286.9581487087828 72487159.82890627 829.0668749631129 78346048490.27411 0.0767117367509063 0.9994816703635853 -2.277858442017898 0.06400601510298909 -0.27398478092351414
1.0 3785655.710849762 -4063281.369293213 -347341.2825217247 -1172.4246666565705 1054.937559952194 -133.67937660351657 72420142.30475652 840.001050783997 78346047807.39413 0.0767116952220414 0.9994816664209331 -2.2778566754828997 0.06400339733024474 -0.20290899430726064
0.0 -19398292644.399506 65417711610.37601 3149491901.049411 -1794.7812870674243 10785.292492574757 -331.91208140944815 77104631.49892664 866.4728468832578 78346012298.96921 0.07670928314533872 0.9994814291441645 -2.277759037869507 0.06387370920095048 0.06413383634742054
0.0 3605648.9913635254 1776960.6288757324 3045526.9258680344 -1099.1889698651867 3098.965541644036 135.23991904934383 77046701.78202863 878.305619907936 78346012185.95126 0.07670927772083938 0.9994814286763706 -2.2777587786515316 0.06387323908359122 0.06477080995042878
0.0 -153709254493.30273 125819092860.0324 -11656318831.589355 -10007.63020969152 5648.611615395719 553.3720822374406 69854313.78123283 852.5833204785364 78346016705.62387 0.07670978874474385 0.9994814849173901 -2.277775874402094 0.06388455388232117 4.126117518384328
0.0 966362.565612793 -688742.5094146729 -739044.9870576859 -7215.549060287158 -3647.9874965982344 -4246.996782978309 69792868.506541 855.4200255245667 78346016930.2598 0.07670980498799815 0.9994814865441244 -2.2777765145952094 0.06388534928316414 4.084742061959449
0.0 52234699188.9935 77825854831.93852 13305224786.272615 4482.93124962 14543.70801811013 -1703.0858164628285 74533820.78831 881.6573021223318 78346008517.3807 0.07670912120239126 0.9994814159889344 -2.2777508120143355 0.0638574811514232 -0.051580966815683804
1.0 -9137365.7868042 -6748779.282623291 7962371.713590801 182.23506633926445 1770.1806066654244 382.04235518007124 73737202.70360146 880.1833529077269 78346008858.88562 0.0767091676449741 0.9994814212378957 -2.2777522829235197 0.06385813680151298 -0.2904916362636045
0.0 -31931347680.03543 158484788058.4745 1736630385.5394504 -2206.3381286504737 10087.671575070814 -339.1604743413366 36753714.911576726 810.3253984494995 78345990779.67343 0.07670915711551296 0.9994814558163089 -2.277730431132891 0.06376111463597045 -0.11854643206716897
0.0 -3861753.6505737305 2869155.471862793 -4223753.338509321 843.7111347833015 7904.898880276557 325.75387380226186 36584351.832739934 817.8667186776395 78345987268.91339 0.07670893819323538 0.9994814348508927 -2.2777212252157173 0.06374779429195687 -5.854626115192916
0.0 -221563452422.0191 78467194957.67654 984100965.6791991 -11402.813738813937 4054.1938450278176 91.18075166687156 44010341.90440312 809.5599542949552 78345999069.64035 0.0767094619940338 0.9994814782558853 -2.2777473166817384 0.06379796562278361 0.3390948971599417
0.0 652425.8506774902 3598047.769805908 -288293.29633545876 -5083.066246031045 10633.20517861615 273.0299513427383 44287092.54944604 797.9043041656655 78345994037.4011 0.07670913212873869 0.9994814461543996 -2.277733753489801 0.06377928152352208 -5.1436799453840365
0.0 -131302090686.15271 93015692102.07938 157459566.1896572 -26488.04438646751 -10442.424176522813 451.9855937339604 75387345.89966688 853.8436718022024 78346053171.7667 0.07671194596542603 0.9994816877598869 -2.27786882522995 0.06402588263330244 -0.18362236709183133
0.0 -106928.2999420166 -410238.52166748047 1052268.994854927 -1843.8429836917712 206.64818649758672 1053.6534307084844 75366351.70161574 870.8806407922871 78346051736.96487 0.0767118550033307 0.9994816790032757 -2.2778650287651505 0.0640204767428667 8.345385145197559e-05
0.0 -273042164061.3767 100573559745.0105 2265658564.0987873 -19293.879501963424 -392.50301468393263 -376.0486249903217 69452555.47642547 811.5496265704364 78346017574.08319 0.0767098566209529 0.9994814918545658 -2.2777784656444036 0.0638874996993648 3.9267526333467226
0.0 -9555304.285140991 2002302.8258132935 -7786286.326004028 5670.974553993316 -997.8037515921424 221.17159225743467 68884870.58603963 864.5603213147125 78346024287.72253 0.07671030284083216 0.9994815354631369 -2.277796701099433 0.06391227040581793 2.732918561503488
0.0 156600758373.70578 -147320191919.37756 2698320699.745573 25601.0866544872 6881.305850094333 -175.0752000958698 63731748.42719152 856.3265001836637 78346001031.67883 0.07670897732873967 0.9994814124997559 -2.277738571933016 0.06382086013504562 -1.5565088719970097
0.0 -6942158.333457947 11188730.573272705 8219998.038554192 2070.0323549267814 9323.18747249579 -3274.397253243199 62817603.51522779 828.0070243899622 78346000708.95447 0.0767089849954738 0.9994814141194945 -2.277738361596122 0.0638189283087014 -1.7312998470987704
0.0 -215121990448.10684 69412691887.17912 4380731389.074389 -12326.785968580618 2526.0502396616866 438.1469298225189 43267393.70702472 813.973552950356 78345999269.2338 0.07670949771576256 0.9994814824183186 -2.277748372644994 0.06379813047900917 0.1348742215614971
0.0 -651009.799621582 3478316.3881225586 -9541978.503901482 -5804.399122942505 7396.222804110697 -423.55101210087514 43584013.40264116 812.3951826122612 78345995058.05264 0.07670921904155475 0.9994814552190326 -2.2777369622476598 0.06378256180042374 0.8190135531685658
0.0 -96517796508.57172 162217172440.81882 4213937238.952447 -5332.793692131012 9105.279161405266 -323.5318910350612 40032729.206365556 797.4077841217916 78345993967.13208 0.07670925922035104 0.999481462514552 -2.2777365775902014 0.0637756685313251 0.1505151024633975
0.0 -1573073.123954773 2708741.2627563477 -577560.5581407547 -1330.8381053086305 9639.294801333155 -323.9676491929291 39885231.34537675 792.8944908823896 78345990189.45248 0.07670902257914416 0.9994814398182442 -2.2777266471700366 0.06376136280363731 -5.5611912673883985
0.0 97379102120.47765 -62733281881.768745 -4844781222.744653 17274.261031545462 5921.86227074566 257.98371477486864 66976067.97162123 840.6894473314709 78346039842.75763 0.07671135505738098 0.9994816388365267 -2.277839371402167 0.06396919518882171 -0.41307220986632176
1.0 -8096234.319610596 -2989831.5809173584 -4527816.599677205 -60.16641251507281 526.0026255302837 -425.75380729483265 66513408.13732646 842.1312556215053 78346039226.6257 0.07671133002670888 0.9994816368663927 -2.277838062163834 0.06396651668241482 -0.4307861838959741
0.0 -207367879051.58163 119732276095.87038 -3917195529.3292947 -12530.285296046848 3708.362262203211 524.373435098166 44360047.75276563 818.0390180256484 78345998723.12036 0.07670942905326264 0.99948147474027 -2.277746148724618 0.06379693932389063 0.46973266234984545
0.0 -1567811.0437774658 -6013059.768005371 190933.52596968412 -5666.024018889333 9463.938937176586 453.54722719612255 44201413.291486636 803.331952195039 78345994649.93289 0.07670917388845018 0.999481450267155 -2.277735441216092 0.06378151485067285 1.025027391057645
0.0 -55099653151.94302 156632034385.99655 1102991796.6732597 -2156.361164036738 9740.191862128546 -270.0415527997001 38177756.83205687 795.8723197396943 78345991786.41547 0.07670917735294414 0.999481456398873 -2.27773209760519 0.06376601714251695 0.05672346086899793
0.0 -1025714.1640396118 -42649.917083740234 6572074.243494034 -427.8848801017484 7941.927971589994 -677.8470943530956 38420113.96953065 816.575520699222 78345988927.98813 0.07670898734817025 0.9994814378280296 -2.277724333136278 0.06375547118006519 -5.698382997749931
0.0 -55447760271.70679 69088796382.53772 9549532252.244608 -14526.859661251965 5355.3269466041165 -33.141139867149604 74901258.7578656 853.7480955323133 78346051676.47275 0.07671186552525412 0.9994816804661063 -2.27786519721774 0.06401988340107323 -0.10347694336088781
0.0 -521258.5669403076 473340.55407714844 -5688947.4284899235 -2309.0462847567433 1688.9089097342148 1541.029546575031 74097943.29219264 860.7152943674212 78346049957.15695 0.07671178059261144 0.9994816730440081 -2.277861198626949 0.06401279298258977 -0.07478756043251072
0.0 -2571353581.439087 73628087617.23734 -5923472463.212851 -540.3175178664715 10479.023216909036 327.78797896962124 72281320.82146952 831.6539000851421 78346046863.25134 0.07671163923244867 0.9994816611521039 -2.2778542657612295 0.06399974168708589 -0.1146657342729096
1.0 4961497.771179199 -1374844.188156128 -975735.6599388123 -337.132274073796 928.685277219618 503.0187686123772 71462511.0066275 858.9122171388932 78346045408.62534 0.0767115716793029 0.9994816554217398 -2.2778509812407455 0.06399363329054442 -0.12076256076480352
0.0 -133249555202.11884 170137338519.95016 -4895264462.648182 -9967.041426514199 7802.2848693448705 307.29319939242356 42454798.50630124 824.9389393527977 78345996009.14441 0.07670931469247072 0.9994814655370621 -2.2777402878019624 0.06378524534329877 0.4121302367165207
0.0 -1482428.5491485596 -5880691.708953857 289299.7003965378 -4443.095739447588 7833.783365688993 -235.75621934340037 42656782.234343156 827.7435757518106 78345993887.70984 0.07670917299298458 0.9994814516673003 -2.27773450960828 0.06377743587067464 0.7812151386983541
0.0 -80030209777.01309 16488946665.95346 695923959.7730632 -5845.568905930532 7204.924034642216 -786.6009876996452 75862206.927397 834.1839704836395 78346051764.20056 0.07671184140660384 0.9994816772142244 -2.2778647502027347 0.06402096938484991 0.11556964919451584
0.0 697028.8098602295 14038807.4503479 4771318.693695068 -1522.0591497139867 1328.8868269711456 149.0066610662792 75356702.1820732 857.036106637871 78346051512.68082 0.07671184098134391 0.9994816776596713 -2.277864439819303 0.0640196266972115 0.026944337220109138
0.0 -89799287886.51273 9662707482.282429 755985381.3562763 -6181.0524259546455 8219.99196110118 181.799234740006 77404123.9286192 862.8445035348802 78346052577.50812 0.0767118456477094 0.9994816761398688 -2.2778658194281447 0.06402523810923899 0.37976023502895245
0.0 16677174.346130371 18881832.533569336 -6456077.890937805 -2277.877082314535 -1225.6597167017571 -1304.5475996706064 76732014.83833565 883.0427541377188 78346049501.08463 0.07671167000646398 0.9994816598388584 -2.2778581230440125 0.06401315344547243 0.6135533444761769
0.0 -15073110560.625244 128725372048.9325 -2903891414.2840366 -94.22237830042286 8334.902560513527 -350.3051561583897 34316839.09177315 796.7771261725219 78345989062.98038 0.07670912287279633 0.9994814548568445 -2.27772759555793 0.06375274812322917 -0.41663800091548264
0.0 1368416.7890014648 5313031.445526123 -6336630.385250568 -350.4034571500888 4594.620369426672 143.09658989768343 34944121.57031939 807.9815470211479 78345987329.77988 0.0767089928082899 0.9994814417004703 -2.277722547667331 0.06374673172119216 0.028078996762753494
0.0 -79301983006.37991 183083807154.4093 -7319318018.827217 -6890.865294193927 9731.59161651804 339.74998258910296 40713868.146339774 797.6378870088103 78345993909.26974 0.07670923445970888 0.9994814594693364 -2.27773594185453 0.06377598738495927 0.3210323763432841
0.0 4336446.3570251465 3870193.429534912 -4972810.50372982 -2704.3969286843494 7828.237306493368 -645.0765495289068 40907657.44750347 790.2108502764357 78345991804.28781 0.07670909406416065 0.9994814457333053 -2.277730213164116 0.06376823326118242 0.699757089535542
0.0 -196227179899.21274 222187657881.57208 -4428707612.383575 -18940.652001811657 9188.375041926163 566.0982626634915 66929338.73101395 823.0583866666997 78346014334.52048 0.07670972781411209 0.9994814818521324 -2.2777716459126705 0.06387334505859954 3.7500442313656253
0.0 -4458258.076789856 6625912.9281311035 1993117.1728286743 -1046.4379474985217 6226.31023583328 -5570.163361516947 66643550.80627786 869.861054888623 78346007667.01453 0.07670931093592419 0.999481441894484 -2.2777541369967174 0.06384807578209717 -1.8379895808894635
0.0 52743705674.195145 44081485507.311646 -136769537.58653355 7546.1882974809705 7420.706326873291 154.40176614872496 70866793.40163776 857.6401401593381 78346043379.1705 0.07671146052385577 0.9994816452693988 -2.2778460118996655 0.06398554135649448 0.011343097590378659
1.0 5684169.8966674805 -2448857.8977355957 -11340941.186172009 1060.8470269494692 866.3561103079628 -683.0935953499909 70693893.94632961 887.1712308661527 78346042385.39441 0.07671140241915156 0.999481639829041 -2.2778434944512567 0.06398167245530306 0.10892563878441486
0.0 -75278420499.2518 173968762397.4655 -130873158.958534 -5074.132587452962 9917.884299733047 -52.453030010501664 40022179.918485865 790.4551147170397 78345993287.9563 0.07670921618157656 0.9994814583710099 -2.2777347809338306 0.063773109125421 0.25468301138421356
0.0 4615870.634262085 4904577.107055664 -195258.4022049904 -2705.4568272438373 6647.360745221419 -382.3554764837819 40107307.47515869 822.4638388573121 78345992123.66324 0.07670913920921307 0.9994814508605162 -2.2777316279311943 0.06376880285181041 0.4598222986552858
0.0 -61441691003.70285 -13998462234.083817 2025348477.7083325 -2716.0019651209304 4776.14149227678 674.0979299841206 75746693.76250823 855.976744103734 78346053065.58096 0.07671192807165694 0.9994816856876373 -2.2778682888581563 0.06402576666065052 -0.08367341365144099
0.0 11270853.434066772 6478106.1617126465 13749711.97294116 -2145.672211039695 -150.28198828269524 282.16381511265195 75455327.96875939 868.646156491197 78346052588.92465 0.07671190664871538 0.9994816839009067 -2.277867228893429 0.06402374689413115 -0.09024458536219815
0.0 -47400774132.464874 40342230658.03052 6208531504.44528 -3803.3497198828554 8204.382586066578 729.1316415982872 74398371.99962819 852.7678803848369 78346049820.7124 0.0767117625890732 0.9994816710177505 -2.2778606235737953 0.06401251697123733 0.014681578788136071
1.0 2187290.9390153885 2366032.880126953 9605093.591412544 -1225.615881549642 1051.9673131129352 565.026071567868 74367258.30496018 864.1184767379261 78346049628.82153 0.07671175129921251 0.9994816699583264 -2.2778601358650303 0.06401177170307193 0.03171801433078976
0.0 -71341414622.44266 19850361352.36061 8573543131.884636 -5566.241569941892 6900.887223758891 -626.5876418938819 75759154.32072367 847.9479852502033 78346051428.66803 0.07671182317019655 0.9994816755538307 -2.2778639318426075 0.06401962794255223 0.13449279649406415
1.0 8707616.766975403 7280132.952178955 9974152.157974243 -1107.121258113515 83.7320848530535 278.2497673727049 75631827.83622243 858.2506183107429 78346051002.11734 0.07671179987307991 0.9994816734284582 -2.277862888886314 0.0640179255128892 0.15912939473551754
0.0 17898079044.296585 144189924458.25537 1422577852.8578737 2138.066102533012 8946.531976869952 -440.7271646707818 35517806.86705014 795.8677177235301 78345988092.8274 0.07670902378565682 0.9994814441379871 -2.277724168591451 0.06375004946653995 0.03564515469983087
0.0 -6856024.731178284 9870814.145935059 -305797.3836193681 -850.9549706292964 5023.051386254458 351.8230826641187 35571174.77537477 789.8640807084989 78345987951.59521 0.07670901311750863 0.9994814430570839 -2.277723755663373 0.06374956098612472 0.07219965275904494
0.0 57673257617.87076 47152047054.831635 -3967836941.9740314 7082.406847723938 12876.63774945272 1710.6558597719477 75133783.30029741 847.1182691623632 78346007779.70111 0.07670905554635213 0.9994814090746325 -2.277748427899834 0.06385518259114953 0.19391808090081253
1.0 3504993.8075561523 -31701.968978881836 1335912.503121376 540.0137714838672 -235.4056589603024 408.65018320822014 74996465.01390667 846.5139164937166 78346008462.65967 0.07670910339988456 0.9994814138254088 -2.2777503392487595 0.06385763980427317 0.06683119042772845
0.0 -28090734054.132812 84740464885.38013 3540267128.7049856 836.1775537164613 11359.365711894152 -614.4434563461632 73749844.46904615 883.7836281807224 78346047022.99207 0.07671160401354934 0.9994816563406612 -2.277853650831155 0.06400149772733776 0.21655405804120237
1.0 -6202386.344741821 -143208.38565063477 683720.6952285767 -711.1091223676776 717.207754593659 -764.7264891168469 72674523.4147455 874.6002334618372 78346045772.17798 0.07671155740705021 0.9994816528783315 -2.2778510892349915 0.06399595295813043 0.1218695981060226
0.0 -29536259416.24476 64224145711.34622 -8590206880.983688 4548.515629884321 -964.0028614012717 -287.66271302449434 75366987.34712163 898.0701604660977 78346009143.38052 0.0767091354041225 0.9994814165575837 -2.277751885260995 0.06386048838572389 0.06266210206680178
1.0 -2125555.1414489746 1002017.4367980957 2616187.080286026 -11.649231193141532 1571.2366742121812 -331.2106024223417 74513113.2343174 884.8054981408206 78346008881.387 0.07670914508443352 0.9994814183136741 -2.277751793592473 0.06385883211953924 -0.10654090570579289
0.0 -109658937778.29471 147047051790.57303 472589432.3501265 -6545.019930211775 8874.558354389354 -90.01579876324266 38766320.37409438 797.9070058477743 78345993938.46582 0.07670929655732037 0.9994814673367435 -2.2777373976647173 0.06377456393509373 -0.14778834266553464
0.0 1364928.8714752197 5024974.949310303 -2862255.55251503 -85.47197583259549 8044.559378293927 1236.872530448287 38759390.236065745 801.9718085206905 78345988893.9574 0.07670897468224176 0.9994814362791812 -2.277724002637523 0.06375561043415079 -5.612166077975671
0.0 67876425279.99915 5652020075.867706 -925088066.0767183 9211.14509881692 7691.3052300503205 -29.418814285632607 68502609.43091783 863.4936270241648 78346041318.54977 0.07671140207334853 0.9994816419042538 -2.2778422112937227 0.06397594021680142 -0.2639624300463346
0.0 3750900.2192230225 -428255.7126312256 6572645.1450891495 1290.6203298960882 2656.6427179787315 -1263.7395188520682 68060309.28896405 875.8915525250076 78346040833.70267 0.07671138479549156 0.9994816406627162 -2.2778412363852896 0.06397377086755363 -0.299352226129747
0.0 -86960183739.43933 152070290299.97726 5860232259.742809 -5011.371797987069 8756.504048669593 -233.435423101292 40769048.251643166 814.5375916428227 78345994415.32507 0.0767092650645053 0.9994814623698899 -2.277737247059936 0.06377793165485635 0.2555971898117442
0.0 3133736.647201538 -8122043.661499023 16455237.956493855 -2842.4465570142092 8071.4491146680175 441.9619234980889 40507503.852699146 824.0381652623076 78345991926.78046 0.0767091142611572 0.9994814480675944 -2.277730821730523 0.06376837836332694 0.5857714354090429
0.0 12420829219.132507 90958812773.9974 -760809942.721169 -4958.889851000233 16103.776641344533 -491.16326034845457 74210449.6244194 907.7583518478641 78346047548.55292 0.07671162332483006 0.9994816577609189 -2.2778547209351387 0.06400383441452462 0.25926773897176847
1.0 3570612.7072753906 -1114527.7028656006 -9725122.107239246 -945.8379578136955 1131.3821458645252 -87.27246646786512 72818493.60083857 890.9542429848433 78346046137.18265 0.07671157625972105 0.9994816545588558 -2.277851956925182 0.06399743731172514 0.10856355132469553
0.0 -68349696255.02969 48997312003.54178 -1026833337.5807571 -4232.0922078670155 7939.4048511724395 -301.26887171958606 73114104.46143077 851.7422375000885 78346049080.50967 0.07671175504710581 0.9994816715257856 -2.277859566203174 0.06400872566197435 -0.19884928540019092
1.0 -2383706.9348716736 -4460622.65637207 -10728992.215789795 -1314.0523102973712 1354.262667158937 85.42840675026787 73156537.56662138 836.7949334433873 78346048474.81494 0.0767117150614457 0.9994816676266829 -2.277857927243196 0.06400648397246922 -0.1115188298740099
0.0 -74371629697.05762 -20452001262.94429 -851057729.7280369 -3048.7188059549208 4475.9289228015805 -159.5446131082673 73325351.95575644 841.5682337934169 78346051604.84702 0.076711909691387 0.9994816862439558 -2.277866122205141 0.06401837380385267 -0.46940137613368627
1.0 3732894.371826172 957563.5263977051 2721644.799674988 -1083.9616982198786 195.97393952055245 586.6859893234719 73171310.85093652 850.1539086629543 78346050611.82306 0.07671185105145345 0.9994816807341139 -2.2778635934086475 0.06401452257289453 -0.3796125371832146
0.0 43985128337.76501 88167628690.49713 21857048002.119167 7212.051701304004 11292.272727211908 375.7424925576049 74988093.29671124 902.3726029333302 78346008512.86597 0.07670910686445308 0.999481414167891 -2.2777504785384313 0.06385782179769706 0.05793342978778693
1.0 4580547.264892578 -8799836.627410889 2956576.1609232426 492.77368562965785 1357.2313923211768 529.044986329341 74357482.44366615 869.8460157798453 78346008306.22702 0.07670911317407735 0.9994814153837408 -2.277750375909932 0.06385654920644868 -0.06476202002668974
0.0 -87620796292.28668 184190529331.9699 -3310537097.4304514 -6391.92784723257 9778.074306604078 178.16452954605705 40828113.86447908 794.0694245442799 78345993932.784 0.07670923242771052 0.9994814591633235 -2.2777359234661922 0.06377616564326516 0.34437566862774993
0.0 -1586798.3385009766 -4747806.175628662 2683217.188716531 -3422.05755348568 5901.322422125051 41.9856259177256 40661020.972783856 800.1874803181202 78345992935.04321 0.07670917389027346 0.9994814536747151 -2.2777333913767714 0.06377228642064914 0.4613404792023821
0.0 45214875432.05466 79919972231.9541 -1163397137.4965734 6451.118268542348 12852.35296850236 1189.809339806945 75450654.60790089 835.6719037072004 78346008395.53375 0.07670908506682124 0.9994814116188359 -2.2777498395150997 0.06385774520710985 0.1844397721751574
1.0 2048707.0039672852 -1538688.0965881348 1358335.37219882 550.5667838230806 183.2318453626467 398.9779235691934 75403225.48066151 861.935855396099 78346008509.98676 0.0767090938414684 0.999481412511372 -2.2777501771061406 0.06385813777586158 0.15747835916228337
0.0 65035513855.21323 -26594613187.964966 1549490355.9997563 7814.823209944066 -1891.7464111036497 -414.19051844704825 67572069.20586687 910.3956179109732 78346001688.63898 0.07670890050250512 0.9994814013885982 -2.277737599296387 0.06382635090445721 -0.7111096786564006
0.0 -573228.7550964355 13820665.10295105 27812176.102698326 -560.5236964577452 1291.8323262908743 -718.8556371607575 66443642.48130452 903.249883947773 78346001363.8097 0.07670891466209978 0.9994814038414112 -2.2777375350119944 0.06382424248735141 -0.9358291045486143
0.0 -42575001639.01135 84422724241.11755 -2480000503.199747 -8706.358571076396 12093.3723885078 183.1998127131959 74406300.69186078 823.6857147926281 78346049237.65561 0.07671172511598552 0.9994816673943239 -2.2778590691664253 0.06401033315204074 0.09097099386247225
1.0 2943891.448234558 2711457.256225586 929312.898920536 -965.7132744433511 147.69808679304697 230.26202006503786 74405658.33614089 837.4380712881203 78346049083.79129 0.07671171531166472 0.9994816664489056 -2.2778586609038816 0.06400975470380921 0.11042318062260925
0.0 73782451661.33511 -46801737847.92301 -8936403842.377811 13111.18855616297 4853.746942072205 327.435917503846 68855732.54416695 821.7212513453547 78346003273.45312 0.07670896199116715 0.9994814060877016 -2.277740900669122 0.06383331424321703 -0.6520088923632598
1.0 7570895.783660889 14154493.844425201 -4931420.511804104 1301.25194575231 1315.9043069273903 21.953839412361503 68377478.78849664 831.7599160667414 78346002747.20361 0.0767089431817546 0.9994814047326143 -2.277739841225776 0.0638309610766683 -0.6852670637013323
0.0 38753134220.39398 104604661512.604 -5639309252.716999 3208.4596386411613 7237.345712583778 -439.43042807985125 31800954.071196426 792.000452107198 78345985348.47406 0.076708963514268 0.9994814418984592 -2.2777195090251237 0.06373681528289676 -0.38418722568753605
0.0 1288680.5850830078 3028117.1296081543 -2395605.1469089985 3188.982470779456 3495.3824761640717 804.3075953836544 32250607.98702434 808.8433800924763 78345981469.50784 0.07670870193734305 0.9994814162202109 -2.2777088869563387 0.06372259918488155 0.3896383941755932
0.0 71314415138.13129 -72049885266.06396 5456260354.787397 15593.518622385813 530.8266395547507 -165.10195637074366 68931985.66066682 823.3555081013335 78346002038.21072 0.07670888076320195 0.9994813981746802 -2.2777375654817202 0.06382873448638726 -0.43545558913773985
