Label Ep_x Ep_y Ep_z Ev_x Ev_y Ev_z t_t m_0 |Delta_a| |Delta_e| cos(Delta_i) Delta_Omega Delta_omega Delta_theta
0.0 24247600.78063965 28889599.078338623 417293.72696733475 335.2071855766808 1887.1828207677427 1048.6991951537266 73406625.50216009 859.0532759319244 78346008191.4967 0.07670913525656145 0.9994814184301668 -2.2777507440569726 0.06385536974232853 -0.27793982535919237
0.0 -674252.5376586914 -58268.11915588379 1615780.4870090485 -4678.022924770564 2944.6581858859936 5959.533344940539 66412623.7187234 872.2151473537087 78346012744.37222 0.0767096422648064 0.999481474093281 -2.277767787610665 0.06386696542766224 -2.471632789922501
0.0 -95656238.1522522 -51169415.75480652 15291025.838102221 -394.34381002315445 28.57569744306602 653.983112979292 76306020.50125742 855.7619303973404 78346010180.94919 0.0767091726101077 0.9994814192447375 -2.2777539768545 0.06386512488276974 0.1484521221075238
0.0 17075073.307159424 18219463.018997192 5067517.476648331 -2502.959554651108 264.1584537201488 315.64347231458817 75152017.74774848 896.8376314797114 78346052687.49765 0.07671192232327462 0.9994816857051811 -2.2778677053853027 0.06402387838398127 -0.1757070291423053
1.0 2932748.1965255737 5168008.147766113 233288.2698122263 -574.3116301162954 -994.7788352602511 -147.4032232775698 77409612.62370315 844.4143974121151 78346054035.91559 0.07671193859657899 0.9994816851030772 -2.277869689571198 0.06403072046137126 0.18463682870364506
1.0 10093395.009155273 -3391079.1758117676 2427244.10931468 -168.1515621921253 242.91007857440127 411.1185493393277 75345444.51957314 871.8894669007309 78346009059.67636 0.07670913072592786 0.9994814161268702 -2.27775167815993 0.06386015701997305 0.0688440101543576
0.0 13469277.254722595 6101649.843048096 9404848.663470626 -403.38678350015107 1920.3344517228743 1346.752662294571 76728033.14958103 878.0712906073073 78346011307.82086 0.07670923150836671 0.9994814245230725 -2.277756671555786 0.06386968981667884 0.10185207798918128
0.0 -5414173.997741699 -5344890.406051636 -46105013.39425254 -3075.0577575445786 355.9741690976334 389.2672153943075 75933756.03255248 885.2055696535737 78346052821.30374 0.07671190668924566 0.9994816834444437 -2.277867507593217 0.06402499636936287 -0.006399602423632578
0.0 -15657616.462310791 -44687881.73660278 -17736136.544656754 13129.224000423172 6600.5257531921925 -1214.524519789209 73588776.41535217 886.9696476405395 78346022742.60431 0.07671005870414624 0.9994815073760924 -2.277789267844841 0.06391016960531282 4.152584350052793
0.0 -1019663.0458984375 -2687183.172340393 -6062881.893359184 1893.8037330890093 946.4001913687025 257.8500934608214 70722959.17480744 875.7725576992851 78346006026.58493 0.07670908002801236 0.9994814156828428 -2.2777468925117894 0.0638451253693626 -0.6182360441590484
0.0 7604900.732635498 9627101.126159668 1946743.271492958 -2411.928185055571 530.2044580541115 1420.3633586972246 75176566.97890265 885.0356934664619 78346051820.63422 0.0767118662152093 0.9994816802677271 -2.277865385327681 0.06402064162022914 -0.056307638237564905
0.0 -14282810.053573608 -10294459.668823242 -20362297.60701275 -221.28176999493735 55.314199367735455 -352.8594654179634 77030561.70310825 882.6749779882025 78346052955.67728 0.07671188134710631 0.9994816799438626 -2.277867088339751 0.06402636450896892 0.23938525227425334
1.0 -17668660.445861816 2299393.1627578735 -4162721.848642707 91.22761376156336 115.68331386853242 -132.15671476962916 72683341.41426855 859.8258741023533 78346044036.99814 0.07671144634392343 0.9994816421531392 -2.2778464737656 0.06398944226330983 0.3542355677786325
0.0 -4453151.297264099 -24382123.68875122 -23812816.830444336 -1475.2533368809163 1017.2916712964388 785.2456412597936 74263387.14930145 872.2888405785162 78346050052.61844 0.07671178157093825 0.9994816729791509 -2.277861335121686 0.06401328178907573 -0.04732305231562986
0.0 8010208.187957764 2891258.8924865723 -6117410.024136543 -2783.847010613368 6342.340675213871 -533.7995443451138 40190932.65927965 804.648633310447 78345992236.54187 0.07670914383012695 0.999481451226032 -2.2777318685953496 0.06376929267429876 0.46149191536015666
0.0 -631697.9735870361 5581395.4494018555 4622235.024913549 489.21808757247345 11218.131657229453 -1441.3152004468452 62711732.68520581 834.772413309113 78346000551.75595 0.07670897823278311 0.9994814135687782 -2.277738018946905 0.06381825450217882 -1.7312561619952112
1.0 7509883.679344177 3581455.922454834 5363856.557832718 -1168.3040533123203 398.2161019847399 680.9806456494774 72980810.3331815 842.4112632929676 78346050845.4556 0.07671187186055256 0.99948168292523 -2.2778643488312555 0.06401525017480214 -0.4544916058009777
0.0 3736146.149810791 5060245.105789185 -12197561.079103947 2137.363901932161 1689.5381040797874 -968.6000736862659 69085388.51428589 867.1454206935907 78346041212.45288 0.07671137727501239 0.9994816389506123 -2.2778415170387 0.06397600046397578 -0.10781504691415922
1.0 4504022.037567139 1101796.0719490051 569470.0322132111 581.6907998739216 377.66389275470283 291.5354308465895 68314532.65981105 851.4841006840243 78346043240.99768 0.07671153063752036 0.9994816544906349 -2.2778474510692845 0.06398301320868338 -0.5859118214791996
0.0 4029323.047241211 2612191.06842041 1135350.4319386482 -7956.668351542073 -1937.928622340689 3558.9855168289464 67225242.95362633 822.9721777061767 78346014001.87079 0.07670969742291801 0.9994814786343555 -2.2777705528743573 0.06387232850592905 -2.4297437573727887
0.0 6809016.302062988 2535519.1863327026 4137315.4962460995 1114.847875400943 1359.976797037958 -1074.1784408210065 68405808.96036409 831.4282921615129 78346040239.69168 0.0767113361826155 0.9994816356394127 -2.2778394139839473 0.0639718116378365 -0.12721301729690726
1.0 2684669.9995651245 -2283595.3702697754 12629614.86010933 -671.7366261149982 1702.46676521448 771.3474636137787 77509717.66872734 872.35208309931 78346012842.3349 0.07670930531052661 0.9994814308935391 -2.277760194559053 0.0638760690611182 0.091613001527409
0.0 -2816823.480529785 -10692760.377166748 -16566694.56722045 715.3122654460349 7488.810749469833 -5961.595850028792 60863500.000362314 826.4904964514412 78346037514.09814 0.07671139542211951 0.99948164861327 -2.2778375114769123 0.06395563650712965 -1.553166095539244
1.0 -819289.1834411621 -886548.6288757324 15172656.43842411 -98.57375750726351 1650.955189701861 1013.7631465349691 74679214.16161342 881.6712962760656 78346010648.84222 0.07670925279844484 0.999481428549657 -2.277756371007512 0.06386560174182065 -0.30398789807165816
1.0 -2701541.724243164 -763845.4424591064 4970800.854733467 683.1836555140362 1705.8092541013866 712.9755590556917 72360219.22359684 862.4020279833402 78346007155.41046 0.07670910146603561 0.9994814161760807 -2.2777487323874097 0.06385065428834569 -0.38455445080134865
0.0 -6229289.253036499 23448038.49255371 10204430.041452408 -659.5961032075502 -94.30811430546419 -393.0991363563349 76091380.97173183 852.1519551576018 78346051724.68613 0.07671183179575565 0.9994816760664187 -2.277864483054806 0.0640210013675846 0.175808862477823
0.0 -3003229.9748306274 -4477065.600219727 -949334.1175208688 336.46406983898123 8471.598907402198 504.27358795273733 36663950.99571899 799.1499478716777 78345987474.03412 0.07670894882824617 0.9994814358007336 -2.2777217137541443 0.06374862742054965 -5.870473334451988
1.0 -1373970.1500930786 2789096.771209717 4179579.9210882187 -1037.7605859654177 0.12163436381069914 -889.5590146268702 76994799.5651747 846.039985385164 78346051909.52777 0.0767118156570239 0.999481673639947 -2.277864334719374 0.06402240683913352 0.36901880528270814
0.0 11024798.143798828 19013832.678398132 28248792.407658577 1166.3390644173323 1170.1902110300834 -140.18520614193312 67106026.224368624 859.0033238593734 78346040319.69797 0.07671138149044904 0.9994816412620177 -2.277840546347704 0.06397108896194492 -0.453980093923513
0.0 8786223.797912598 1057971.5047912598 20490573.712795258 922.4351480388214 814.1470798483933 -161.12481854720795 68085591.89365716 853.513214933893 78346041832.30032 0.07671144777350858 0.9994816467152426 -2.2778438711075135 0.0639775416742232 -0.44023922462282894
0.0 -3558684.7866516113 -1296339.157924652 9891060.402189732 2620.227078153468 1305.4009912893853 -850.4672994923865 72072665.21201898 872.3098056377337 78346004906.20593 0.07670896674886911 0.9994814034506887 -2.2777429612339537 0.06384197952544834 -0.12295345106383615
0.0 9880389.231933594 -3104884.2572021484 43601848.579372406 16138.84163631638 7738.334406766004 181.39911847601036 73046079.15968446 903.3726802542158 78346022601.33456 0.07671006646859047 0.999481508647676 -2.277789276644122 0.06390921175840525 4.046069919418594
1.0 -6602140.947906494 835056.257888794 2687186.2334718704 -218.82087412615556 23.8274047706509 118.14412417771558 74220012.40787478 860.3026561821271 78346007334.2688 0.07670905536666682 0.9994814099368184 -2.27774789134377 0.0638527901464272 0.038240459089076806
0.0 12551416.656219482 6189185.182769775 -2540021.302013397 -2154.2266583099445 5612.921985788187 -205.6377180523899 38801717.70693017 795.2479058499603 78345991234.82736 0.07670912283654861 0.9994814505369314 -2.277730190830112 0.06376443646623198 0.29458879731349574
0.0 -1434024.924041748 74588.59774017334 -4543828.003536224 2080.5811428105435 552.968200617619 442.08071079691945 71270567.06472373 866.303451592988 78346006451.58374 0.07670909022763471 0.9994814161402158 -2.2777476339174 0.06384715281608866 -0.547332692247869
0.0 6511710.940216064 2026534.1812438965 8613191.686488152 -869.843725615825 4556.030612584878 -143.93163189823542 36509854.42941652 800.3840927690113 78345988860.17368 0.07670904209845894 0.9994814449506427 -2.2777255048649097 0.06375371269504093 0.14278939004469748
1.0 1552460.2781066895 -4357047.739929199 -5223589.860229969 117.80566694280787 161.66735865438022 335.20423513894536 68484195.66011658 834.2108232672332 78346001699.74945 0.07670887300180054 0.9994813978565505 -2.2777369833090866 0.06382711066611524 -0.48965692539086314
0.0 -18793393.900161743 -17203257.892059326 -5686767.142357826 -1009.615096553498 1025.6296929335513 807.2394108712174 72252478.51592623 892.7033662775435 78346047732.0563 0.07671169559723723 0.9994816666185599 -2.2778565940135724 0.06400298236290425 -0.23350029826345745
1.0 2546019.601135254 3333687.0646972656 13836434.984309435 165.97458100678796 1220.6646509514903 404.9727190901727 68593604.9501573 864.6211357278696 78346003017.8645 0.0767089537790177 0.999481405547417 -2.277740407243967 0.06383214786168878 -0.6755955675047332
0.0 -7582308.131607056 3018061.317352295 2844519.04046607 -12070.233260372715 6669.635329748195 311.68971094783376 46585137.87825007 828.8346812020076 78346000059.18561 0.07670944554315484 0.9994814741901722 -2.277748123100717 0.06380370941456182 0.8079925026032886
0.0 21773341.870025635 17405248.25024414 -13459706.496488571 -4222.834493519238 5559.9897262432805 -173.57026418980809 42099849.47260656 825.3117595495295 78345994644.22162 0.07670923852063022 0.9994814585274475 -2.2777369132957603 0.06377983904089302 0.5343416421076514
1.0 3365460.1134796143 7637037.003265381 4004991.2027339935 -1352.9258341045315 33.917014766435386 324.4799073954285 76094541.60544403 888.4195045409647 78346052804.92245 0.07671190067056877 0.9994816827090484 -2.277867350293487 0.06402506141002462 0.034346814053285435
0.0 -3509082.5433654785 4132088.3472747803 1912602.7990334034 3915.7930341739175 3277.8977857159407 481.30311486540364 31155939.270344287 802.7569829949464 78345979798.94519 0.07670862912848309 0.9994814102467191 -2.2777052240571143 0.06371546253681526 0.4139222776362361
0.0 922379.3495483398 11126812.83238411 26492561.294336796 997.3083080715608 844.4484165314461 -758.9297329521703 68535054.03391868 856.6721233896534 78346002398.67825 0.07670891605509976 0.9994814019628567 -2.277738803909007 0.06382977599783413 -0.5904897071499002
0.0 -5414222.908905029 9920043.998321533 7396467.396579742 -727.7296230062784 7131.540869620302 -4998.246683626524 61073853.55095826 820.6275847676998 78346038484.98697 0.07671145090710155 0.9994816537645917 -2.2778399416228563 0.06395944892335947 -1.6560093255373376
1.0 1623347.2736206055 -3061358.9111099243 -14222223.251126051 1256.610126689579 1469.9242998788832 -477.9062139908446 68706117.79625666 837.1261572061039 78346003014.78354 0.07670895010250985 0.9994814050843679 -2.2777403194355292 0.06383222485893114 -0.6474965819951095
0.0 5130280.461608887 -1722061.9066467285 37059213.66022253 -831.0800631500751 1896.7283774597945 1162.221766692357 75999450.15292053 914.9857452770165 78346011596.23999 0.07670927245727825 0.9994814291763775 -2.277757953303828 0.06387019962531593 -0.11032553865528094
0.0 -7953765.304107666 7818386.4384765625 -11850173.135838747 -5787.715222076389 8900.641932706221 -115.64437330227855 44187616.691214696 811.1375534205389 78345994887.02353 0.07670918945326564 0.9994814517825812 -2.2777360807729683 0.0637823945430025 0.9856990475378253
0.0 567064.2758331299 -5632840.820068359 -2075261.343739748 414.8887224999926 6907.407324647393 440.53081279412197 34747125.31971421 791.9368396296492 78345986542.99594 0.07670894866519157 0.9994814376298228 -2.2777205971133494 0.06374362134894085 0.11484843543876355
0.0 -3803625.0946655273 -533027.3716125488 -11929077.644058943 -15987.41306472254 3151.200255277581 452.0206364096207 46495271.52919464 804.063894613529 78346001658.72964 0.07670955045261682 0.9994814844012383 -2.277752435630638 0.06380964683417556 0.5775304433951378
1.0 13166913.65890503 -3741602.201019287 -786717.8078346252 -206.75597604287395 1007.1597725910178 17.37319469790799 67120803.29257946 833.4763170102076 78346000990.58606 0.07670886988883785 0.999481398868321 -2.277736064385074 0.06382337365852386 -0.7067146584496171
0.0 -6112051.833984375 -8867798.132026672 12210139.069153786 1637.2526451009362 1187.270055134246 382.8519384211721 71181332.36969826 845.8856800693892 78346006558.7239 0.07670909982832988 0.9994814171526645 -2.2777479816688992 0.06384748500791826 -0.5847773495421571
0.0 -5191419.397338867 -6901294.931564331 -8526761.212753773 -9212.986803317113 8693.347897456215 614.2025949498196 45246235.85459982 798.8166052781983 78345996457.19794 0.0767092569673303 0.9994814572795294 -2.2777395025190614 0.06378912573770457 0.9982354008170875
0.0 -8075624.645263672 36501.675872802734 -16746778.28943634 -3080.989768426103 -2129.4026212686804 4436.213131943402 71277830.36708324 909.5209476110451 78346019551.84354 0.07670992644818418 0.9994814968367091 -2.2777824275252208 0.06389636537167931 4.0809343276875
0.0 37785110.63952637 17087978.495437622 -6359024.079547882 1648.5474840663446 1648.9315210340792 -5447.358521859984 59697704.03032646 830.8315337801077 78346036016.19452 0.07671133583724957 0.9994816439855158 -2.277834357553997 0.06394909240362256 -1.5963241990393218
1.0 -2069778.077697754 -5828963.031860352 -7209852.5650138855 126.58666692813858 816.3511697089598 100.69884123905364 67595186.57911584 836.1373945500148 78346001110.37503 0.07670886286567119 0.9994813977338876 -2.277736046870958 0.06382419704366082 -0.6102164892752968
0.0 3891733.3191986084 -3541652.193664551 3668586.9216923118 3614.35887719936 3699.2794129978975 662.7745824928594 32707650.942952443 805.9360008357531 78345981479.49344 0.07670868843956152 0.9994814144775487 -2.2777085900377085 0.06372299647792445 0.49784647763825207
0.0 -2183023.515602112 -7936590.808624268 9053492.234422684 -249.2338633639083 2233.600826184511 97.54414504083502 70952016.23556475 845.4734000531956 78346046932.6142 0.07671168477375585 0.9994816668255465 -2.277855390744858 0.06399895579322568 -0.4430329540619029
1.0 807571.6297607422 -2419426.0103149414 -4559553.063580513 -1603.1623441629526 567.7916239079859 80.04905836967987 75363045.49655083 901.7732904306451 78346051338.53036 0.07671182966574491 0.9994816765616819 -2.2778639727276717 0.06401897755196462 0.05106395490221333
0.0 -5774557.272247314 4152739.5531692505 -540820.5245399475 1670.4204540600967 1652.3446213145398 -3743.6231606159595 63440653.98772687 869.6231824001368 78345999107.3847 0.0767088634664217 0.9994814017905302 -2.2777336663568555 0.06381340300353155 -1.2990058435986718
0.0 15005329.213775635 -7375132.126777649 -2714332.48380661 1361.176031705076 1108.0227512536658 -1726.3207508483727 64117937.926789925 848.7800394229749 78346000579.0523 0.07670893648474109 0.9994814081860343 -2.2777370963011245 0.06381946400077432 -1.3831065694780258
0.0 9810542.114013672 1806187.3175125122 19066765.49726677 1622.3561078593093 1224.1516698658197 -194.18346983825916 69751628.24743493 865.8575374536995 78346004235.39941 0.07670899570284395 0.9994814084791005 -2.2777428219115032 0.06383763273136367 -0.5836470885429665
0.0 -6149204.119873047 -9028845.906768799 4653095.235295296 -47.450872372184676 -2924.4630077826805 5488.014240428256 71521198.499947 896.7182005922493 78346024291.26636 0.07671022153117532 0.9994815250794599 -2.2777948448169028 0.06391435904296738 3.396023230585095
0.0 2184577.0985412598 5129817.110534668 -32808494.930768013 -311.7703674197528 568.4916246058347 -363.32179093792297 67880240.75618023 874.8401468766216 78346002083.86426 0.07670891620635878 0.9994814026077675 -2.277738431059795 0.06382807803205814 -0.7000266146582323
1.0 -1421633.5417480469 3339301.815788269 -3765775.9770390987 -314.21896887268167 556.1484686848999 244.5921475554701 75651439.72732776 907.9276408359415 78346008944.57571 0.07670911391302124 0.9994814142097341 -2.2777511558637955 0.06385996556154971 0.1575304191253989
0.0 35568621.017211914 21416494.85748291 -4402653.445794821 1837.5745998248549 1473.1092305820603 130.12689996253056 70694936.51497631 877.9456953135594 78346005171.1529 0.07670902627577203 0.9994814105218713 -2.2777446400243275 0.06384189015915354 -0.4967695379688566
1.0 2492156.9917297363 -2545985.8480377197 -269566.5968968868 236.25145384489952 1345.3099301276416 600.2788606692177 19494199.12193995 772.9072158282587 78345972971.9144 0.07670855389834104 0.999481414210007 -2.277695342007045 0.06368063887036524 5.0479840173123405
0.0 -2143950.452484131 976636.2564086914 1253397.7484292984 53.52402978830651 2361.251359505284 474.77038202659594 74654255.47499955 869.1821811438817 78346010792.02328 0.07670926271242992 0.9994814295305686 -2.277756769009222 0.06386611990866786 -0.32884855209018304
0.0 -24282970.269104004 11158932.107666016 -29844835.092676163 -1290.3845532376508 -308.9013121306616 654.729840981083 76782898.52359791 870.105957787951 78346053263.40997 0.07671190865537353 0.9994816828171177 -2.2778680810505287 0.06402732544472212 0.13850135554288667
0.0 11771642.066696167 11613771.522125244 31055795.466104507 -485.49073754742494 2234.6488482669247 822.5745178196842 75061149.52627121 853.3455315218464 78346012183.28769 0.07670933895961365 0.9994814364976471 -2.2777601767265088 0.06387166604547012 -0.41146320894427424
1.0 2173352.453262329 3489439.4758758545 4008877.14535141 85.16003943893884 1361.6947810977472 614.3434378554772 73728183.69901896 876.5407495160212 78346009602.42294 0.0767092153984072 0.9994814258554454 -2.27775426439431 0.06386092255629983 -0.3938814343060919
0.0 -1346832.0577087402 1791019.412902832 2974240.989924282 5188.691439091028 3596.2746149001614 624.6765162535401 33034181.075862918 796.3509002428764 78345980139.49567 0.07670859278250151 0.9994814049311156 -2.2777047994669437 0.06371822026127827 0.8107764723990278
0.0 1033970.800994873 4291346.984405518 -27270318.98107481 -7379.442331019647 -4326.590103508181 2624.700039352388 68608550.04424922 844.2004807867404 78346016228.15128 0.0767097967871541 0.9994814868924536 -2.277775487684563 0.06388177974468956 3.9038354244947557
0.0 4451397.663269043 -2646469.6253967285 6357169.622833669 -4278.174991110809 6157.502017164701 571.6686310174837 42340907.05211975 809.7207027382348 78345994136.73972 0.07670919866277591 0.9994814544486926 -2.2777353946580314 0.0637781226130052 0.6687335740484983
1.0 1268656.107574463 222658.6721496582 1201949.458530426 168.0556734394704 1446.008981924777 551.8921732390777 73287329.66769569 871.1507222495665 78346008572.65714 0.07670916328302281 0.9994814212499441 -2.277751840972593 0.06385670753613226 -0.35978019169385506
1.0 -3063445.551864624 8415469.030548096 -4464000.191812515 -1580.5495241270582 -192.04856084865241 216.4638380123224 76466054.68265015 883.4984461671136 78346053427.35419 0.07671192892243921 0.9994816850775599 -2.277868740769078 0.06402769182771895 0.04029930466402576
0.0 -16533261.48803711 1899479.0445098877 -15848326.211269379 -4830.797411991815 -588.370937355503 4756.401676182479 68567416.04118197 863.0404807946171 78346015471.15753 0.07670974972563542 0.9994814823903179 -2.27777350596061 0.06387890396325879 -2.2984260869331825
0.0 -13241396.368156433 -2860363.884399414 -15871669.85308075 -476.22571064510703 -3726.006405659884 5509.081282656791 74678742.25911613 891.2194761056418 78346025355.31503 0.07671019181416044 0.999481519172882 -2.277795436738522 0.06392084142269372 3.9893125481899325
0.0 -10411169.60162735 8236350.790588379 -26611721.756712914 -1060.7111279685232 2160.6722411596816 651.1783614335236 73090170.29552531 863.634422938513 78346048102.35666 0.0767116933327554 0.9994816655939404 -2.2778569848342336 0.064005032709888 -0.0798651828680734
1.0 -2487268.085205078 350510.452255249 -6932881.341125011 402.38053343592765 1108.680969848374 -69.2187795828604 69041253.72828798 875.0940147982527 78346043224.95575 0.07671150713732988 0.9994816515238202 -2.277846894164764 0.06398352502915561 -0.40731505178913185
0.0 -2549865.721054077 4257264.976593018 6772664.886291504 -2170.4105627691533 5943.269402514641 -197.97805015717705 38272660.91130465 801.5739114019489 78345990783.30756 0.0767091103698119 0.9994814498430119 -2.277729365846635 0.0637623240045535 0.24285809660485969
0.0 887653.1864929199 1610533.8561096191 -2718125.905804634 -1491.2598981154915 6205.949808934345 -259.932828758362 37300395.59207927 806.322479031113 78345989700.30045 0.07670907129041499 0.9994814470071339 -2.277727177071592 0.06375749067304248 0.19062681923244806
1.0 -8952916.94316101 -4275147.244445801 -14338822.802072525 -267.5359920607407 577.4206472455662 249.37322376103248 69837380.75406009 818.897813803622 78346045098.57504 0.0767116021445282 0.9994816599250618 -2.2778513077266154 0.06399118938127124 -0.4711445382845145
0.0 -2306570.6842651367 -10107860.722122192 22938920.422891617 2066.2393313130397 2807.3324025924703 -6436.054966033551 60745342.90955678 880.3475438007999 78346036428.23212 0.07671132974445981 0.9994816423895474 -2.2778347106660064 0.0639514647938828 -1.403285418646426
0.0 19679031.408203125 -3863614.808013916 -22294242.090227604 -1096.0049450375664 8092.836516584773 -22.81004199618775 37571364.69558951 809.1179457693868 78345989119.54935 0.07670902582926802 0.9994814423588484 -2.277725442638262 0.06375552258031192 0.3515343825320447
0.0 2724547.417678833 -2230269.8407287598 3170989.347213745 -242.21274402448034 -4889.783583871843 5361.627683543279 72039317.61138791 881.6445072334459 78346023194.1105 0.07671013545401034 0.9994815162740871 -2.2777915637314496 0.06391064580149397 3.7098146239487337
1.0 1747890.7869262695 -949003.0616950989 -4428294.742888451 357.0998255268705 819.854307637168 -1364.8663956754076 69835131.76309691 862.7499337985536 78346041458.71613 0.07671136981086246 0.9994816375089282 -2.2778416406138886 0.06397751567167909 0.03619244838901081
0.0 -6607166.84210968 -534512.3132629395 -3554475.294869423 119.22048114998324 7484.879272319748 7.82825959914868 36093218.84209967 803.6370076404502 78345987420.6712 0.07670896307256841 0.9994814377247211 -2.277721975904275 0.06374797769831808 0.2860868821213862
1.0 4158852.069213867 1105886.7960891724 9956892.348687172 1049.830941250173 1402.2407649740962 158.738309103674 67995842.99397099 877.6062343130915 78346041809.40997 0.07671144908771672 0.9994816469284525 -2.277843873817371 0.06397738504384165 -0.4587229010886187
0.0 257758.5930633545 673899.1271362305 852973.579387188 -1049.6504986965083 8124.433626049391 -46.312819833734416 38211575.52962232 812.0278826225862 78345989193.05176 0.07670901072199801 0.999481440284627 -2.277725184815543 0.0637563026427328 0.49106405269812425
0.0 999578.258605957 -6016958.114501953 10433344.82125175 3206.879129109584 3583.1194299095005 788.0211574318166 32288132.7991657 808.9236505553124 78345981121.70572 0.07670867856978608 0.9994814139287512 -2.2777079365196906 0.06372132231966976 0.4587203115588947
0.0 -4455392.737350464 -61572.18664550781 -5178112.70086351 -3142.3606222094495 9534.343445947545 630.9574531382633 41651184.528835244 805.2137796838991 78345992195.44754 0.07670909604383983 0.9994814452087528 -2.2777307260330435 0.0637702878321047 0.8119541843600611
0.0 -1081567.5565185547 1002948.4651489258 4783287.287246704 11172.604736031046 6576.361046356516 298.612360178102 74634794.58817402 912.6636583032619 78346024109.61572 0.07671011363605704 0.9994815116706298 -2.27779215883775 0.06391612776420441 4.185053559657137
0.0 22206402.171325684 17208098.486068726 -19187520.794406116 571.0889045606709 1344.1822678312747 -12.206321233598288 73579676.55500963 893.2933260482291 78346007813.08334 0.07670910574294412 0.9994814154151882 -2.277749616395668 0.06385408458189534 -0.1831226590539723
1.0 -11310472.406280518 -3453649.6259765625 9207429.394404411 -880.3046647695337 283.7131530068855 43.696384507912626 74378015.19244276 832.5211576096547 78346049031.90561 0.07671171285372935 0.9994816662383323 -2.2778585426404296 0.06400953805126797 0.11040533042433423
0.0 -6464343.989501953 2143521.974746704 -8084913.611156464 -4227.982546213205 114.42558930470841 4645.6772276213 69845005.0393387 870.5662618188998 78346015810.91699 0.07670973190605743 0.9994814794409557 -2.277773504344294 0.06388118588154335 -2.0522096849476394
0.0 -3052187.0135650635 6683664.568206787 -6981947.612487793 -1068.7434335533908 2599.9471599324984 1098.2146740538956 75740317.49622695 868.7330209928613 78346012326.2059 0.076709327079678 0.9994814346974652 -2.2777600757274787 0.06387273751448141 -0.26679071727434006
0.0 4729524.785919189 4256040.490997314 -1144324.9708518982 -130.7833275264784 3237.3537341379197 527.6095134294679 75483963.28728224 873.9187133293925 78346010630.96286 0.07670922676771352 0.999481425262879 -2.277755754003448 0.06386616808562717 -0.1079708299636073
1.0 -6353547.6307525635 -6769192.281402588 -6454210.202192068 -1592.9683802876752 389.02361065707737 962.2548438675716 74910460.48795196 850.6619866857747 78346051297.28036 0.07671184102943912 0.9994816780936873 -2.2778641834427784 0.06401846633403263 -0.05213944193672543
1.0 -4821030.264099121 -1040210.2183380127 -134753.6499710083 -214.95243500235483 436.7010198501921 -1220.133238499404 60052305.05863041 851.8092636376609 78346037363.02359 0.07671141086459088 0.9994816508838833 -2.277837684243954 0.06395443046970684 -1.7307190207687735
1.0 2002036.8160705566 -6550102.531799316 1286880.9632816315 -1031.6417504598248 1069.2658208142839 418.76810993788865 72723899.29639587 859.7001856206122 78346047924.96805 0.07671169333455144 0.9994816659466257 -2.277856772835158 0.06400407807799091 -0.14506143507699854
1.0 4163853.3424072266 -7852024.383148193 -14583272.11847353 -184.3257843524334 1130.214907830441 514.7515025792679 71402151.98164167 845.8419651326977 78346046335.92609 0.07671163275378168 0.9994816613729887 -2.277853487182616 0.06399706887775203 -0.2574200403056882
0.0 -1603794.287826538 6945743.60357666 6695212.2531580925 265.3702556380049 3123.7168334425296 963.666149380202 73795739.45091307 854.3328818355237 78346009382.32727 0.07670919925605957 0.9994814242325177 -2.2777536319372405 0.06386014901947501 -0.34779489437310945
1.0 -15241808.95010376 -4642847.604232788 -8813612.430110693 -1312.9329917332689 -912.6740982263873 -288.67594066718107 76582652.06781399 855.4685313726607 78346054299.88644 0.0767119810270746 0.9994816899928562 -2.2778709759963984 0.06403106099432598 -0.050154416465113094
0.0 -1156637.5979309082 -2344164.2764587402 -6631477.987190247 -3119.2924522786598 -2531.2053332697305 4703.697260892622 71582262.81904572 899.6334157485526 78346020580.60333 0.07670998271855245 0.9994815019741695 -2.2777849448181695 0.06390046922111026 4.005934306919346
1.0 -1806750.605178833 9824115.970611572 8764988.698409319 -1660.0581285545304 882.9356748580813 607.9644280095289 74689362.26800154 833.6918806497546 78346050315.00491 0.0767117851497016 0.9994816729146079 -2.2778617306524613 0.06401460268733139 0.0212558607743861
0.0 -7550163.6198272705 -18156429.02545166 8343078.878280163 -5491.542828349073 9195.63016998532 1092.5984964323713 43553161.76955964 807.9482991901064 78345994141.3003 0.0767091614615433 0.9994814496917565 -2.277734548874918 0.06377909403400661 0.951740378682596
1.0 -3898971.649368286 -1748856.2781066895 5920078.665494919 -487.59226242002114 1207.1003081099425 1073.1849519589782 71779995.30277117 855.2523150860005 78346046499.02286 0.07671163148155388 0.9994816608865906 -2.2778536530282 0.06399797893691872 -0.18782090493322823
0.0 -6026499.053344727 -1505540.6971588135 -24562701.9482584 1097.657306755279 1082.677524412149 189.24242033645848 66649603.68519019 818.5445046900111 78346002563.73248 0.07670898490664632 0.9994814104227375 -2.277740576658993 0.0638289117377413 -1.0823336883864854
1.0 -3161524.146057129 2184877.985092163 -9538406.330261707 669.5754070643652 1534.2081113129825 -166.23361766893083 74639174.63051231 882.8915008070752 78346008247.33011 0.07670910070142786 0.9994814139088715 -2.2777500201105343 0.06385654972975097 0.010981217109188757
1.0 11462563.198883057 2265333.654434204 8315071.326932907 -400.39026738514804 540.5986228681504 -74.09260465732098 73560058.54437059 874.9603643138296 78346047557.0903 0.07671164398513727 0.9994816603802276 -2.277855203887258 0.06400335449289773 0.10264009793360701
1.0 4458444.891296387 9112023.779296875 -766060.6939897537 1084.677218796005 1194.3539518545767 325.9037340388566 71546585.14210556 886.9831897502914 78346006120.51273 0.07670906055227415 0.9994814130103765 -2.277746559145809 0.06384612653882016 -0.43140857971320834
0.0 3922559.5935821533 17814380.56663513 -9512199.990131378 -463.23247492138034 1093.1400742885962 403.0736587837224 71091327.30279511 855.9303713547833 78346046517.29526 0.07671165394724722 0.9994816637169641 -2.2778541889273907 0.0639975054492119 -0.355824129235086
0.0 3617531.4015045166 481970.34689331055 2016762.5911397934 353.8036162625576 6332.683461826006 167.53248925394826 34762611.73533618 804.3680007224809 78345986253.70444 0.07670892971511431 0.9994814357860133 -2.2777198176973172 0.06374254691132819 0.16779929309844732
1.0 -3359000.6620788574 5475410.928955078 -2612647.267326355 172.6809785618866 159.26715191939365 170.6009738448265 73950655.558682 883.8225673540152 78346006647.68652 0.07670901985935144 0.9994814067690901 -2.2777462581681434 0.06384999918637657 0.07152392674704044
1.0 3800501.5278015137 -7223147.02243042 -118772.88591384888 -1506.6945424469377 -380.2979026005778 -861.1647209087571 58937575.71895251 846.4066974559441 78346037560.83804 0.07671145797111296 0.9994816565019 -2.277838998586196 0.06395429597607283 -2.03885890205345
0.0 -3096708.3416366577 4364747.9581604 -2368761.708993435 -1357.3903813551187 7162.800367984355 -4198.834640087739 62750791.39435026 853.3194959201354 78346039345.72229 0.0767114540005815 0.9994816524495574 -2.2778410412816372 0.0639640020857879 -1.3753465963231037
0.0 -7941769.4747924805 -1243222.5644226074 7575476.877708435 1049.6413669252797 1670.114054382986 631.3746193064349 72369637.8442526 864.7252057852637 78346007945.27914 0.07670915160747743 0.9994814210063014 -2.277750823882373 0.0638536285864113 -0.49461184200254243
0.0 15730957.68408966 -45176755.986083984 -11489677.259641767 -1719.2732955932152 1565.4606065533135 1611.2717418550487 74072599.86655098 863.4686149238112 78346049486.37817 0.07671175131742455 0.9994816702436178 -2.2778599660131498 0.0640110047052529 -0.02078374493693287
0.0 8045271.071472168 -17116924.788879395 -913833.576256752 -984.4737833155268 2385.245083463097 708.7726189409394 76643362.61893405 909.0764276492938 78346012079.95377 0.07670928342735378 0.9994814296153715 -2.2777587825238816 0.06387252342838323 -0.018295613088578355
0.0 -970751.2406311035 219249.39532470703 -4375251.254278421 -3824.151593354238 4796.429974857983 342.2326048303543 41956959.10648922 824.2983369171403 78345994788.59775 0.07670925215826449 0.9994814599811292 -2.2777373979295272 0.0637802688586957 0.478728403330118
0.0 -247480.7264099121 -293595.4636993408 -6513081.497815132 -14835.90594551387 8097.033434174049 -0.14315286455763498 44568583.67215651 812.8070493919956 78345999252.54593 0.07670945640726293 0.9994814771794053 -2.2777474074809203 0.06379909209805756 0.4455384111374878
0.0 7659850.71987915 15604896.76184082 7944358.471423149 2011.1082278578142 1236.6582494014401 277.73809552543617 70584392.74786733 881.3741754127628 78346004857.23618 0.07670900965121308 0.9994814090238402 -2.2777438843847215 0.0638406240127729 -0.4760028954286186
0.0 900741.4933166504 986643.3544006348 1096751.8723669052 3002.569010487621 2065.3925654657796 -6126.419750557229 63764097.13717894 852.1316976443306 78345999432.61926 0.0767088742290944 0.9994814025179742 -2.277734301393986 0.06381487925634843 -1.2746124875032432
1.0 -3311121.7880249023 -2680695.9952087402 -14165618.699733496 -326.8675353371327 773.901541069823 -318.8345748726487 68999301.51461436 850.6334801889938 78346002542.18637 0.07670891085986448 0.9994814010146209 -2.2777388565738566 0.06383068049703766 -0.5001299749328412
1.0 -2241472.403640747 197586.03768920898 -9248395.893724442 -933.4234580137309 1340.447343621221 626.0338792970172 75931361.36372013 870.3917802105035 78346013278.08719 0.07670938194826027 0.9994814398089951 -2.2777624690488154 0.06387646333540786 -0.3424763587992826
0.0 4038208.807281494 -13646288.128696442 -2026420.698293209 2561.9125116517466 677.8984584103055 -726.3329806805268 72342051.72150639 877.6019513104128 78346005183.66104 0.07670897613268475 0.9994814040971296 -2.2777435076070773 0.06384323375580436 -0.09975075141116352
1.0 80646.15447998047 -3362914.7296295166 -14874310.235908508 -531.8101257303952 645.2037973263286 -528.6869434036595 66180021.61366099 876.710667075083 78346001521.1287 0.07670893286008243 0.9994814058514747 -2.2777381394666922 0.06382462588252302 -1.0273611761891444
0.0 -2297085.4889678955 -3292610.8389282227 5682874.801674366 -4148.446364781616 8870.671982474752 -115.44147521811215 42980541.64773606 820.7831268080778 78345993628.13452 0.07670914640603907 0.9994814487897759 -2.2777335909670997 0.06377671572495203 0.8973913220692262
0.0 1596708.2300796509 -8014644.822723389 -559039.9127168655 -1578.581933290774 7604.711560184083 -27.78936594409265 38171387.31967338 808.3084407327397 78345989665.80045 0.07670904214971026 0.9994814433564024 -2.2777264690378374 0.0637580467324419 0.4029498538519083
0.0 -10778285.162368774 13079439.908447266 -33817543.12168789 -2266.7602544960137 1500.7607228513207 1215.5067412925105 72795336.81210196 870.8592452812096 78346050177.8992 0.07671183497368811 0.9994816795445661 -2.2778627068311357 0.06401259671170934 -0.41410815798977807
0.0 -1041505.0254821777 -3668758.7702026367 -13578134.640578747 -2347.4577903511235 901.1846715564261 1135.3293879371488 74509966.3566671 904.246257651856 78346051193.5268 0.07671184679122081 0.999481679034952 -2.2778641912616906 0.06401776134606152 -0.13463534396070137
0.0 5955619.334396362 -13055486.167175293 -7428076.016918182 935.8301448645907 1944.8502844562863 252.0044330049061 75535292.12473623 856.6430417998956 78346009651.17734 0.0767091626213961 0.9994814190224941 -2.2777531150348818 0.06386252824822414 0.034582769818876535
0.0 -352715.78817749023 1943826.5832519531 -5424218.624988556 -5104.957366716582 -4228.208548306986 3600.0921762427947 69273721.30566333 886.3182773281372 78346017164.25983 0.07670983598490334 0.9994814900351761 -2.27777750357352 0.06388581955423067 3.938296505492498
0.0 -20065622.451011658 -10919591.484527588 4013792.099902153 -747.3324922804859 1017.7801788764727 300.3723317101963 73631600.70255901 848.8693143749499 78346048242.95898 0.07671168556486986 0.9994816643234162 -2.277856975158284 0.06400598705218297 0.03204155420875757
0.0 -10642461.830932617 967464.7224693298 3498817.6963090897 1776.1729202007064 1245.4371505864874 -587.8419486322225 66154221.47265449 839.3651015056499 78346001608.60455 0.07670893924330315 0.9994814064923281 -2.27773839009024 0.06382493414623003 -1.0483017879630174
0.0 3659025.3565063477 22910619.807647705 -12413226.269836426 -1556.0451758862473 946.822582636958 498.79178316836004 77505248.98807228 885.0557003525741 78346016794.19437 0.07670955777303741 0.9994814552632504 -2.2777706952053514 0.06389090941035658 -0.4142349669393778
0.0 33104819.80960083 -3156842.904533386 23807056.765672684 2158.012867085109 2563.1762797173033 36.02086832935004 68031882.99877311 824.6133730405257 78346002964.0304 0.07670896771455876 0.999481407433024 -2.2777406617648106 0.06383150346066291 -0.805137240756732
1.0 -883292.0674285889 -281098.8153076172 3202874.3884830475 -687.8337258738356 -942.4853549830198 -979.0531862176564 76296682.99076355 862.1373568453354 78346051702.98904 0.07671182406085764 0.9994816751224939 -2.2778642801302285 0.06402108148389551 0.2280075761020982
1.0 850038.2593383789 -716623.5784301758 6100921.977404118 -346.3245303953713 153.92643850990862 462.02752575928423 74991278.72093792 858.2587855316407 78346008399.81076 0.07670909954740315 0.999481413458572 -2.2777501759705268 0.06385739964963744 0.07423064099025956
0.0 -1185462.751800537 5604312.899749756 -16904559.959201097 1349.1245487752076 1699.4161772672232 -1649.3339157038363 70233529.09768963 867.49952985842 78346042231.6438 0.07671140684035058 0.9994816406986787 -2.27784341183216 0.06398073254137415 0.020657112341729622
0.0 4926876.176483154 -9275113.65008545 19463647.68345666 -2949.484454938982 8281.885611676416 609.0509352774235 40500361.6853224 823.3787033194454 78345991749.24054 0.07670910314620794 0.9994814470018233 -2.2777303551783383 0.06376770587016267 0.6126498100321598
1.0 4334944.790924072 4735436.680831909 6343484.567681313 576.9091115354167 1078.964051434803 123.6325761143097 73886945.43466692 883.8287296108426 78346007977.18323 0.0767091067174922 0.9994814152134442 -2.277749834851067 0.06385494285330573 -0.13211204663144216
0.0 -8998371.032531738 -10343275.321502686 -34129574.3753047 -2033.5620968514413 8820.50513289788 -2984.1578905687447 61896568.933515646 829.0127893292172 78346039141.98056 0.07671146741100934 0.9994816545654466 -2.277841104595961 0.06396256434882108 -1.5548560683521844
0.0 -1444769.4629364014 812425.6364135742 623693.4922714233 -2396.7270153177487 644.5402363659814 1244.742174297871 74918819.28165898 894.1274446835242 78346052141.81537 0.07671189469405473 0.9994816832636857 -2.277866420899191 0.06402164513266229 -0.1598510547592723
0.0 -3973201.4308929443 -3723831.406311035 28224913.529727936 -843.240726334905 686.2617633927257 -215.54366561076085 66118771.86669446 857.2730116319833 78346000834.48764 0.0767088909127017 0.9994814018618934 -2.2777363588597597 0.06382199852372139 -0.9277961580511924
0.0 4300965.984298706 -12226849.366607666 9960109.365815163 -187.96847539440932 2058.987639773637 756.0910519755985 76060879.78835972 880.3853599286839 78346010848.51343 0.07670922281542725 0.999481424326117 -2.2777559236151173 0.06386743939351103 0.0019345777654632412
1.0 3521177.9825439453 8163202.704162598 4807308.659315109 -387.8106932077485 1171.9536377014228 306.55410722673446 65197744.0384884 838.284182519767 78346039130.87433 0.0767113646036824 0.9994816414688563 -2.277838738894676 0.06396512132881504 -0.7376895123014231
0.0 128699.45330810547 3592221.1692276 -632320.0733146667 -3116.3850672172603 1012.156185470114 4804.897677566791 67546308.29887335 896.1442535499722 78346014590.82678 0.07670972509760905 0.9994814809961934 -2.277771890127852 0.06387479346984293 -2.42479052153771
1.0 134370.83779907227 -4803953.085163116 104374.00679206848 -450.13685798887605 1427.547466910728 -670.4683356080977 63633393.98222711 845.7450387664234 78346038388.88712 0.07671136561013323 0.9994816430712302 -2.2778378749951447 0.06396110283542633 -1.0060005051446268
0.0 -6034358.799789429 6525714.781173706 7519608.14425683 -18151.887021028728 1441.600464229523 944.7769614736993 45956419.46946839 837.8142409021983 78346001588.21765 0.07670956261600038 0.9994814860937634 -2.277752629666013 0.06380895779338225 0.45982775661145403
0.0 5941710.210678101 -2454850.4577789307 -17087184.554267883 13963.151631329949 3214.1295688704995 -1772.8564030847306 71969966.17492074 893.9735256259211 78346020823.79318 0.07670998625529568 0.9994815019423429 -2.2777853164410793 0.06390168788655082 4.06095570909147
1.0 13675496.30947876 9649990.65642929 -8251038.806752443 -270.2086325712062 461.6357808766552 435.6320549745709 76049580.27000561 858.6611851302474 78346010247.61725 0.07670918479796546 0.9994814206677607 -2.277754335426745 0.06386517342842346 0.07833634645932008
1.0 2503918.8265686035 5917355.907958984 -10380507.505746841 380.99598593774317 909.7935734913808 11.839555473117798 67972514.83866653 822.7270550381874 78346042532.68286 0.0767114959898246 0.9994816514765916 -2.277845811585224 0.06398008341752792 -0.5688151801720416
0.0 -1763252.6887893677 -11460883.734466553 39988815.635570526 -845.7136850023526 -267.7882301069585 -578.2917240419417 77059054.05695628 880.7372777792013 78346053214.96432 0.07671189702125743 0.9994816814288081 -2.277867756931004 0.06402736086557503 0.21150354191475523
0.0 -12176953.756393433 7244065.99319458 -11617114.057570457 -2184.2162153063946 611.5182734821956 552.5974413351461 74563487.2267039 908.7083866105895 78346051284.08887 0.07671185091827516 0.9994816793816543 -2.277864393949106 0.06401814364434433 -0.13351060266291603
0.0 2480669.816680908 6902194.483673096 -11729377.90542841 -1318.4092234816162 2214.656870089091 972.4674045029744 77183704.15401089 872.9205290580913 78346012506.92252 0.07670929397750913 0.9994814301135384 -2.2777595343055275 0.06387455255572494 0.056407663556680865
1.0 -835608.607208252 4211980.978271484 -5500474.688545227 -598.7662809662124 369.7841304524918 14.927996119721172 65493071.89248509 837.0062705835874 78346038956.98196 0.07671134436688846 0.9994816392319467 -2.2778380679776045 0.06396470064216331 -0.6379346892681539
0.0 -11762548.031158447 3878205.741455078 5356416.9756240845 -2064.9264528442436 -3090.344778825586 4954.792899346547 72086516.91965333 907.4336618260973 78346022197.5841 0.07671007036650708 0.9994815099473463 -2.277788883215576 0.06390693983135609 3.8810883954443622
0.0 -34119901.29803467 -11878733.550292969 34168676.78190231 -877.0078355846854 787.6121913831012 -226.8688659390849 74206093.9689752 848.2544251724903 78346047850.39255 0.07671164273184619 0.9994816596376227 -2.277855525806011 0.06400496474701978 0.21973521654639333
0.0 -3959186.447166443 125167.35720825195 3576060.8040065765 -1804.0817338288725 1193.7692569749797 741.6427505871955 73599031.68151015 849.5520266703277 78346049682.03723 0.07671177845659755 0.9994816733179299 -2.2778608208882876 0.06401136683981168 -0.15923963612272077
0.0 5025394.206542969 2053386.6049461365 -11484337.93878746 12610.074609111009 -5860.091347809299 1962.4695102513322 68970961.1168461 891.1324566958907 78346016606.2981 0.07670980972303107 0.999481487792072 -2.27777623569657 0.06388348541939859 3.9393036513594692
0.0 10810.626281738281 -6834443.35748291 -11194263.36648655 -2445.111352071657 1203.8877615171295 1149.3203717078138 74468480.42352559 851.5540223798512 78346050900.98776 0.07671182939581915 0.9994816773964822 -2.277863443537637 0.06401662986122325 -0.10690758263462907
0.0 1418048.086013794 -4832449.946212769 -6448917.0579071045 4133.761371457822 4072.4724035654363 495.2834283640999 34747420.109805465 823.1699117212486 78345982206.00201 0.07670867174113681 0.9994814109028148 -2.277709076373231 0.0637273310832347 0.8649697819409528
0.0 3424800.1424865723 4514415.113037109 -8745170.202931881 -3077.2143367825665 5841.878512703591 371.18945187730435 39649123.413224444 820.0593117145927 78345992276.02768 0.07670916310825798 0.9994814536079621 -2.2777323569143597 0.06376901447532823 0.3271714048114398
0.0 -4599513.1530303955 -2969692.854370117 3300792.270530939 -2497.8323102585746 9003.259390257224 736.6409449243658 41818697.12931635 804.3180131074693 78345992048.62378 0.07670908148839253 0.9994814436427318 -2.2777302174718512 0.0637698682020913 -5.408217602396753
0.0 -1983930.8709716797 -2923569.3327178955 17228569.38532257 1685.9109775851498 1191.3303980025194 -6840.843744163591 62434599.10241372 875.8907186585412 78345997657.84851 0.0767088020293418 0.9994813968292496 -2.2777305278675644 0.0638071663251738 -1.2956640166035642
0.0 -2876665.8624954224 -6450112.803344727 -1137457.098449707 -990.8027340801564 9620.422087232446 7814.136342010766 60181697.55449805 809.4660362354363 78346037385.68033 0.0767114083093772 0.9994816505128347 -2.2778376528582913 0.0639546174302188 -1.702172180781691
0.0 -4748045.537063599 -25760817.331604004 23320908.90388298 -1469.9866866047705 1100.8906997858085 -282.83383837765655 72857126.61713271 866.7666385082229 78346049794.77148 0.07671180860015861 0.9994816769403508 -2.2778616453862597 0.0640112062598126 -0.35093065174570437
1.0 4290619.505249023 6441183.218486786 -5021995.783019066 1245.3273572192002 454.3255627161343 -241.86056377816777 72679372.41347736 852.1976904443086 78346006413.91077 0.07670904425094262 0.999481410346878 -2.2777465368519945 0.06384812032702669 -0.20000842629622007
0.0 8907970.87033081 -1586328.6486816406 2130136.5324401855 -4487.827810983107 445.37226488803935 4993.131710887678 68447677.8884378 874.3257008433188 78346015173.15378 0.0767097344014877 0.9994814810265812 -2.277772799098573 0.06387769035165469 -2.290514517313308
1.0 -12091060.812805176 -7797644.128128052 -5322715.149088383 1220.1604053739902 1089.7326815860106 282.4787662167839 70599607.22765101 881.7145701068722 78346005416.78659 0.07670904490767805 0.9994814124119733 -2.277745359973732 0.06384273775731675 -0.5571411560500629
0.0 10726665.819335938 19863035.351348877 -27017667.01073122 -5225.171921032843 -6177.097982014016 -4055.572980560966 69310554.24967766 854.0703242595958 78346017803.27646 0.07670987564664887 0.9994814938273849 -2.2777791749533005 0.06388824880655974 3.8647400493406647
0.0 3689331.3245220184 8496344.475189209 -22082956.04142952 -1019.8097370144023 994.6302928116254 285.99013965470044 72355011.23793943 890.0113329412961 78346048798.3374 0.07671176050765537 0.9994816727830089 -2.277859353858201 0.0640070682133338 -0.34473541133297997
0.0 9763219.506515503 3336187.6229553223 16035105.803695679 -1378.5001250485257 8702.861769981835 -132.72961481277218 39203916.22571209 812.0329156958633 78345990150.17688 0.07670904114302558 0.9994814422655559 -2.2777270249989834 0.06376067894444226 0.5672963833770139
0.0 -4746787.444152832 10757063.086166382 -5005711.8198952675 2397.1056971641556 3748.572981715981 -1003.4701289319498 65761631.673045635 834.7742593828106 78346001048.98523 0.07670891565384158 0.9994814045934977 -2.2777371813819314 0.06382252307169978 -1.0524020465013306
0.0 -6257914.758514404 -1233389.244064331 4931511.852588415 4358.820758484779 3009.590192522406 846.7535362615255 31521627.96703155 795.7181483882347 78345979122.98059 0.07670857465850683 0.9994814046376417 -2.2777031696716117 0.06371321136812913 0.6189476833972682
1.0 -4743238.744354248 619283.2312011719 5335838.925035477 1335.965492385547 -167.583143986074 419.9713039088342 68542195.8214102 834.3209404930001 78346043878.29105 0.07671156428724961 0.9994816575184399 -2.2778489828225323 0.06398558620916717 -0.6191255563294612
1.0 -1667173.0528259277 585965.3810806274 9268141.60043621 -1.1348420662725403 673.858015392565 -150.87010901409042 66983612.90777667 859.8539868007771 78346040008.89163 0.07671136543158154 0.9994816398303159 -2.2778398073700536 0.06396982515464167 -0.43658834580170647
0.0 -3750962.4647216797 10546754.860111237 2001132.7156105042 2807.518053747 892.3566087178733 -227.84675300442586 72140739.76577544 859.1014002880906 78346005087.1531 0.07670897619684888 0.9994814042971322 -2.277743393715294 0.06384271278217124 -0.1337410861922672
1.0 12503626.107723236 2119289.1850891113 4721207.66960144 -934.8507936153546 1521.3271975215407 594.5262442675528 76153006.26281318 852.0315384805922 78346013248.97763 0.07670937323462557 0.9994814387547705 -2.2777622348683546 0.06387652847410763 -0.2856908870326982
0.0 134082.69480895996 -525481.2027282715 -3898709.672652006 3263.322017422899 3420.884525024503 807.2723019723722 31393071.31585179 798.3515466623167 78345980574.34216 0.0767086713031995 0.999481414088973 -2.2777071159592084 0.06371856173182877 0.33779109219232106
0.0 7754263.676193237 -994483.0761795044 546077.6520789862 -18536.20116820193 1492.184915874128 562.400496356862 45201087.73854498 804.9792933840695 78346001358.06656 0.07670957128174233 0.999481487656933 -2.2777525528450564 0.06380749870637548 0.31129647690026685
0.0 -28939363.764923096 11073816.322372437 -34133597.59642172 5642.402230155763 1687.2179997627463 454.39115981299983 73332442.60780342 898.3914907941786 78346027585.98306 0.07671037587934251 0.9994815382314135 -2.277802314910324 0.06392816038420701 3.251854281806351
0.0 -15597583.64578247 -3297052.701408386 5513699.0574913025 -4337.038305694916 -1504.6642850084827 4570.877827192906 69147022.74567157 885.6068727638589 78346016553.0925 0.07670980088066442 0.9994814867692882 -2.2777759697674016 0.06388342416571291 3.9855022805442304
0.0 -5546142.988922119 -7634705.209197998 48189095.992788315 622.558474036292 684.9448375895372 -258.04710771955297 74991042.27252682 875.0992210958009 78346008216.47531 0.07670908784885294 0.9994814123297798 -2.2777496891371816 0.063856710824858 0.09943210983397521
0.0 -1052108.2932128906 11558562.651290894 -12872985.844064713 -7990.036786596121 -5246.585117352548 -2019.6352541255678 68472930.64023434 830.9012190527908 78346015940.233 0.07670978259812615 0.9994814856536378 -2.277774818851694 0.06388059151374925 3.908051398276485
1.0 -1026898.0837402344 -2088149.4146194458 -4356846.921055555 -71.82995767239095 42.544875999563374 458.01000407383003 75235409.38870873 884.0597134632181 78346008866.50632 0.07670912179525659 0.9994814153708331 -2.2777512429047286 0.0638593448194893 0.06875958056864817
0.0 -3101987.913543701 8721746.372894287 -7278001.777938366 -2592.217453762787 5542.803643165311 -139.06965836108827 38912516.684845395 795.4430755592481 78345991600.00903 0.07670914272645396 0.9994814523499318 -2.277731082466131 0.06376589537338351 0.2615808325117328
0.0 7594858.857330322 -798996.0943145752 13494372.196965218 1672.0889358658987 1941.9997812210022 -195.9337404652632 70724296.08239175 853.0392233679131 78346005922.12021 0.07670907331663633 0.9994814150338264 -2.2777466140715212 0.06384473403381818 -0.6023830265957366
0.0 11079956.406860352 -11329267.573104858 -11318209.176193237 -12864.912559585224 4917.019587709856 1562.54934502176 46286199.710854724 823.1235272317056 78346001166.53781 0.07670952549255672 0.9994814821936336 -2.277751276159481 0.0638076334951112 0.5925051692188599
1.0 2475391.030151367 519110.69860839844 -9687441.913438082 107.2703398894887 169.4882648633975 398.69395041568964 76261983.26635112 890.381114759382 78346009358.32266 0.07670912144778413 0.9994814143493004 -2.277751822843178 0.06386200028932709 0.2472541437755148
0.0 8133066.599975586 5969802.2138671875 2709426.6549260616 4478.172326044405 4462.329827851292 -10.434509541279567 33140032.34744776 814.6539183757374 78345981143.52252 0.07670865361536924 0.9994814107005037 -2.277707391594115 0.06372207488571746 0.6607793232028105
1.0 -5601216.659103394 6399578.130844116 14079229.68751049 -1073.0331860890656 751.5957605208241 -120.42020859882518 73058275.45598046 835.8175870661181 78346046636.58902 0.0767116007306372 0.9994816566894162 -2.2778531138277778 0.06399950192525505 0.1010447528762094
0.0 -18186697.71810913 -5305386.387756348 -3739759.21521616 -3674.653221123088 7256.417418262745 153.1763699726036 41580272.083789766 832.7813083322136 78345993283.6781 0.07670916771999105 0.9994814521945078 -2.277733666927305 0.06377431959110869 0.6228200023290333
1.0 409791.1884613037 6524894.858947754 -9509542.565291405 -328.7023578979606 1413.0360934384335 746.140340469377 71586017.17825133 848.424167986062 78346046341.15134 0.07671162740085674 0.9994816606794543 -2.2778533709435203 0.0639972332439056 -0.21387414064349833
0.0 36093256.04998779 15181934.278301239 -24185313.54447007 728.0217540660203 203.42051918611105 -39.693480351000176 74195976.97280009 858.4149548345981 78346007102.07663 0.07670904128468219 0.9994814086008286 -2.2777472915722607 0.06385189907226252 0.06535717104475336
1.0 -1911478.6606140137 10115690.894332886 5211908.005545616 644.8560638786636 1382.7846519755585 -107.24373839490119 65372752.85326978 833.98935581983 78346001596.88672 0.07670896266426892 0.9994814095049521 -2.2777389119994917 0.06382427495779375 -1.240856502279363
0.0 -12800833.725463867 2061596.5629882812 6178235.269521713 252.66291212802025 5681.169662394611 232.45990601014827 33761289.79282583 800.9910432324955 78345986131.1232 0.07670895285708987 0.999481438983151 -2.2777202007028965 0.06374129823128527 -0.04980391541328277
1.0 -437660.96672821045 -1282739.314880371 -1784589.424612999 -478.7178525729614 1290.6540100068923 134.0820915844199 74338261.59370047 855.3055264637658 78346048221.66443 0.0767116623497219 0.9994816614033851 -2.2778564184974175 0.06400646335155535 0.2040490185717002
0.0 -5423707.424713135 2646660.172607422 2314029.366714239 -3544.5983876559258 9177.490972473835 -1350.0615804834295 61121069.42147026 845.4764482977779 78346038264.00186 0.07671143533704215 0.999481652216833 -2.2778393211978485 0.06395865603462791 -1.6094780164241962
0.0 -3836809.1827545166 924801.506149292 9291001.727549613 5014.654406735326 4315.639871907191 616.5086439965261 34572812.36161006 817.37543920996 78345981540.20291 0.07670863463043834 0.9994814074891262 -2.2777074313522903 0.06372469277555037 0.9401740034451185
1.0 -2712300.30267334 8543590.273284912 14288506.382828712 -1003.6921910659303 -35.85779581008319 -362.33908489348516 73268159.1467156 840.9388065122635 78346045615.8645 0.07671152906662976 0.9994816495724687 -2.277850253904204 0.06399583312907264 0.2838957747294737
1.0 -4545978.015106201 -2484131.0876731873 1931467.5385389328 -184.84886830747791 1463.3480187543137 494.2237025544948 68894564.49659477 850.3747538462067 78346003305.22687 0.07670896281892674 0.9994814061302475 -2.2777409575905354 0.06383346416013858 -0.6475316222203106
0.0 765477.7831726074 -923321.0702056885 -3096091.2988996506 4541.487175856762 3503.077863236551 788.3173591513605 32416769.153053634 807.8573786319266 78345980229.11224 0.07670861759968813 0.9994814079204742 -2.2777054744535103 0.06371807084767678 0.6446308968295136
0.0 -18598008.71208191 7735915.374328613 13107848.259018898 -688.0455682923784 8039.669493845777 -568.5924485750588 37971139.80833526 796.5585166049406 78345989086.3659 0.07670901134631565 0.9994814405762608 -2.2777250715749364 0.06375571264043511 0.45186470620505714
0.0 3272321.842197418 6278562.538757324 -5013011.375597 575.2539397879409 6901.693968594051 -7089.702793217519 60664355.0362294 807.7007208407354 78346038915.3775 0.07671149105224379 0.9994816580323133 -2.2778413746840407 0.06396074318668354 -1.8236203945609535
0.0 -2621015.9135742188 1547478.6323242188 6809440.725599289 -8140.726435212568 8311.539922446173 -447.7536255679171 45675287.51634643 824.2054081494322 78345996738.28558 0.07670926164502168 0.9994814573180464 -2.2777399455499943 0.06379051930368806 1.0568706201436249
0.0 6639051.163696289 3874192.2720336914 -2897886.4984092712 -2339.025810820982 -3165.3853247889056 4830.938117559495 72740480.36263403 910.3173486981207 78346021763.79086 0.07671002244333103 0.9994815046931484 -2.2777872681108953 0.0639058252304574 4.102113448993844
0.0 8919682.184112549 7034632.655944824 -3968866.763592243 -4408.53426642733 78.42643885006692 808.298793254812 33409097.762701675 819.1894700017981 78345982833.90216 0.07670875322367465 0.9994814200550416 -2.277711691403595 0.06372863605288526 0.4319693869809629
0.0 14013396.647399902 10175470.06653595 -12221831.416422606 1119.31319228318 1113.5786936535114 382.6178956523791 70826189.7647204 871.0935474939788 78346004422.5751 0.07670897442005245 0.9994814053907604 -2.2777425586601345 0.06383918169391922 -0.35069471971232247
0.0 -7484223.955505371 -2288690.4609909058 -33445258.753855824 410.36474675591626 395.0147824909618 207.0387434928341 74797904.15028691 830.9201802564818 78346007880.29324 0.07670907235713201 0.9994814110204737 -2.277748932804422 0.06385529602770834 0.09987235129419858
0.0 18429547.21170807 9803740.741149902 -54314734.327887535 -2095.3469810855677 1984.9257544870115 9.714906851173964 71863378.90179299 889.6202498116172 78346048097.56421 0.07671173096875297 0.9994816704059298 -2.277857840288039 0.06400404897349876 -0.3734605736447226
0.0 -5216376.41027832 25675919.639312744 8096417.046216488 -6338.908144293335 9896.298766176053 31.644816460417374 44849890.916566 827.2103667457743 78345995038.30756 0.0767091786299672 0.9994814501006508 -2.277736013951754 0.06378348413647128 1.1171135994312797
1.0 -3811840.955215454 2270576.451324463 6627439.969298482 -1621.4786807754572 112.98289370660132 -124.83346970248147 75053012.75390957 854.5638397859672 78346051543.08765 0.07671185231526169 0.9994816790454614 -2.2778647355073076 0.06401950184507754 -0.04982367872502441
0.0 18491275.97036743 5685995.174583435 -13592213.040786743 1769.4701655652534 1560.7631418882993 -4490.473597683528 61848290.71404325 864.8325416875228 78346000356.02222 0.0767089924396642 0.9994814157709002 -2.2777381100580496 0.06381683958745388 -1.914836455917456
0.0 30205285.20010376 2080419.2556533813 11251641.819738388 -55.822152600809204 612.9544299019799 633.0990725379345 70288069.81180155 849.5379578201768 78346043656.901 0.07671149615548034 0.9994816492643961 -2.277847159201669 0.06398612898691525 -0.16616460923483078
0.0 -14001303.30569458 -4476378.879394531 -17279364.21007347 -1513.966256296102 994.8115315968607 609.8366359857466 76645345.06857677 864.717132779291 78346015021.06705 0.07670947115469262 0.9994814477312923 -2.277766593718898 0.06388357231865971 -0.39258191124794073
0.0 16886647.31768799 -14177873.959640503 -4957899.855201721 12962.187687616492 -2276.1553599012223 -2081.9447724640336 70146541.27541474 879.2404618275245 78346018290.16379 0.07670988087887817 0.9994814935276963 -2.2777798766735806 0.06389073573027204 3.9917036533530137
0.0 3842387.2907714844 -16216225.324546814 -10565278.131228685 -6641.521282296639 -1421.877209817896 4441.734509625493 67821429.28318138 869.1522792153055 78346015001.95038 0.07670974283875973 0.9994814824435545 -2.2777727875126783 0.06387655429764116 3.8725678954821934
1.0 -3573018.3479003906 -5919587.058639526 6676815.437636852 1215.1185372078417 1371.5265840065804 21.369119316755018 70888367.97958972 867.3464155848483 78346005094.85773 0.0767090154219395 0.999481409288192 -2.277744300469146 0.06384175585088592 -0.4380939578138462
1.0 -9662147.387695312 4959521.37972641 -14242682.783557653 723.4423436629253 122.12555236348999 402.4008284216626 72083437.69169301 867.6848712713141 78346005737.14331 0.07670901947064657 0.999481408528725 -2.2777451608629016 0.06384510914993857 -0.2444856129596673
0.0 1645933.2279815674 27887154.443603516 6385908.767416954 -1577.5144450050284 2051.539460660032 479.5014300870614 72512823.32037936 862.6506672600058 78346048411.21213 0.07671173090912384 0.9994816697752579 -2.2778582138407675 0.0640057383350845 -0.25777285829755725
0.0 6510548.906036377 -3220724.8723754883 1214625.396528244 -6431.8099851289535 3184.2401166175696 5669.160620982334 67804571.3381643 851.9971003634391 78346012731.3494 0.07670959838337807 0.9994814685187247 -2.277766767954043 0.06386801225776306 -2.1606301177571945
0.0 928629.7388916016 -18300121.808135986 -24138149.002119064 -831.0562440683752 5310.58731488807 -211.9558163354076 36139459.61197037 816.8432833509202 78345988747.73505 0.07670904637483192 0.9994814457198263 -2.277725468313931 0.0637529987808989 0.07349356116035954
0.0 4915610.449478149 13790923.444862366 4494681.480600357 7047.876639234633 1769.9844797857368 -1324.2272625642142 68690680.65844056 910.5783713331681 78346025526.99481 0.07671038797363453 0.999481543865543 -2.2778001304539224 0.0639167724593035 2.4527364926427992
0.0 11007679.258636475 -2035180.1034545898 18927561.78455901 -984.0482819531717 605.9484324219648 60.87940877856386 75440120.8630248 871.8787783519514 78346049489.57968 0.07671170922737573 0.9994816648665168 -2.277859006740333 0.06401209324810075 0.30667291683453024
0.0 -1818613.217163086 847196.7103271484 23241803.512239456 1045.9292660647443 1448.2142192496613 752.6046115726833 71958136.32713187 838.9216077903465 78346006610.05338 0.07670907908081742 0.9994814144025953 -2.2777475682828365 0.06384828931260067 -0.40322854634797634
0.0 -4052754.154815674 -17703901.199529648 24181828.40089035 43.76581190453089 -36.31749888207196 -80.19065214771797 72085898.76755774 838.800358827571 78346044886.49887 0.0767115190617463 0.9994816497447213 -2.2778491531314984 0.06399216282626874 0.09830104427083164
0.0 1571302.376083374 -1654046.1744995117 3743366.8869132996 -3538.029853405722 8547.601168109966 615.3165141733052 40883562.196684614 783.749501441431 78345992215.17053 0.07670912104403943 0.9994814483602604 -2.2777313216605126 0.06376975763999226 0.6281430814235471
0.0 6873010.1384887695 3802668.2274398804 8726356.358493805 1663.195717069224 2189.157502665261 -5919.718868986117 61252459.95331912 848.0983062262333 78346034313.31006 0.07671117902367373 0.9994816273580659 -2.27782873383252 0.06394391998500115 -0.9164690813636029
0.0 30559945.61933899 24180664.237213135 15298908.887672901 515.6044811089705 3614.6241188146014 868.8267113691095 74665419.56961632 863.9685285582719 78346009604.25195 0.076709186528504 0.9994814221671217 -2.277753605982581 0.06386166722128994 -0.1680507237493316
0.0 1585446.9013290405 19692533.525878906 4302800.201190472 -552.1017496495479 2450.524689581759 180.57495997841067 75766853.41174793 864.7203749849214 78346012699.85074 0.07670935011601444 0.9994814368952004 -2.277761049475947 0.06387416187783046 -0.3082654257280849
0.0 9387027.755905151 -11313228.047714233 9528619.839817286 -2098.0851774560797 447.4246392273344 1131.3780290079212 74380251.83205546 906.1528146541134 78346051092.02185 0.07671184432196895 0.9994816789215614 -2.2778640134273163 0.06401727796421852 -0.15259119566243518
0.0 5165318.561828613 -4386925.23487854 7520384.885344982 -16702.68073965742 -1834.002580447148 529.6854405867418 43684655.92002199 808.5157872895174 78346001102.82019 0.07670960188434424 0.9994814920697342 -2.277752947983431 0.06380534621664591 -0.01656666442985877
