Label M_f Ep_x Ep_y Ep_z Ev_x Ev_y Ev_z t_t m_0 |Delta_a| |Delta_e| cos(Delta_i) Delta_Omega Delta_omega Delta_theta
0.0 125.10455219652385 12252558.352012634 -152093204.13131714 143593056.74359226 1687.6437094549474 -483.3189345930032 1171.006332205925 117723630.32421659 872.1045521965239 78346042431.08078 0.0767099508080355 0.9994814544876797 -2.2778103334571465 0.06401886602421225 5.270348475333201
0.0 35.122204485377324 83454571011.13895 33263772387.81669 -5389125755.022357 -13641.656816205234 4412.765004527282 232.93512636272172 21976399.2727 782.1222044853773 78346006565.54922 0.0767106220664083 0.9994816114090384 -2.27778282151049 0.06380877635884641 0.4815669340391646
0.0 182.38965857992162 -4094656281.5487366 4293442470.592331 6791413325.725315 2205.8091256856715 -2227.0290829285623 1631.3866608622097 114339666.07233503 929.3896585799216 78346079136.90915 0.07671239911596112 0.9994816940032167 -2.2779102314175015 0.06415407558665631 -1.1969506167501698
0.0 127.68043358329669 135207258.9427948 -131714483.15097046 -184807784.8638134 1725.907697516588 3041.8242207084186 -247.96394752864575 106242248.28261292 874.6804335832967 78346053549.13583 0.0767110157847739 0.9994815683124592 -2.2778479920246566 0.06405158917751752 0.6793939982499808
0.0 175.95828304179474 -63976117.677490234 77599591.4630127 24701859.29176712 88.97666024434147 -510.612971313898 -444.85883838653075 87285103.7704546 922.9582830417947 78346059866.04007 0.07671200541955603 0.9994816820483943 -2.2778781876044896 0.06406039343407599 1.7420933145505764
0.0 34.61092633595513 43371261292.34137 24546576240.060425 -4322181431.998958 2365.9032306263543 5649.594641480277 -604.6814387373581 18802654.982491743 781.6109263359551 78346003827.15701 0.07671054537847319 0.9994816070629576 -2.2777777934283905 0.06379599210371545 0.11898670822793789
0.0 95.74564739228776 -122007975.60575867 -67092895.81390381 110110000.01562786 -296.73008174572897 2454.8072255827683 -5447.554457696083 55334736.10710425 842.7456473922878 78346027784.13727 0.07671094516159783 0.9994816104860341 -2.2778155780264235 0.06391473683289561 -1.2215859639642874
0.0 35.07017106868375 -165036410.26755524 -284995474.2088165 -39783679.24799961 2313.7994321244914 -489.2892283777319 -574.6655686085866 25033257.695312902 782.0701710686837 78346004403.77957 0.07671038949643853 0.9994815860251932 -2.2777749158141885 0.06380306274744729 1.5517621157604462
0.0 236.0507688456397 -793050988.8901367 842501847.9845581 285651205.57348514 3152.2650616512683 458.61112004099414 224.61599916276197 112652476.2115049 983.0507688456397 78346071442.53061 0.07671196001479572 0.9994816532578943 -2.2778909865330514 0.06412384601121524 -0.2883084318773399
0.0 91.63981517537172 339104248.3237152 378348230.75393677 12815003.666805267 7026.619781229721 1091.8624273866117 4784.037365103059 56695397.23544302 838.6398151753717 78345988410.33621 0.07670838908132818 0.9994813624966362 -2.2777100248893785 0.06376791315421304 5.225230642631482
0.0 280.56708559238314 -445922010.3971033 539591324.8730469 152417350.91865015 -942.5767484335156 1162.4441137638314 -585.8425766650661 120286206.79228874 1027.5670855923831 78346088050.38031 0.07671278432308319 0.9994817254486682 -2.2779297003382264 0.0641922372600705 -1.2985584599119038
0.0 223.64707573553983 -9982522083.275513 -5197014287.474319 -15448192903.634148 -1285.1750210971022 757.4701782332413 -2224.225046556123 97640922.56562679 970.6470757355398 78346070464.33401 0.07671236183236017 0.9994817064734551 -2.27789901159797 0.06410835459199493 2.487873474901303
0.0 160.18941903416828 -17332958482.870293 65697257367.93547 3685951335.770513 8224.118229148055 -3633.5994665664557 686.4963941362868 83677952.74045768 907.1894190341683 78346026669.01108 0.07670999736686224 0.9994814917470453 -2.2777925577340055 0.06393286009960608 -0.37244718407297395
0.0 170.2774528394018 263021162.11099243 -90928713.38864136 -10001118.606360197 2776.332363181089 3273.3264435514793 1939.7646736370534 108191171.52235144 917.2774528394018 78346033148.79953 0.07670965295728698 0.9994814349162411 -2.277792422561053 0.06397649619079537 4.558561461109707
0.0 74.04047674774915 -841749966.3900375 11435463.845153809 713715871.6168219 2923.9987517571244 3510.2142555226733 5741.694116491609 39725281.89128759 821.0404767477492 78345976566.74167 0.07670815772259934 0.9994813565002298 -2.277690573808322 0.06371006763639198 3.109755791355159
0.0 38.82389963694379 6726291576.095154 2159761165.2565002 -639799390.1968037 3469.4432448878724 1078.6716286991614 287.09640819222085 21065418.126619395 785.8238996369438 78345970751.76831 0.07670836354868224 0.9994813943263019 -2.277688332611381 0.0636735364867258 -0.5367336678022849
0.0 210.91179629300336 -573532565.0384827 331707262.2274704 -110950246.4041233 1228.1671937814554 976.6215978545224 121.43674183327755 105777684.92979437 957.9117962930034 78346060538.02997 0.07671147639020273 0.9994816132067085 -2.277866885671912 0.06407747496560301 -0.3250417094541884
0.0 122.1473421839429 -85148992623.02405 -6134460520.723206 -25009047662.25369 -5400.182661950594 6704.586309313745 4672.380300520558 73573470.76671362 869.1473421839429 78346017651.50204 0.07670973411312548 0.9994814760656523 -2.277775754976404 0.06389103449750344 -1.4333287030599209
0.0 145.02464210220148 -1943279884.1456413 -6976442634.03447 3677142911.0924406 1458.2840614785928 988.632240415478 579.1903604185142 82228731.07455425 892.0246421022015 78346040599.44238 0.07671093163939342 0.999481583301097 -2.2778305872960303 0.06398404437309946 -3.201466854083807
0.0 162.42219963694674 307785490.3267822 -30721.107383728027 244606660.92818546 303.2477523216494 273.3536128945889 -521.5202899503165 92276898.89330487 909.4221996369467 78346017298.26279 0.07670913310232326 0.9994814000601642 -2.277761580471445 0.0639044310691812 2.9633552497651188
0.0 86.03633216620926 -294737120.32507324 -189349688.3478241 -221673884.149014 -538.7638063427166 1234.5235338855055 30.435609070912733 55894064.61415122 833.0363321662093 78345994023.57599 0.07670877226741653 0.999481400251869 -2.2777255026567658 0.06378836663949272 -2.2866269590526187
0.0 91.91027873085409 -171635450.0287323 273463660.5996704 -13440866.011551619 316.98740530329815 5038.494396168471 399.1506034332287 38987672.514615074 838.9102787308541 78345989000.08255 0.07670897439802385 0.9994814360319872 -2.2777241229903464 0.06375618876423594 -5.57578334007259
0.0 106.55968591007229 67776781.43356323 -12232655.975379944 125050340.9103775 -22.542136320333157 39.33991587786659 105.96837280716719 68581934.49396975 853.5596859100723 78346043056.70746 0.07671151060050879 0.9994816522999586 -2.2778467722944074 0.06398253148178679 -0.4950746112040872
0.0 170.1747248168739 191143618.0293274 -252604204.95326233 -459387288.07054424 1985.6740166165073 2168.6737508185906 -610.3741865966715 122192660.59262152 917.1747248168739 78346092202.35431 0.07671299046207683 0.9994817435034804 -2.277939380219879 0.06420933355688074 -1.4889050596696336
0.0 140.72544291118606 103242561.31687927 52630175.64860535 -225102824.919919 391.4883570947859 1929.1512395890095 -1022.1867910677666 103775231.42893016 887.7254429111861 78346026601.47183 0.07670937148909228 0.9994814120011716 -2.277778155735534 0.06394842705434023 -1.8088568815503372
0.0 174.3295333250294 152675841.82006836 -174114398.7702179 -113379123.92207909 4295.591087843501 6291.5995398442465 1804.0652747366553 98945726.53563133 921.3295333250294 78346070533.11359 0.0767123258691164 0.9994817017479205 -2.277898270905845 0.06410964008489106 2.809482027502185
0.0 102.36975151617946 737098679.6200256 679398539.0542603 78062316.7579779 7834.998602383583 -5440.504537694622 -407.5047886726553 77190680.4403747 849.3697515161795 78346018565.26471 0.07670968058395038 0.9994814674184341 -2.2777756223875416 0.06389731422762956 -0.7175893289108809
0.0 176.23721085397585 -57248994.246032715 62730566.588516235 -121803809.45300627 1737.0435747876782 -2314.2907899340753 -1347.577938729235 102742579.47964965 923.2372108539759 78346071282.01724 0.07671225625779733 0.9994816913779462 -2.2778975732641626 0.06411544199206354 3.6356369004228313
0.0 101.67785709516056 -224266454.5397644 307063916.80288696 -13784038.468218803 281.25022244674255 1483.3945438799165 -7541.903298961873 53776429.77493395 848.6778570951606 78346033026.12088 0.07671132805473177 0.9994816489323143 -2.2778306053121895 0.06393319992418345 -2.5706157425370306
0.0 183.3128767534712 -219278098.1049118 -500155950.42248535 97099325.07307917 5187.950564418166 -745.6822673909373 -547.2897672665657 85632902.72902232 930.3128767534712 78346031762.82635 0.07671026214210733 0.9994815154178538 -2.2778047051476364 0.06395353229292233 5.534418701645912
0.0 170.90771162123428 267621146.63510132 181977581.57829285 -40730552.07933974 -164.2404340782614 -124.61933779060928 -4.622563863632081 100412776.59134737 917.9077116212343 78346063301.96484 0.07671181879111458 0.9994816514086435 -2.2778780243012746 0.06408363350832147 4.362112129009483
0.0 118.53346184787472 -385081042.97787476 139969115.89888 -25302540.891684055 2397.129058564118 -1351.382990160644 -200.8185487837327 119080106.1493093 865.5334618478747 78346085257.98871 0.07671264333232163 0.9994817130055654 -2.2779231363377535 0.06418079910811869 -1.1175269221502635
0.0 111.22310032566577 355672090.85440063 -379436633.4021301 -1020236060.1961632 -3690.454098144353 -1634.0989500329779 1558.6027584964727 75392925.27962635 858.2231003256658 78346020369.05527 0.07670985135577468 0.9994814856294296 -2.277781686117564 0.0639026743773794 -1.3708394036331304
0.0 63.333008866124146 -214928990818.6103 199765779034.1114 5084512821.648964 -41920.953237373964 -43406.584516497416 321.896117052563 42243556.80208352 810.3330088661241 78346000804.93918 0.07670962743488659 0.999481495922431 -2.277753176558525 0.06380309288720376 -0.3232134295539603
0.0 96.43610847811067 92464000.46968842 -150500719.878479 -74282739.74959278 940.1148349844225 1821.059918138877 -762.9018008056082 98073850.52929066 843.4361084781107 78346054322.25427 0.07671131777890676 0.9994816053146985 -2.277855826362552 0.06404806295422638 -1.370252569890876
0.0 13.981056130382171 -24211121.81538391 -14362546.53717041 19028014.920160413 13081.143598992578 8124.918524879944 848.4549600586687 21538661.19557733 760.9810561303822 78345974759.5629 0.0767086048080246 0.9994814171558449 -2.2776986437695603 0.0636889629938775 5.246307393309226
0.0 53.173888070043404 -1533900624.5298615 2922261352.946106 118960941.37054889 9648.438817844539 7600.633174567851 812.2139181811493 24888874.970317934 800.1738880700434 78345977582.56393 0.07670868144038356 0.9994814213273554 -2.277703771716742 0.06370220397240178 5.576758882796092
0.0 167.4743795903721 706558177.8394318 -4977602040.629211 964323787.4321105 2445.3123449677005 1947.6393171920427 1178.3065758902903 80554360.47862507 914.4743795903721 78346034870.6752 0.07671061764507214 0.9994815546121363 -2.277816554671841 0.06396120806416938 -2.5750088627248022
0.0 77.9838312075226 35036935.218566895 -67606716.52894592 -73562877.94215488 30.575811086753674 2296.22893620178 733.5282860606565 39359584.901453234 824.9838312075226 78345984884.21463 0.07670870009940593 0.9994814092005966 -2.277712926646211 0.06374102162342332 1.5180120936826387
0.0 36.94315463783505 196805229.46873474 -96343352.64503479 368831544.74800587 3528.197563437403 654.7141978275504 -1004.2600020744673 29231017.018309597 783.943154637835 78345973057.2752 0.0767082582098289 0.9994813762999974 -2.2776886781304437 0.06368862435474121 1.0809612795429453
0.0 58.62402086711597 33180840.960151672 -5407164.1318359375 128688204.0005436 3387.1905043636434 2356.4499064201045 5925.357873767354 36012548.08393864 805.624020867116 78346014878.54672 0.07671071873947856 0.9994816072307874 -2.2777949704551403 0.06385105071581876 2.5818408468027445
0.0 57.8541618479336 -40791761.589782715 77906180.83135223 -59711044.397453785 1690.4022517343183 2380.4754093487827 529.1022244048678 36393688.921787724 804.8541618479336 78346015861.56763 0.07671076971702626 0.9994816117831334 -2.2777973119648864 0.06385504314780022 2.4987004191343987
0.0 50.02355215581406 24778989968.80777 21433344802.694717 -3433815945.751463 4.783238907064515 6182.976097489958 -148.06553548979056 23008402.963621583 797.0235521558141 78346006985.92111 0.07671061698930898 0.999481609926022 -2.2777832078255056 0.0638111677453157 0.6686906433757455
0.0 179.52500424600544 -174553658.8076172 -30620060.336151123 -68445798.53774023 1316.588652137183 372.6914090867467 -3225.363306121944 121033893.76362726 926.5250042460054 78346087762.87921 0.0767127428419402 0.9994817207269994 -2.2779284075090183 0.06419174593823751 -1.0635098958761329
0.0 106.44008214096914 559714331.4740906 -467846951.0265503 24415557.908740997 900.7917371257499 2246.9210642836006 371.5455530990821 76382532.20446704 853.4400821409691 78346039101.87073 0.07671101683046978 0.9994815971477904 -2.277830746517113 0.06397381708788874 -4.368607979659861
0.0 139.6136470179506 -759700454.8091736 -294103433.8115845 268408205.59900093 -1066.7235441367302 -871.0866323051232 227.3182977446702 73354701.10705733 886.6136470179506 78346045532.1188 0.07671152104294818 0.9994816487150046 -2.277849970202317 0.06399558669163063 0.31540402839372317
0.0 51.5302041068004 -1368923970.209793 1477771393.4986115 1450505034.0856242 4767.909266052091 -1594.260675094367 -1338.7849053332538 26242953.66993396 798.5302041068004 78346002441.43597 0.07671022678847908 0.9994815691599674 -2.277768847075366 0.06379664412291408 2.092236569830788
0.0 136.57569637601466 45709129.18321228 2224337.7220458984 -177766299.32098436 -340.740634707734 -601.6628896591337 420.0937344279581 103383156.51744582 883.5756963760147 78346031381.0087 0.07670968878621244 0.9994814430015638 -2.27779112927823 0.06396607117721054 3.694070857417864
0.0 28.104057267898384 29626022.97189331 67043836.88040161 -25745917.42614174 2945.881858776367 6179.2317340716945 -1093.9334972773977 23963982.19339186 775.1040572678984 78345970084.28009 0.0767082312835552 0.9994813787706261 -2.277684508258032 0.06367331104463148 0.25155365444771927
0.0 74.54619175654375 -174581522.77054977 -482124597.0542908 191144128.84660316 3805.8199677132143 1605.844952805346 856.4512040593997 53516821.319114484 821.5461917565437 78345983839.3057 0.07670819552974409 0.9994813468747181 -2.2777001321147314 0.06374824138846513 5.237004827882112
0.0 170.44883430964614 -11662936.287094116 79655491.13491821 -27630163.0398345 -600.5953591694015 8453.235504528857 -375.0201717959593 94697302.83759256 917.4488343096461 78346038151.76477 0.0767103897303629 0.9994815190073735 -2.277815261579354 0.06398466577304784 -5.965418312616874
0.0 162.29052842448868 -51723442.166137695 -24798629.654418945 -282693228.0634079 345.3669439479718 -772.5165799405768 -158.9263127767623 92163638.63383691 909.2905284244887 78346065790.62466 0.07671223281883587 0.9994816992955031 -2.277890472839275 0.06408648759513103 1.9593071030706128
0.0 113.0537184990576 -475286763.25650024 268892929.565155 153556425.75540733 1427.5021454267007 2859.5256022333688 508.2560678301979 70184012.53161699 860.0537184990576 78346009535.47781 0.07670932073756154 0.9994814394329691 -2.2777565947309713 0.06385788111618051 -1.2383744359597588
0.0 44.31229842510663 -467851683.9663391 2170690881.9647217 1821605.8305199146 3158.4747509224017 2460.4236127687036 744.0086409867994 26340386.65242316 791.3122984251066 78345977992.15747 0.0767086627005973 0.9994814181217934 -2.277703832519544 0.06370488511056926 -0.4306538456019622
0.0 96.20729192992542 -98173580.60958862 67605280.7353363 -122790002.97712493 3916.298977579343 3354.5814281148014 -7426.917269085483 55382561.10612654 843.2072919299254 78345993265.65488 0.07670873969422891 0.9994813976004141 -2.2777238513452103 0.06378511710000456 -2.274624942479047
0.0 52.98679634246503 16090950034.299927 14056829458.241241 -1109817353.3323154 795.5721804203058 -164.60040740466502 729.9428221930934 27680245.274954963 799.986796342465 78345977505.8552 0.07670859021152562 0.9994814098359187 -2.27770159253509 0.06370411321770053 -0.03171586991355868
0.0 128.53926214462945 -85531581.23046112 108924941.44955444 4824980.402205229 2551.720382310352 389.6251253991569 618.7327078970253 119313573.78170644 875.5392621446294 78346042538.36072 0.07670990848430034 0.9994814488727941 -2.2778094932465884 0.0640205205954727 5.634779599521719
0.0 173.2596767738096 1367101639.8830261 -2447160372.129898 2428637136.984421 467.01495629794954 928.8729368373206 -225.75352926442332 78737587.11174886 920.2596767738096 78346039528.77908 0.0767109712516091 0.9994815904831854 -2.2778302138887003 0.06397727453696245 -3.875081246760285
0.0 159.14685459039742 -6383047.069091797 23108338.40182495 178056474.9136448 -729.4616887591856 314.63832122777603 -271.2617250561764 80806852.4525798 906.1468545903974 78346024785.41965 0.07670996589739407 0.9994814914731682 -2.277789586115478 0.06392352486500119 -0.7541968917310369
0.0 116.16829724075274 106024784.09132385 156858367.5578308 55720651.14146733 13657.208731432413 2878.0160179485465 522.8023740738784 76159996.48524801 863.1682972407527 78346022674.49603 0.07670997483316917 0.9994814968076199 -2.2777872673054405 0.06391193785100313 4.763669314946096
0.0 130.2510887447895 -3243503047.5474854 -3063936476.6407166 8438383680.320738 -3655.674481884917 379.27159978646523 -2475.146236834319 73540641.157144 877.2510887447895 78346020291.43576 0.07670990368694496 0.9994814924623736 -2.2777827907715285 0.06390092470042497 4.4987759654273
0.0 227.26512296114856 -1854599236.3589249 -3126587097.1572723 5971879531.63381 1906.1071799266501 -223.04926353725114 350.20632832051 104511715.22141623 974.2651229611486 78346078663.67282 0.07671267285734384 0.9994817298717685 -2.277915929457855 0.0641445614339915 -3.600370505377168
0.0 153.93410280440798 -175909602.99832153 78732901.17995453 72820961.2285471 10526.278997400934 2261.192949875858 -2656.144924971478 78668164.10241579 900.934102804408 78346033904.67007 0.07671061430209447 0.9994815561047737 -2.2778153234708833 0.06395609476204722 -2.8741991241999982
0.0 174.20664238144957 -340726691.2277527 -481611219.868042 265810166.14548302 1894.009157267632 -549.0924651201494 1107.781980089927 125586589.10378243 921.2066423814496 78346087545.07071 0.07671258812993381 0.9994817014188135 -2.2779246070500445 0.06419451170824786 0.08079674466874165
0.0 125.54110884902457 -58671730.009750366 2016449.0476074219 -9859209.187253952 -1121.281101389348 610.695234847215 1459.8836139231548 80026118.75794588 872.5411088490246 78346011178.24112 0.07670912123209866 0.9994814107056266 -2.277753993334197 0.06387179935657361 0.8969528015758819
0.0 139.77239138219943 -26975393.395225525 17296364.599884033 -95227706.57842696 3660.188216236813 -328.85134233654026 -999.9666443125201 113152939.08124739 886.7723913821994 78346079800.54517 0.07671247819170998 0.9994817027749107 -2.2779128340927874 0.06415563412336045 -1.6124967702238253
0.0 204.714193283432 -1118374855.82341 4017171269.3600044 -2537049874.9902077 6575.698649741178 4661.622699191008 3113.6429186457945 113553564.91172422 951.714193283432 78346038775.28812 0.07670984635859548 0.999481448420728 -2.2778035735313478 0.06400185154758109 4.901357131010209
0.0 160.26287706892083 -15730884324.177181 -13036507474.65062 -578128582.0168393 717.2433597125964 690.0047854201766 -479.6868430525915 92126776.49074091 907.2628770689208 78346039547.85907 0.07671055837114178 0.9994815377555153 -2.2778207892105344 0.06398788621820284 -0.5357702069162968
0.0 59.22591876295462 1681032866.3355408 410792133.25512695 -303490840.542346 985.9308845591368 -11692.981836413546 -34.02050500417904 43459322.97713802 806.2259187629546 78346008040.94943 0.0767100518495832 0.9994815357102396 -2.2777715374816756 0.06383122964625887 -0.953627633425701
0.0 29.892519974244692 130773516.04199219 -149338165.38650513 131833986.69991863 2677.9420331653855 2677.724086029015 134.49176973010762 21436236.938963637 776.8925199742447 78345969344.57861 0.0767082622316823 0.9994813841906078 -2.277684332212874 0.06366854274904199 -0.24633196841080385
0.0 195.12153742861483 -16895739988.71225 8381103447.268875 1603839972.3790522 1041.8885842664804 649.4224455641088 -468.98055743464306 122587509.7471192 942.1215374286148 78346054336.37192 0.07671056052578344 0.999481508649027 -2.277838515855865 0.06406741321592513 -1.900673154421861
0.0 158.78668587521554 5885101708.5217285 -3634136332.0923233 16248934643.971342 -28.59411932954208 705.8849885334239 12.579097005325593 74142195.56315899 905.7866858752155 78346041652.06027 0.07671124894760861 0.9994816217018433 -2.277839106146758 0.06398163244030108 1.0197437066838904
0.0 49.33152038222647 36121700.124931335 -107320210.34909058 -136849882.92227376 3496.566721481304 8843.26205281498 773.1688687505346 34790736.31758007 796.3315203822265 78345984798.3808 0.07670883592357837 0.9994814267069146 -2.2777159319590976 0.06373710260423149 -5.859579885919895
0.0 67.86031133721224 -53958848.9960022 1412776294.9357529 99741898.4837923 8635.588901959385 4215.7783769085 -789.9881379466459 44870116.24902866 814.8603113372122 78345984739.34909 0.07670852042098265 0.9994813865551709 -2.2777086421004613 0.06374481539196708 2.945696443346355
0.0 163.8626862490886 -78319932.1063385 37522924.085754395 -66774741.70384979 -732.8600322005295 2118.5174269119525 -2482.4111095560966 81439940.49423036 910.8626862490886 78346045055.54755 0.07671124055513245 0.9994816138695494 -2.2778429824454394 0.06400016133575637 -4.050192125186221
0.0 150.38928430360897 -14149739.017486572 114735447.86987305 -417730383.8305161 3077.147674118649 713.7518755160527 2054.2396482024087 86741491.5326354 897.389284303609 78346021287.6643 0.07670955902186584 0.9994814464945186 -2.2777760950180217 0.06391505845990508 1.1995490907596529
0.0 215.4412742914775 -52661505.62937927 94686448.8086853 -262573147.8937235 1434.773003899707 2385.4413426288156 -4022.4734062034927 100512072.67850973 962.4412742914775 78346028215.35846 0.07670957545741106 0.9994814348273744 -2.277784752063756 0.06395192032155794 3.5021887780480325
0.0 196.83089113627727 -176549264.12893677 32917846.365631104 196626299.5682149 1271.5799802181355 183.192810147837 -62.943621212673634 116259720.74278611 943.8308911362773 78346083184.06253 0.07671259814158524 0.9994817113591049 -2.277919623235665 0.06417078886708438 -1.4526554780071628
0.0 184.9124869090316 -55696294.02151489 33287929.497802734 24766445.902952194 -426.80967572508234 318.017801168764 255.06060266721454 122259109.45645703 931.9124869090316 78346056920.19696 0.07671073565846603 0.9994815258661389 -2.277845611779378 0.06407685999144519 -2.363430889571114
0.0 48.466456196174136 -393856060.63978577 535341119.2529831 -135844384.76613235 15041.68516135235 4816.757499613785 516.4406293594893 22526812.785420667 795.4664561961741 78345973872.76096 0.07670851762474 0.9994814077902658 -2.2776955888185686 0.06368640988768615 -0.6651073856212291
0.0 97.86065249625051 152897817.61117554 -195073209.68736267 90208414.38970995 775.1647365247518 1902.9271667391804 57.31357480977948 60050774.18358905 844.8606524962505 78345992852.8128 0.076708568956728 0.9994813766282831 -2.2777194510610004 0.06378724122730173 -1.0269601250755436
0.0 183.95996919790446 -1043435647.9996338 -173977867.39408875 1114197126.4248142 2133.774806418138 -237.4723172342019 -236.30232985350906 98566244.93415311 930.9599691979045 78346071517.12234 0.07671240043414115 0.9994817093076497 -2.2779011533223446 0.06411303746258312 2.5243483581740387
0.0 113.09041355375041 1653977839.5086288 -4972124542.498138 -210410536.32385635 2483.2786423802027 2139.6066007910304 106.54382907598512 74069038.47672035 860.0904135537504 78346035172.09247 0.07671083746741447 0.9994815820658978 -2.277821944919263 0.06395723497245243 -4.270764872132663
0.0 204.27555645030304 259475250.01745605 3980848.4307556152 549719635.9009895 614.1626162798821 682.5703991946757 2266.0983849551344 115481405.07939562 951.275556450303 78346067479.64178 0.07671161949361524 0.9994816176777832 -2.277878457754175 0.06411118765826362 1.034367467711056
0.0 89.23795926316768 -235121482487.49835 13184375500.107178 -668067512.5582404 -6928.67332118621 -31032.53759855855 -706.6015013432068 46756102.88785126 836.2379592631677 78346006212.00656 0.07670983311018001 0.9994815114283924 -2.2777643460968244 0.06382695505623648 0.05790309364574471
0.0 108.35797378765858 -46947450.93586731 -33863632.61462402 -280798987.5956881 -2746.9821083864663 5647.900487708273 1100.0148605467791 72605344.45408101 855.3579737876586 78346010374.4412 0.07670929941837962 0.999481435045082 -2.27775710975633 0.06386293848688407 -0.7673624640873926
0.0 23.933587736670347 -1776406462.1423492 -571690698.3968506 1004009383.8627971 6637.863461343286 2686.880534312968 701.7804954442856 18958436.525024727 770.9335877366703 78345973749.29526 0.07670862010370037 0.999481421115419 -2.277697786147242 0.06368313709252948 4.799978897709367
0.0 225.12320627178894 -142818079.782135 31796715.218711853 -20624430.37986231 5121.845996195614 4179.613989948826 -358.3326120098277 112190746.82175055 972.123206271789 78346076290.19818 0.07671228381629258 0.9994816849458678 -2.2779041903477504 0.06414169121268998 5.068801362330503
0.0 75.85113711916892 -10861118.293197632 -421624714.0711365 50709682.16456461 1969.4215083412091 6173.193134830104 -5902.64181545294 43190534.92997034 822.8511371191689 78346016807.35538 0.07671061989334484 0.9994815907851431 -2.2777950142565597 0.06386394618934066 4.030167858653815
0.0 52.72914249130065 731140395.5290833 1284265877.5186462 -213029552.54770195 2043.717067794526 2371.5085866680456 662.69040711283 31298786.093770787 799.7291424913006 78345979215.48425 0.07670858745683976 0.9994814060873162 -2.277703573095274 0.06371338340608723 0.5488523797023459
0.0 140.33750021159824 66896780.1288147 84393620.16622925 -431293105.11695886 -2510.74301521105 2365.2591332716893 2995.810288514391 66363662.54735145 887.3375002115982 78346010575.79944 0.07670950531675008 0.999481460923684 -2.277762061792299 0.06385878135100675 -2.2470703190760277
0.0 33.11101997985929 -305108799633.76434 209883069451.9998 7040326322.136672 -31069.787567004336 -34531.298319180176 -271.59746713592875 23163290.615594063 780.1110199798593 78345989389.34204 0.0767094886660125 0.999481500893062 -2.2777363557122916 0.06374519388510436 -3.2568498461470314
0.0 197.5916125438573 50826898.65878296 7484460.74489212 38917429.351306915 -67.02815830651616 -176.7336202947372 10.407169919410734 110018109.83966367 944.5916125438573 78346051420.18793 0.07671076307324223 0.9994815402919909 -2.2778396646845973 0.06404656485186067 -4.459218445128679
0.0 190.80557424375036 2137445707.7740479 1625078415.949936 2167903206.9758844 2266.872484510668 730.0547260169915 5639.243182513342 95483488.42069274 937.8055742437504 78346022248.05142 0.07670934997100334 0.9994814179047744 -2.2777724595306053 0.0639255475667051 3.1340966760071023
0.0 50.64159042434926 21114986243.37417 3746510402.6314697 -5551573031.883416 709.5988157454958 165.63245985964386 -114.79272467398903 23659202.318827555 797.6415904243493 78346006698.39432 0.07671057850304991 0.9994816055859604 -2.277781983494189 0.06381060005670225 0.8735568904469745
0.0 99.59078791491834 50926422.96524048 162923510.84376526 128797848.59960938 194.9317494442821 1678.580256193196 -2483.5225685772684 70085657.10785045 846.5907879149183 78345999320.52594 0.07670867155978192 0.9994813768727356 -2.277729529947028 0.06381943456654149 0.2820227267501201
0.0 208.93733714134976 -41650775.38293457 271135301.0092621 34108901.48492777 1757.4169982321982 1892.5495581229152 -343.61024053991275 128032081.082963 955.9373371413498 78346068725.8569 0.07671131089854492 0.9994815758218688 -2.277872886170308 0.06412574859110087 3.854154978147167
0.0 165.66634025395444 -389544697.8848381 33913954.697387695 -38622622.46071434 -1573.7463230601352 3211.5341089039134 -225.37967524504685 107321051.99367756 912.6663402539544 78346044265.27612 0.07671038964979243 0.999481506850843 -2.277822567477953 0.0640175666348437 -3.9751345024135114
0.0 217.42959892021122 -1060844667.8584747 -151933941.55288696 4601785.731110573 4464.255994676954 1062.0087499210758 -782.7633960269472 118878784.67497087 964.4295989202112 78346046178.39929 0.07671015434605918 0.9994814730192321 -2.2778194701219396 0.06403385094066127 -1.401977784325156
0.0 211.96625592003375 20868357.129058838 -103149225.29826355 -280930951.3596363 -2192.799053617062 -1762.3559093485565 -1244.7407367122237 114015614.09811923 958.9662559200337 78346057431.41443 0.07671102325294492 0.9994815615526366 -2.277852803564306 0.06407229090506039 1.9897431904098568
0.0 33.65964885378037 158660692.9805298 -209556130.65023804 -85449188.20639306 6418.456537465638 9957.017672642607 863.1097074002171 25454580.564386804 780.6596488537804 78345979548.4477 0.07670878946504886 0.9994814312086377 -2.2777085934302654 0.06371003349656501 5.379786837747449
0.0 166.88855917706724 -197883280.48752594 -145969717.18203735 -107342787.97742379 32.55853386559829 587.2235675768934 -1026.288462488442 108235301.25995024 913.8885591770672 78346031455.00403 0.0767095434444229 0.9994814243044026 -2.2777878920333077 0.06397016874087935 4.828540078174158
0.0 151.09079531926 -692241173.0505066 -157833551.8853302 -235969586.54718018 1688.5742959305935 -1300.616674798668 298.10858893809836 126800084.60460438 898.09079531926 78346065633.56866 0.07671115156041972 0.9994815616313958 -2.2778655438679394 0.06411316358951247 -2.343465422050658
0.0 143.69412197730037 518121387.6430359 -499928524.81529236 -8955294.344819069 1596.7487424303508 1894.6287965328484 -5.919744928284672 78607086.54510735 890.6941219773004 78346037958.0812 0.07671087499941391 0.9994815813206158 -2.2778261339341057 0.06397127199385277 -3.641788639862556
0.0 62.3704200170439 -88595713.3470459 483125545.9291992 451499663.5986109 3046.655845409884 2408.3361526669214 739.1403382904242 47907854.02571333 809.3704200170439 78345986724.05133 0.07670855319259269 0.9994813867943294 -2.277711764376651 0.06375466159410959 3.344866083630383
0.0 181.01920576765724 -300157415.17948914 -198617006.74743652 -355500919.7281021 1920.18512310788 -809.614161444224 -514.878639317235 104863578.71259315 928.0192057676572 78346075593.0109 0.07671246591470707 0.9994817095663521 -2.2779075237256743 0.06413330448593069 -2.924894472774774
0.0 16.217526306602167 3433560505.0575867 1157261031.5170593 -542137973.7242014 4231.374600819539 1341.5788745817335 323.0244158115569 22763260.500096243 763.2175263066022 78345971626.85199 0.0767083669117473 0.9994813930167404 -2.2776894555896234 0.06367815999906146 -0.26610911586646746
0.0 61.83655662495096 20504050.588394165 94536569.56411743 61597000.186134815 2652.4441241300483 3075.300680162116 2121.388376268651 34498418.11507055 808.836556624951 78346016126.24948 0.07671084523346615 0.9994816208938194 -2.2777993563092407 0.0638545453751016 1.9660057491836689
0.0 230.55438578286407 -468756865.1365967 695711849.9785614 -453829104.090647 -561.1193093678594 -355.3430213306201 245.36460869305552 122251730.88052066 977.5543857828641 78346055147.79541 0.07671062271969642 0.9994815149742041 -2.277840908899452 0.06407019673670078 -2.1098531454141116
0.0 33.50007249237797 104386868877.51047 31236994788.938126 -5490518093.031624 -15852.330499083939 -820.921812259443 283.10019297854524 21011892.277115036 780.500072492378 78346006188.06891 0.07671062779460218 0.9994816128899132 -2.2777825013641735 0.06380659921507625 0.30488281754460567
0.0 190.6524447610849 253158413.45651245 179555342.1473198 -66969057.8534441 1969.1836121447632 4817.339378104716 519.6053708009466 122197645.83634515 937.6524447610849 78346081979.85242 0.07671233760614733 0.9994816805071903 -2.2779122222484443 0.06417093999937062 0.2017138196706476
0.0 92.63807938615389 635506768.1418152 -97270488.26365662 -138841484.6800133 2000.445816699821 2653.7873263493384 1087.18184216092 63579367.08200574 839.6380793861539 78346002640.3836 0.07670908475657856 0.9994814230146164 -2.2777429530386666 0.06382678275281961 -1.858004180371035
0.0 120.87989785986758 -139427488.15169525 381967650.7817688 118155551.74024001 -830.5155445546334 1537.2340479226393 1032.8895104593557 68707915.07030386 867.8798978598676 78346046418.76724 0.07671172137007376 0.999481672516091 -2.2778556139143085 0.06399525913102266 -0.9144272371550701
0.0 141.98326565868854 -61051581.72769165 86147175.05783081 78130695.13043213 4013.126635622357 1083.8803685557893 -719.624381695813 70366936.55870867 888.9832656586885 78346029616.21777 0.07671059722553945 0.9994815624453816 -2.277809806556129 0.0639334518405672 2.105664812148822
0.0 164.975254821553 -9742647645.104721 176587039.1394043 -25285663382.15471 -1005.4229026839566 1202.5843219396775 -1266.6542662944273 115548119.07937501 911.975254821553 78346049875.53711 0.07671049341681128 0.9994815089472293 -2.2778316480488847 0.06404511611874497 -2.9126953721349604
0.0 232.14322669272929 336871013.39730835 -644629100.4961853 86489719.28421211 2510.817237903586 2109.692974128531 896.5233405745571 109412412.09026235 979.1432266927293 78346057263.13867 0.07671115487572933 0.9994815786839042 -2.277855614195361 0.06406803517734616 0.9578087432862284
0.0 25.766261919378962 4136613254.40271 2363172475.181656 -2894476442.5922117 2347.847466810028 158.01939087996288 -174.6022762549801 21496774.44870645 772.766261919379 78345969208.10394 0.07670825164553716 0.9994813831106495 -2.2776839268476614 0.06366807778134831 -0.21249799887059884
0.0 200.92290952984797 566977529.8410034 -434275832.9248352 -557932932.4017768 -2625.269443453044 3023.862461931829 5377.427081775742 100758114.95489365 947.922909529848 78346055784.86234 0.0767113281472245 0.9994816037321492 -2.2778578119274933 0.06405566982496058 -0.9176312911525671
0.0 141.581681049812 227445216.82861328 -66837234.25518036 115804091.09599686 -1493.0410332406677 732.2913376611068 864.8119194351356 87662430.5997445 888.581681049812 78346051195.00357 0.07671144010820356 0.9994816271375588 -2.2778548873511877 0.06402812055634133 -3.3744875759146025
0.0 123.2295179815801 6529520536.746033 -8126585456.488358 -30505764961.688286 -233.11273721401267 189.16946165354602 1847.3612836984412 64831852.92050745 870.2295179815801 78346035819.8942 0.07671116451543517 0.9994816225136799 -2.2778302027410415 0.06395239668468644 -0.29445280610939273
0.0 111.20005667130636 51899382.01622009 -42112661.505218506 -53278968.320714355 -927.3704230788644 4297.956716578205 -1383.6051857387192 62256422.80803062 858.2000566713064 78346038957.99854 0.076711444534339 0.9994816520118266 -2.277840361212838 0.0639621565584303 -1.4373425802189894
0.0 151.1536079166974 6313740908.305603 -6425165050.263733 -484322564.7483163 1091.2968902779467 1241.7951413345108 -625.466930862105 82663886.71003087 898.1536079166974 78346038878.07767 0.07671080827266577 0.9994815709776954 -2.2778257068110825 0.06397792118545809 -2.788915239239127
0.0 78.50595104259219 -14860334.382858276 222065060.22769165 85846314.72112274 4860.865257502319 9224.703763974161 71.52341613838577 43470937.76100171 825.5059510425922 78346018184.32993 0.07671069914024135 0.9994815981623084 -2.277798473531913 0.06386933907745629 3.8606078575651175
0.0 82.48459012947558 117552719.19821167 256203585.89389038 107733077.42161307 10092.353615979639 2899.9653322284066 -990.8606563265112 58144570.62403572 829.4845901294756 78346022125.51202 0.07671049695903133 0.9994815645315487 -2.2777985583077864 0.06389569397053574 0.4302661608143037
0.0 97.0786406376393 311855480.09828186 290109944.5791626 -231244849.25495625 1532.6228748656977 4363.011247074897 1562.9587185827447 54157599.333512954 844.0786406376393 78345995575.38577 0.07670892505484257 0.999481416669385 -2.2777308536666037 0.06379282855429569 -3.01492294217302
0.0 96.78405229499879 -2681303061.6424103 8527538288.378693 -5764018936.79381 1410.7119168871031 3815.0069974996495 430.5637289079215 52550925.71443705 843.7840522949988 78346033421.53925 0.07671139120420223 0.9994816562050377 -2.277832522952037 0.06393372046343071 -2.943896399692612
0.0 97.36079728002835 2331988720.830597 831917526.4419403 -2849765993.7904415 6375.93499997817 -7483.085336348429 -740.7415385956485 84291404.63787161 844.3607972800284 78346021098.49902 0.07670962271965585 0.9994814549999901 -2.2777773264265604 0.06391241920630186 0.6282691169508692
0.0 154.9483797684444 -175793409.66662598 -525834863.22146606 -507337822.51759255 -686.3782712590692 3542.68404839072 -7311.087706467566 86968369.60922782 901.9483797684444 78346044030.67197 0.07671100413494426 0.9994815857357727 -2.2778363476269288 0.06400066372296465 -2.5999366625246
0.0 101.06774593197179 -3035909244.3602448 508338112.4045105 3565882974.837306 -2493.6604389000568 3478.8310344511383 380.2947737781472 58518435.79348304 848.0677459319718 78346003979.41046 0.07670932677646124 0.9994814512432288 -2.277750091506967 0.06382782838705037 -3.255955062169754
0.0 230.31579712016173 108741235.3493805 -138839935.51971436 285969800.0679765 3224.0490294792653 1479.707676220849 275.5600039862932 102354570.92508347 977.3157971201617 78346030973.19312 0.07670969455934028 0.9994814445486986 -2.277790773899285 0.06396372964686403 3.5113387386412644
0.0 112.53253961490975 944536424.6701889 61371190.88882446 519861411.4264784 2647.638490061021 -9597.27155466443 -1887.6254964975315 87881010.7082919 859.5325396149098 78346020580.2395 0.07670947861026987 0.9994814376372179 -2.277773409433609 0.06391329828341341 1.5748320655007144
0.0 137.41719559920546 717390417.302185 -63182804.988601685 -268330030.88267326 -113.81154237636656 -173.2592153268488 -426.8934046334354 82674123.99801934 884.4171955992055 78346014295.82086 0.07670923839097069 0.9994814194643893 -2.277760400727386 0.06388559404355565 1.1331688314195423
0.0 89.2885261358748 164853013.0274048 196283826.20870972 -22572956.59341383 -1040.1397990636779 1761.1586715728372 -242.70258689299382 43136266.41360428 836.2885261358748 78345997941.16284 0.07670941697456723 0.9994814747523736 -2.2777449376338614 0.06379303879152953 0.2912850826069706
0.0 130.15462660174705 77710100.28368759 129986230.24365234 -233190673.99437618 -1949.7321982092471 -530.5218462853182 -94.99046945868506 88431060.73151143 877.154626601747 78346056326.40543 0.0767117439736324 0.9994816557187501 -2.277867974150717 0.0640480000557373 2.513204763237467
0.0 49.854162658975724 -6857238.660720825 -146404463.26852417 116962191.8314929 5785.01504291056 8302.993661157812 -5527.832141414255 34348713.39031615 796.8541626589757 78345974252.36133 0.07670817623620624 0.9994813634622551 -2.2776882309568593 0.06369714197241017 2.1602126931800076
0.0 57.558561417289866 2044902351.5524597 127366457116.11017 -1905178773.9540186 -45750.62592073582 19176.227601960134 1375.375436432497 37821942.43606266 804.5585614172899 78345997048.74289 0.07670952435455486 0.9994814902298195 -2.2777463279431 0.06378550325496057 -0.8617427630654177
0.0 201.7671738689521 39751129.57284546 -189567939.8501892 709275554.0596124 1353.9028596760363 2541.318967276302 -4246.796603251835 101758918.52472386 948.7671738689521 78346063101.21194 0.07671176433988477 0.9994816448591898 -2.2778765383858812 0.06408393913357724 -1.5868647400605949
0.0 196.4043338673897 32754820.43080139 408872574.94177246 -851534394.8963356 461.9457472385111 669.6175481743594 2036.5125241467574 118492641.42234936 943.4043338673897 78346042540.17844 0.07670993399002046 0.9994814521244854 -2.2778100790383498 0.0640198811821655 5.437124893205594
0.0 88.06582235257304 402841461.52433777 -518526591.9392853 293413555.1879344 2252.8895626295816 1980.7195079351077 6088.879770256575 48268126.581723474 835.065822352573 78345984962.09735 0.07670842955022474 0.9994813745140385 -2.2777068290663007 0.06374832699755206 3.7693333179646897
0.0 96.93857986987075 306817634.0546875 393387810.66119385 357001183.0821173 -1724.015306025467 2857.2841104735708 1068.1998288261545 87455750.63107604 843.9385798698708 78346013512.10751 0.07670904046585647 0.9994813957595856 -2.2777549350203645 0.06388641439212961 2.3059758811289877
0.0 107.44826367356927 -413418277.2200661 368620522.33425903 464078300.91737366 -1317.0874232605638 2651.4124876882283 -1606.5397725101618 57877677.72130861 854.4482636735693 78346003311.55356 0.07670930395138807 0.9994814496570815 -2.2777487709082234 0.06382481539438611 -3.3178245877837824
0.0 45.73349081897686 11610497763.671661 15031799976.264694 -1498951945.495673 287.45151526975405 299.63865502042245 353.2471958392287 32481226.457644273 792.7334908189769 78345979809.21027 0.07670858879562824 0.9994814050784627 -2.2777043134354056 0.06371654436441698 0.7335070137427149
0.0 232.94352872897332 -688223772.8878632 232170277.6795044 -739948363.3681588 -3335.694917177654 11278.090367802828 -150.00874166616964 109074935.6784844 979.9435287289733 78346044950.80008 0.0767103791763319 0.9994815041521261 -2.277823147261605 0.06402152224443469 -3.662048623295755
0.0 76.18646242317323 84095768.41281128 744259464.7806015 836344638.2117834 6689.447066559833 3426.9340274246642 3167.0482828823538 44776249.55155062 823.1864624231732 78345986263.73013 0.0767086206550579 0.9994813963196428 -2.2777127578033993 0.06375046733803202 2.6285577957507353
0.0 135.28127967313583 607414321.938324 518128952.3056183 203966956.68505096 -1878.8262989184136 1080.3362539509144 -2941.647238141163 92440158.44027533 882.2812796731358 78346053120.57745 0.07671141529035323 0.9994816201453758 -2.277856621192837 0.06403911438743037 -2.5212633592545926
0.0 244.88749384630705 -313827822.3157654 -47478734.98962402 299203455.8968048 -5749.700643568547 5070.330265644887 -2809.2736876586923 102663085.10311642 991.887493846307 78346047314.34467 0.07671072839219728 0.9994815440232209 -2.277833963226652 0.06402535269668519 0.7112220828627984
0.0 148.7117358793447 4339318822.916153 14728105125.669846 296192879.65784246 10032.972145010128 998.827074071869 527.2669364323714 69704060.7096897 895.7117358793447 78346020215.76321 0.07671001751243163 0.999481507139518 -2.2777853048589796 0.06389762029221657 3.618873322296041
0.0 159.02464576486375 436129908.85876465 358679806.84098816 1221129919.83529 -974.775350166703 789.8882951295564 2853.964575340945 89865926.9618711 906.0246457648637 78346052202.53937 0.07671143628949582 0.9994816246487999 -2.2778560043228038 0.06403363963481734 -2.994830032386749
0.0 52.80284976229348 -39602271.03482056 -63163236.73789978 159935773.93499517 3041.9888997634735 803.3718434940638 1394.5737925358312 29699681.50755765 799.8028497622935 78345973976.10309 0.07670830238176084 0.9994813801121892 -2.2776907871820615 0.06369244456521095 1.0470248513923623
0.0 177.20943493888694 78633013.9480896 63977750.77243042 -124924330.85699844 -5959.74258480774 -509.6664973598836 2253.2195237559854 110504130.13313134 924.209434938887 78346056203.49384 0.07671105345344954 0.9994815678461231 -2.2778520268232496 0.06406491437281225 1.337005036865107
0.0 221.1930655374248 -192680579.80581665 144872413.3448639 926389299.7138672 1749.737327852923 -2196.1015818550804 -1049.1147727219227 93739918.61095494 968.1930655374248 78346066954.61755 0.07671225838829067 0.9994817002459189 -2.2778924492875285 0.06409210060695525 2.1479298589692752
0.0 44.81960834618678 107179398.5677948 -131179683.79327393 193943592.9300932 6889.848262665833 2779.183933249762 -1158.738541061288 37871403.19248531 791.8196083461868 78346010957.85602 0.07671041091491047 0.9994815757377585 -2.277783240277746 0.06383778722087108 3.6787666904623317
0.0 168.0311596717993 3871450662.4765472 -25776327987.954895 -6190071485.690135 84.7989715068943 228.94080337310515 -47.513173694617535 90721124.60750008 915.0311596717993 78346042313.91397 0.07671077845616943 0.9994815603467244 -2.2778291315556283 0.06399716946404332 -1.3663726364501148
0.0 59.22538902640258 214930838.12734985 615738530.4952087 182775086.01136494 -266.1891913984946 1651.2787918736867 761.1078153363277 56373625.23975176 806.2253890264026 78346035853.40323 0.07671142824968893 0.9994816561011823 -2.277836277533946 0.06394586420607418 -2.3993968425126724
0.0 145.02701349764538 -315024427.2830601 -256421826.48599243 92886030.58040124 729.142501704915 2864.091102285619 -550.6985784085015 80830788.23972799 892.0270134976454 78346040197.15686 0.0767109491890115 0.9994815863399684 -2.277830507995333 0.06398143285399094 -3.477294020801471
0.0 58.77485597332975 7163442089.708786 56491377502.448944 760541399.0607123 2668.8151568294124 -2824.827557389068 807.6378440552942 42159210.607340835 805.7748559733297 78346024410.71466 0.07671113726075429 0.9994816417009237 -2.2778159412214563 0.06389169385787152 -3.931881860660011
0.0 45.570231001750244 75195421570.27924 24032667318.139915 -5367474188.1309805 -11337.934220599282 2300.5047234256635 181.08808801163465 24184512.445822988 792.5702310017502 78346007734.82312 0.07671062843181159 0.999481609898396 -2.277784364846254 0.06381490658789613 0.8396255911684923
0.0 133.02171077579862 -57081082170.63457 446335121.67212677 4484185482.192446 3120.877424479019 7074.013339780264 -601.1925017093129 89464003.47696868 880.0217107757986 78346034661.9997 0.07671032876522317 0.9994815181603435 -2.2778096951162454 0.06396743794289605 5.951782599193901
0.0 167.1836368129858 -159040277.4922638 66024431.98181152 111762424.16051656 -16.843792154781113 -83.07017080107653 -668.7030014830875 106780196.57129157 914.1836368129858 78346059173.23312 0.07671135824305764 0.9994816008412675 -2.277862550841575 0.06407313773260981 0.09114851698843787
0.0 117.790845503107 7386330688.669861 -4139583179.9467964 107006079.48100424 -1290.115791549797 1098.950017301373 -987.3368078825366 56720052.193246245 864.790845503107 78345994568.97827 0.07670878154509035 0.9994814003522579 -2.2777263668904806 0.06379106548574143 -2.177766829441903
0.0 148.4264525564937 -34745907609.83923 12507578794.430237 3063896404.184915 2189.9142153751873 5561.51406958521 2041.0836957973156 80386726.11741972 895.4264525564937 78346033529.99399 0.07671053722780077 0.9994815470131648 -2.2778131119990737 0.06395604027176738 -2.3614220609348493
0.0 247.475742350156 496525913.43382263 282110330.1010437 94993210.73422337 -651.1024006769221 761.176275556456 114.13409759899793 128292958.52493688 994.475742350156 78346086500.46121 0.07671243772996571 0.9994816843029013 -2.2779199169481066 0.06419271843741825 -5.392890157090823
0.0 184.43485961044996 66188218.26861572 51130921.9291687 87477313.52063966 2462.644267658343 -1642.262143199715 -1345.5529296772588 96664830.9172221 931.43485961045 78346035633.39145 0.07671016808208166 0.9994814957236421 -2.277807179528703 0.06397675517361989 1.232448805412254
0.0 111.09635970184513 12263197545.407516 21185370601.206146 539833508.3109097 1112.8900008727178 -2152.0998218723225 730.6756201927399 57592479.7923563 858.0963597018451 78346010949.39215 0.07670980044420148 0.9994814978471791 -2.277769261437398 0.06385327992596057 2.0318341024354067
0.0 61.81326474417244 3003965756.98114 3754403588.6872177 -4248538157.8741775 1562.3211697310498 2698.72407019584 835.9096901916855 43401729.247740254 808.8132647441724 78346023367.73126 0.07671103223835805 0.9994816303713541 -2.277812291387896 0.06388875434697017 -3.417244906985433
0.0 110.37272581755747 -113670445878.38223 19361006500.87056 -5200350481.873994 -2439.75499144108 7773.082532298129 1213.0008652109657 78153519.22317444 857.3727258175575 78346017965.30966 0.07670961249857008 0.9994814599208759 -2.2777733473130706 0.06389581864161364 -0.41293798577198737
0.0 151.7056766932477 565170151.3187256 257639141.86325073 81477631.29582095 -910.338166154681 1133.3502262032707 194.56888642849634 101038707.4595038 898.7056766932477 78346059143.14346 0.07671153389370625 0.9994816233157274 -2.2778665340928734 0.06406850499166694 -1.2575658175525606
0.0 154.0471603800412 416304787.1572571 184384743.35485268 -217462294.04807845 -1409.1169179325484 4897.432031551969 -387.26286111516845 86826827.87740527 901.0471603800412 78346045012.38754 0.07671107119458853 0.9994815923431567 -2.2778390555650674 0.0640042397943601 -2.7873916859190784
0.0 76.48218454814003 5133743812.36026 -3866403990.589035 19133828089.02082 803.1750848030788 1813.3850735246524 -3373.9936781655174 66777702.09777788 823.48218454814 78346033628.5495 0.0767109644182228 0.9994816013327995 -2.2778230047303905 0.0639456973938275 0.5281764421373607
0.0 189.65527805395914 -19983538.0 -7862980.6505737305 98004982.17835808 340.5140540422326 -824.8211541128112 -4897.491111857518 107731737.65616672 936.6552780539591 78346035048.62643 0.07670978846958808 0.999481448436843 -2.2777977942827516 0.06398327059996944 4.133283442867743
0.0 181.30691621746803 -576820771.5281677 187397722.55776978 24369399.94265175 -233.56981779708804 3647.3191065364244 1246.1637463044935 107425489.44518645 928.306916217468 78346041087.61276 0.07671018352752204 0.9994814868581776 -2.277814052613949 0.06400571299646707 -3.358435033828245
0.0 90.80478983452474 40863379.79692078 33883625.077941895 -158362437.9846859 -2705.622049836391 5149.616440058124 1624.6177542085666 116398523.58474967 837.8047898345247 78346077516.34656 0.07671223196780025 0.9994816758942794 -2.277904469623639 0.06414960921228285 5.867410681861752
0.0 59.145152301979124 27604482716.67398 278041916.33924866 -3878961198.224403 -1010.5762582164734 -732.1401962067466 172.5103250862063 37179421.03401803 806.1451523019791 78346015826.35999 0.07671074316803285 0.999481608465193 -2.277796662388446 0.06385552943239148 2.7053907913356325
0.0 229.0818000844945 -5651444776.395531 -15588538477.463257 -423342657.5849886 322.2443130452957 422.48787091385856 -93.02985532102072 92697754.9820366 976.0818000844945 78346040187.83841 0.07671058157437836 0.9994815394451897 -2.277822085139154 0.06399073956727008 -0.5078740457488182
0.0 118.94904006216188 14971595615.650314 -11786293126.542068 -42662623184.028595 -1074.4492408185397 -1618.7693061816317 1406.0039826304674 64475930.18833058 865.9490400621619 78346033779.75229 0.0767110452612919 0.9994816113487939 -2.2778250353119156 0.06394445337582333 -0.0433892406055123
0.0 88.1982167143758 27910190.813293457 -31994042.854373932 7252831.447871923 3070.753364617304 -3242.4913553707156 -268.1035245727892 53940044.51021631 835.1982167143758 78346015125.23099 0.0767101800314284 0.999481537993994 -2.277782938669834 0.06386608988997633 0.5569861265123905
0.0 194.35524584166865 -60326135.86188507 -250286224.64849854 7123875.856887817 2478.393412939451 211.66881079148698 -108.86798076752984 116347397.41557501 941.3552458416686 78346062084.63818 0.07671124824199135 0.9994815810199112 -2.2778635139365484 0.06409160480474085 1.9928316028167157
0.0 24.667781569768067 76576327.06710815 204380680.90829468 603152.9236917794 13822.998571624927 7275.807955551769 750.5543879398958 19176643.36334532 771.6677815697681 78345973315.82635 0.07670858567825865 0.9994814175828459 -2.277696480284188 0.06368168068176239 4.920017830353993
0.0 168.431619466415 -17242374154.520264 10081935477.73111 3831731763.4380145 -247.9057802357329 3334.087728049428 -18.280116965551244 78683794.17722638 915.431619466415 78346019666.80096 0.07670970473770866 0.9994814683124881 -2.277777491784444 0.06390262717149398 -0.5148284368513183
0.0 67.4590210680384 -428845784.6097107 -191494140.69682312 -429303371.63629603 169.56352033421354 4183.041153195081 -1104.4257365195022 46309420.58657144 814.4590210680384 78346022670.93195 0.07671089781945654 0.9994816146026274 -2.2778083827155124 0.06388842599301103 3.7464676863653543
0.0 256.71710946627775 -341210551.29800415 -24852001.507781982 526642730.05859756 2155.5156971944143 -1162.9299261986416 -5029.397655297598 125985704.76483563 1003.7171094662777 78346047177.63684 0.07670999834521261 0.9994814511238996 -2.277817094959497 0.06404319884104126 0.14825587877723745
0.0 242.8665478261546 314407821.8023987 -990047465.6418762 738227444.3018475 -1652.961017796173 1118.4577141313657 2048.8895081337605 120443857.76679698 989.8665478261546 78346042909.59283 0.07670989723005026 0.9994814466988468 -2.277809679477765 0.06402280477080335 5.841177215007908
0.0 168.50665384266404 -619072841.8401337 -227821742.20373535 -835854071.0616112 -1420.3564445197408 7017.651845229891 -7438.605959428935 120796608.3245785 915.506653842664 78346056021.59836 0.07671072351537428 0.999481526101704 -2.277844259788865 0.06407233341351404 -2.5867753062415906
0.0 215.14546086872326 -39698327.686553955 -250389721.7502365 -182522232.12056732 1209.8432442191488 -1226.7949692721268 -245.55697764671254 122996487.11996302 962.1454608687233 78346085043.62515 0.0767125085201214 0.9994816962296851 -2.277919795342166 0.06418307691026115 -0.12541304228547423
0.0 118.33231576298374 -339848023.8904419 -225492738.00442886 -285017617.41368324 -3821.266399429802 152.06862106453264 -1635.7725127883054 108850919.70020764 865.3323157629837 78346053664.52362 0.0767109424716734 0.9994815587273976 -2.277846452410712 0.06405407614979186 1.2673040511830487
0.0 223.22344823822607 -1418809422.7985 4214102165.0556335 -1107871648.4038968 -506.862699344696 8872.380070833155 -272.04709971572896 111858771.47536463 970.2234482382261 78346082633.74954 0.07671269911621473 0.9994817253362541 -2.277921275913106 0.06416525735413803 -2.4689083265500313
0.0 171.91606138016596 648298357.2137756 388162472.51348877 -54287696.98038912 -1951.175922016555 2367.7912226920816 -56.94959472680398 116459584.05668843 918.916061380166 78346064852.44952 0.07671142149570191 0.9994815976305679 -2.2778707867922305 0.06410208949569718 1.6654117584815855
0.0 127.98531704837319 -131075486.86386108 60488617.01322937 -286363095.4623816 10283.126918765407 8352.551907285942 4313.724429171042 88075237.34765092 874.9853170483732 78346030258.7398 0.07671009057077693 0.9994814965098542 -2.2777989813722535 0.06394980529766947 0.08550270336548005
