Label t_t m_0 |Delta_a| |Delta_e| cos(Delta_i) Delta_Omega Delta_omega Delta_theta
114.75132990375278 68960435.99093735 861.7513299037528 78346004159.23407 0.07670901530959198 0.99948141113291 -2.277743179507264 0.0638367238120745 -0.765830716199436
106.20430982859011 71156540.6680162 853.2043098285901 78346005907.55801 0.07670905901844617 0.9994814132377253 -2.2777462694949033 0.06384501959943378 -0.494781251665553
102.40599919493116 69123432.28946173 849.4059991949312 78346040820.42093 0.07671135106735072 0.9994816363851985 -2.277840448745286 0.06397455787237138 -0.04108438215842969
119.48005929960857 73342739.95749007 866.4800592996086 78346048114.79468 0.07671168631548084 0.9994816646738022 -2.2778568391333716 0.06400527825275404 -0.0208603305552488
130.1705942260163 70031632.45516205 877.1705942260163 78346003306.06021 0.07670892770507452 0.9994814016468497 -2.2777401551153016 0.06383436239367146 -0.37015909658481316
115.53318101931188 75075201.01459648 862.5331810193119 78346050113.29703 0.07671176033760202 0.9994816701492243 -2.2778609217948733 0.06401414877181644 0.1396688621072196
98.11486172359594 75641856.94851707 845.1148617235959 78346012266.81201 0.07670932633257793 0.9994814347201584 -2.2777599876363355 0.06387243691223699 -0.2828040675557056
138.89994968069948 73038738.85867298 885.8999496806995 78346021297.32666 0.07670998343534156 0.9994815006415816 -2.2777858179499635 0.06390430790114632 4.240774188173074
138.0405375320978 67146176.79060954 885.0405375320978 78346014439.40121 0.07670972780436536 0.9994814816425183 -2.2777717710581307 0.06387390970454199 3.7864451221381366
63.08909871496803 42169891.460239515 810.089098714968 78345993636.44043 0.0767091720080318 0.9994814520408614 -2.2777341867175673 0.06377610877717554 0.7061230546860542
100.62977018997435 70198917.70340246 847.6297701899744 78346004208.42249 0.07670898014669678 0.9994814065471904 -2.277742433711054 0.06383788350993491 -0.47024913696783166
119.66526725228687 74409429.44271018 866.6652672522869 78346049375.32047 0.0767117338090349 0.9994816682300951 -2.277859432636112 0.06401085270677953 0.07417195257593351
56.042224143510566 33238693.04304328 803.0422241435106 78345985538.23877 0.07670893116448478 0.9994814373925501 -2.2777189956347335 0.06373865986439053 -0.07305271869647756
117.45521093960406 67337442.08677599 864.4552109396041 78346039861.29175 0.07671134506424512 0.9994816375245188 -2.277839164894771 0.06396954928044352 -0.3281385409729265
131.04250915889747 73881099.42910743 878.0425091588975 78346009929.27316 0.076709231538281 0.9994814272659586 -2.2777550244031755 0.06386227063792038 -0.40086478114426866
103.86065871719256 69264664.60628136 850.8606587171926 78346004181.20258 0.07670900730314326 0.9994814100673648 -2.277743022564611 0.06383704581975369 -0.6945305696206094
119.582269765751 75530532.01634084 866.582269765751 78346011510.41364 0.07670928147995473 0.9994814304984121 -2.277758057168265 0.06386950811419911 -0.21186631848175083
134.24285707676313 75077227.34476447 881.2428570767631 78346010960.27457 0.07670926037357678 0.9994814288976935 -2.2777569166096394 0.0638670848538565 -0.2491083746294862
64.21690221928793 43750099.39978357 811.2169022192879 78345994494.22711 0.07670917790488749 0.9994814510891662 -2.2777353469981483 0.06378057471772625 0.943488428440652
89.58871428528323 60958098.74736957 836.5887142852832 78346036832.61801 0.07671134898420692 0.9994816440412813 -2.2778356342872725 0.06395315121830336 -1.4175698203150837
95.02656818685091 68479360.84477223 842.0265681868509 78346002713.26242 0.07670893786363234 0.9994814041213818 -2.277739678965692 0.06383091378946659 -0.6548033838035232
117.53082405355144 71536027.28964126 864.5308240535514 78346005737.00949 0.07670903639231537 0.9994814106887877 -2.277745547902528 0.06384467772349023 -0.3771012090442821
157.9333744808041 73158750.0875733 904.9333744808041 78346021891.84116 0.07671001768312682 0.9994815038312658 -2.2777873122529004 0.06390663547428144 4.180967935106323
91.42538575418564 46722945.17530061 838.4253857541856 78346001876.99142 0.07670955734705553 0.9994814848475336 -2.2777528542857697 0.06381064588756757 0.6027951614644899
69.65724472456282 44504479.3065229 816.6572447245628 78345994656.20978 0.07670916491606365 0.999481449109513 -2.2777352434141886 0.06378177700311038 1.0947919920489544
104.6435294031312 68981549.1955486 851.6435294031312 78346002741.95654 0.07670892416413758 0.9994814023158192 -2.2777393997946804 0.06383141689386207 -0.5364599091617654
121.39038175526173 73325830.67076227 868.3903817552617 78346006937.9867 0.07670905771936937 0.9994814110244999 -2.277747471485298 0.06385059774028168 -0.11995915184649908
150.8349041536179 72613893.98211704 897.8349041536179 78346020987.11472 0.07670997676799546 0.9994815004070567 -2.277785294578886 0.06390280825229677 4.18707549951877
48.60032128301441 42437503.86896437 795.6003212830144 78345992172.55472 0.07670907026297599 0.9994814419638612 -2.277730108753233 0.06377082083533203 -5.2824357380454865
62.44348605377934 46646013.059847556 809.4434860537793 78345996209.38586 0.07670919785256863 0.9994814502270926 -2.2777378536412893 0.06378929682218182 -4.924001666927902
104.0732592670289 69874410.0687352 851.0732592670289 78346044544.78632 0.07671156564014815 0.9994816563671685 -2.277849810469937 0.06398913840451392 -0.387659003367606
136.25932602604928 63699546.27152486 883.2593260260493 78346000119.66055 0.07670892009275972 0.9994814070066302 -2.2777361720910982 0.06381740908715106 -1.4094118374612368
132.8787831737469 70244232.2145915 879.8787831737469 78346004270.06158 0.07670898268083469 0.9994814067481615 -2.2777425653765957 0.0638381507082082 -0.4687397962383695
100.8453198566732 75521905.7685564 847.8453198566732 78346008982.8638 0.07670912036392304 0.9994814149569429 -2.2777513492404267 0.0638600074098914 0.1214318709235489
115.8904198575159 69251862.23131984 862.8904198575159 78346041191.57141 0.07671137079305941 0.9994816381649833 -2.277841343758686 0.0639760530776794 -0.06474668618173474
90.18131761711459 69103134.63485488 837.1813176171146 78346017333.76471 0.07670985208356608 0.9994814917529016 -2.2777780745574407 0.06388632195637012 3.8781157108384265
64.28947582682872 45284881.249530226 811.2894758268287 78345995533.67926 0.0767091968058998 0.9994814514361535 -2.277737021990509 0.06378568726413114 1.1436817318816073
118.68346021665161 66723299.3079491 865.6834602166516 78346038971.96664 0.0767113072753819 0.9994816344690426 -2.277837237165809 0.06396572536663392 -0.3402581375114879
122.38567689549689 74691840.9780072 869.3856768954969 78346009281.45096 0.07670916510065773 0.9994814200735201 -2.2777527298150515 0.063860475523831 -0.11805051658185572
75.71817229738156 68184521.40416256 822.7181722973816 78346016434.9219 0.07670982310360977 0.9994814898402955 -2.2777763370158524 0.06388222261187604 3.782894772475137
117.98779147504479 66148784.399604425 864.9877914750448 78346000993.20667 0.07670890011861475 0.9994814027215535 -2.277736759232189 0.06382261832603131 -0.9469833358004548
134.93482399343486 70352174.74767828 881.9348239934349 78346020703.63086 0.07671002861777113 0.999481507587503 -2.2777861421391434 0.06389996300460421 3.6989282972186475
160.46980536928208 73478386.22811581 907.4698053692821 78346049818.36783 0.07671179089253237 0.9994816746339522 -2.277861268407546 0.06401178394791707 -0.20547882204349074
