Label t_t m_0 |Delta_a| |Delta_e| cos(Delta_i) Delta_Omega Delta_omega Delta_theta
0.0 68960435.99093735 861.7513299037528 78346004159.23407 0.07670901530959198 0.99948141113291 -2.277743179507264 0.0638367238120745 -0.765830716199436
0.0 71156540.6680162 853.2043098285901 78346005907.55801 0.07670905901844617 0.9994814132377253 -2.2777462694949033 0.06384501959943378 -0.494781251665553
1.0 69123432.28946173 849.4059991949312 78346040820.42093 0.07671135106735072 0.9994816363851985 -2.277840448745286 0.06397455787237138 -0.04108438215842969
0.0 73342739.95749007 866.4800592996086 78346048114.79468 0.07671168631548084 0.9994816646738022 -2.2778568391333716 0.06400527825275404 -0.0208603305552488
0.0 70031632.45516205 877.1705942260163 78346003306.06021 0.07670892770507452 0.9994814016468497 -2.2777401551153016 0.06383436239367146 -0.37015909658481316
1.0 75075201.01459648 862.5331810193119 78346050113.29703 0.07671176033760202 0.9994816701492243 -2.2778609217948733 0.06401414877181644 0.1396688621072196
0.0 75641856.94851707 845.1148617235959 78346012266.81201 0.07670932633257793 0.9994814347201584 -2.2777599876363355 0.06387243691223699 -0.2828040675557056
0.0 73038738.85867298 885.8999496806995 78346021297.32666 0.07670998343534156 0.9994815006415816 -2.2777858179499635 0.06390430790114632 4.240774188173074
0.0 67146176.79060954 885.0405375320978 78346014439.40121 0.07670972780436536 0.9994814816425183 -2.2777717710581307 0.06387390970454199 3.7864451221381366
0.0 42169891.460239515 810.089098714968 78345993636.44043 0.0767091720080318 0.9994814520408614 -2.2777341867175673 0.06377610877717554 0.7061230546860542
0.0 70198917.70340246 847.6297701899744 78346004208.42249 0.07670898014669678 0.9994814065471904 -2.277742433711054 0.06383788350993491 -0.47024913696783166
0.0 74409429.44271018 866.6652672522869 78346049375.32047 0.0767117338090349 0.9994816682300951 -2.277859432636112 0.06401085270677953 0.07417195257593351
0.0 33238693.04304328 803.0422241435106 78345985538.23877 0.07670893116448478 0.9994814373925501 -2.2777189956347335 0.06373865986439053 -0.07305271869647756
0.0 67337442.08677599 864.4552109396041 78346039861.29175 0.07671134506424512 0.9994816375245188 -2.277839164894771 0.06396954928044352 -0.3281385409729265
0.0 73881099.42910743 878.0425091588975 78346009929.27316 0.076709231538281 0.9994814272659586 -2.2777550244031755 0.06386227063792038 -0.40086478114426866
0.0 69264664.60628136 850.8606587171926 78346004181.20258 0.07670900730314326 0.9994814100673648 -2.277743022564611 0.06383704581975369 -0.6945305696206094
0.0 75530532.01634084 866.582269765751 78346011510.41364 0.07670928147995473 0.9994814304984121 -2.277758057168265 0.06386950811419911 -0.21186631848175083
0.0 75077227.34476447 881.2428570767631 78346010960.27457 0.07670926037357678 0.9994814288976935 -2.2777569166096394 0.0638670848538565 -0.2491083746294862
0.0 43750099.39978357 811.2169022192879 78345994494.22711 0.07670917790488749 0.9994814510891662 -2.2777353469981483 0.06378057471772625 0.943488428440652
0.0 60958098.74736957 836.5887142852832 78346036832.61801 0.07671134898420692 0.9994816440412813 -2.2778356342872725 0.06395315121830336 -1.4175698203150837
1.0 68479360.84477223 842.0265681868509 78346002713.26242 0.07670893786363234 0.9994814041213818 -2.277739678965692 0.06383091378946659 -0.6548033838035232
0.0 71536027.28964126 864.5308240535514 78346005737.00949 0.07670903639231537 0.9994814106887877 -2.277745547902528 0.06384467772349023 -0.3771012090442821
0.0 73158750.0875733 904.9333744808041 78346021891.84116 0.07671001768312682 0.9994815038312658 -2.2777873122529004 0.06390663547428144 4.180967935106323
0.0 46722945.17530061 838.4253857541856 78346001876.99142 0.07670955734705553 0.9994814848475336 -2.2777528542857697 0.06381064588756757 0.6027951614644899
0.0 44504479.3065229 816.6572447245628 78345994656.20978 0.07670916491606365 0.999481449109513 -2.2777352434141886 0.06378177700311038 1.0947919920489544
0.0 68981549.1955486 851.6435294031312 78346002741.95654 0.07670892416413758 0.9994814023158192 -2.2777393997946804 0.06383141689386207 -0.5364599091617654
0.0 73325830.67076227 868.3903817552617 78346006937.9867 0.07670905771936937 0.9994814110244999 -2.277747471485298 0.06385059774028168 -0.11995915184649908
0.0 72613893.98211704 897.8349041536179 78346020987.11472 0.07670997676799546 0.9994815004070567 -2.277785294578886 0.06390280825229677 4.18707549951877
0.0 42437503.86896437 795.6003212830144 78345992172.55472 0.07670907026297599 0.9994814419638612 -2.277730108753233 0.06377082083533203 -5.2824357380454865
0.0 46646013.059847556 809.4434860537793 78345996209.38586 0.07670919785256863 0.9994814502270926 -2.2777378536412893 0.06378929682218182 -4.924001666927902
1.0 69874410.0687352 851.0732592670289 78346044544.78632 0.07671156564014815 0.9994816563671685 -2.277849810469937 0.06398913840451392 -0.387659003367606
0.0 63699546.27152486 883.2593260260493 78346000119.66055 0.07670892009275972 0.9994814070066302 -2.2777361720910982 0.06381740908715106 -1.4094118374612368
0.0 70244232.2145915 879.8787831737469 78346004270.06158 0.07670898268083469 0.9994814067481615 -2.2777425653765957 0.0638381507082082 -0.4687397962383695
0.0 75521905.7685564 847.8453198566732 78346008982.8638 0.07670912036392304 0.9994814149569429 -2.2777513492404267 0.0638600074098914 0.1214318709235489
0.0 69251862.23131984 862.8904198575159 78346041191.57141 0.07671137079305941 0.9994816381649833 -2.277841343758686 0.0639760530776794 -0.06474668618173474
0.0 69103134.63485488 837.1813176171146 78346017333.76471 0.07670985208356608 0.9994814917529016 -2.2777780745574407 0.06388632195637012 3.8781157108384265
0.0 45284881.249530226 811.2894758268287 78345995533.67926 0.0767091968058998 0.9994814514361535 -2.277737021990509 0.06378568726413114 1.1436817318816073
0.0 66723299.3079491 865.6834602166516 78346038971.96664 0.0767113072753819 0.9994816344690426 -2.277837237165809 0.06396572536663392 -0.3402581375114879
0.0 74691840.9780072 869.3856768954969 78346009281.45096 0.07670916510065773 0.9994814200735201 -2.2777527298150515 0.063860475523831 -0.11805051658185572
0.0 68184521.40416256 822.7181722973816 78346016434.9219 0.07670982310360977 0.9994814898402955 -2.2777763370158524 0.06388222261187604 3.782894772475137
0.0 66148784.399604425 864.9877914750448 78346000993.20667 0.07670890011861475 0.9994814027215535 -2.277736759232189 0.06382261832603131 -0.9469833358004548
0.0 70352174.74767828 881.9348239934349 78346020703.63086 0.07671002861777113 0.999481507587503 -2.2777861421391434 0.06389996300460421 3.6989282972186475
0.0 73478386.22811581 907.4698053692821 78346049818.36783 0.07671179089253237 0.9994816746339522 -2.277861268407546 0.06401178394791707 -0.20547882204349074
1.0 55460206.773932 812.5154832163279 607334075.4614868 0.019988742324898574 0.9999864397868099 -5.189321267555223 -5.653672307086936 3.813691812581693
1.0 29721639.11852158 792.0854212699188 5815085952.270416 0.03365300622655137 0.9985195677446954 -5.717040841499701 -5.456157174432083 -1.3223829776501494
1.0 52577888.367326595 833.2427555264669 34461799618.49414 0.20867387119604894 0.9992341930870249 -3.91449105741793 -2.3813527477268575 2.1349039277630024
1.0 29452715.155086666 798.0135661231227 10563354704.806305 0.06640382699390435 0.9982350504615644 -4.550287795505337 -5.496566029120749 -2.2442810809371063
1.0 49898706.09894087 823.868710684829 9200843572.993164 0.002588210275082669 0.9990545290613867 -2.6571018047812194 -4.004051334866342 -2.5850076050932165
1.0 20426421.140580695 772.8700815361416 291125282.30322266 0.009051242154278324 0.9998830128527099 -4.788128342629985 -1.9022845957305523 -1.8612730933820258
1.0 74231617.55720532 881.2402644775254 8248722887.144379 0.06963788503039356 0.9957872611551517 -6.18878080093349 -3.8233265335878848 0.15528200780153023
1.0 26512438.385759667 796.6372530079717 17412442779.91095 0.06733588984765976 0.9997635384954776 -1.892716887529634 -4.501295191651593 -1.5940933057434563
1.0 32170835.33294872 782.1826447602139 8453691470.373108 0.05795664195336242 0.9999933456785371 -5.721645970607456 -1.9196664138343085 -4.335091773440764
1.0 20600018.852208257 782.4371883809952 14842207483.958313 0.11721511922227881 0.9996129364928648 -2.788617988156121 -7.8349943978493695 3.1763798197335453
1.0 27426795.97002005 777.9930893485802 3799483597.897339 0.00019989397771016243 0.9998598451207051 -0.40322076147602726 -4.272092122230592 -2.6895617149007793
1.0 21515614.69499313 772.4262489418076 1206417295.4946594 0.018546300533924413 0.999997009257132 -5.157154406608475 -2.0486111023236804 -1.078255258302216
1.0 24983146.303263035 782.5546298933605 18260588992.384247 0.13777751683983802 0.9986491539143393 -0.03763289889167787 -5.279188122594216 5.074722783709845
1.0 64170685.52581344 823.910007441442 1117381038.3565063 0.0488467133502257 0.9998509024114621 -0.15460112745138543 -4.237513013056752 -2.2345524700123307
1.0 27044023.116846792 785.764017549418 9831800880.02237 0.10138087682050383 0.9977718360108306 -0.8652617161256115 -5.88594793622832 0.08449836840501979
1.0 26422761.472688913 790.3847147044154 6573980848.319153 0.09427143246761772 0.9988640519131754 -3.800762964808478 -2.4512323889261034 -1.7183711173562723
1.0 40838911.101951525 802.582566420455 8813513517.715973 0.008816908056993904 0.9999519728921303 -5.888631093241017 -5.995810428651566 0.6462166130372882
1.0 39569369.67976581 805.4546915146028 14624632156.902924 0.07300006949955364 0.9997167077267615 -4.134803448130688 -6.61746193432686 -1.3577368009772792
1.0 77102921.95833579 854.9686629790348 298593969.30093384 0.020574947794801405 0.9998020512457356 -0.15712067749249092 -1.8009370302099335 4.110164213077844
1.0 37788258.10772104 795.5860903288531 836593814.4892578 0.02439470042938671 0.9998131966396957 -0.2895252812027276 -6.4580582161311755 1.6836003405045328
1.0 36044473.83979723 804.1038424428493 7907466298.7211 0.007831645496840598 0.9994775368906667 -5.620967423773152 -6.951275091171427 0.5947227325256499
1.0 72424819.6310659 887.2282734150278 40956888707.28781 0.12362392639819157 0.9987894015021369 -4.421546091628869 -8.029058176752475 -1.9721267660753186
1.0 76102242.18470737 874.9821884580608 9431683491.170563 0.10412950497523293 0.9997628190090114 -1.9910676297942895 -7.528309449090122 4.116138486890808
1.0 77408457.69717532 909.9525404058346 219089962.4500122 0.02826248739209095 0.9972148390973602 -3.4619756801845893 -4.519377152354516 -2.4907489361364745
1.0 76294774.28973566 853.429010746138 7741436126.466705 0.17756794889269828 0.9990417362450653 -6.017300211655776 -5.73924808300226 0.6364464500373226
1.0 29812341.863707036 779.5835606010216 15322067770.78543 0.041606092796473926 0.9977849297713046 -1.622637019729166 -7.519448019155298 -4.573316082095344
1.0 22875990.94594466 767.4447427340344 2675390613.9561768 0.01177932209113684 0.9954383272880533 -1.5982636557476915 -3.1670882488131227 -3.375813096389425
1.0 42443843.5637333 812.8874674624034 1490377087.4244385 0.01561970560660994 0.999106549961885 -5.87810105235905 -7.195655112893068 -3.519569340008647
1.0 17364214.423351422 777.3024273845454 2154042073.9142456 0.008448784778333676 0.9995696282216952 -3.176770631392232 -4.4887368928291504 -1.524819508851584
1.0 23873604.91484221 789.5015782718257 258239320.365448 0.032854061206419004 0.9972107823104396 -3.5680520854227096 -2.538376988904247 -1.858090047256402
1.0 72639324.74570173 861.6016569115071 31498376336.207184 0.0972079820146932 0.9998774008810506 -1.9569595701374234 -2.9064563336601075 -2.236811054334229
1.0 37089453.73093128 798.1200043400405 9552189188.161957 0.10778208863041858 0.9993445699281079 -4.454842756173997 -2.3855958052905026 -4.0019610733279345
1.0 53543084.7151743 825.649996616362 9937972678.301056 0.05005690301160408 0.9983934941392184 -0.292920344712289 -5.717954501924935 3.407762170456965
1.0 40592187.11407293 805.4273775719281 2254113642.3942566 0.032760143854553454 0.999919334568103 -3.8101221330204793 -4.287661959315794 -2.5650973160576696
1.0 21174897.13351952 785.4008700579728 1533486887.2622375 0.03710671835524293 0.9988191877186298 -0.4371406280144745 -6.762138328250478 -1.267167284658738
1.0 60021275.15047526 835.0089058152186 15685663192.601059 0.005471643309197589 0.9987213789289894 -2.8152804433281444 -3.0384188449580805 0.17228327129599075
1.0 25873650.88768772 796.8560546536713 15206588390.175385 0.08602878272940355 0.9988055363085582 -1.384612022211353 -1.9203554992609506 3.189730662343185
1.0 28862418.821663395 787.0551529411956 18121338408.04535 0.12368064452698835 0.9999860887026558 -2.864470491120855 -3.4975384653040886 -1.6353130690543498
1.0 37083315.43299751 806.3628811653952 490049539.11431885 0.008863759378913623 0.9995896107511518 -0.18691614468495743 -3.098389957426483 4.439157225758219
1.0 26175691.10845106 778.9816083971793 1374993733.583374 0.018279618816010517 0.9998086997521991 -5.724439265222534 -8.039983841075504 -0.06130993898887138
1.0 39074948.43376489 798.5326892053655 3341970001.65625 0.01008668516059879 0.9999997986400739 -3.1045292535006936 -2.688515048049618 -5.08300050942986
1.0 27523290.830342643 795.0658529054645 3477904024.623047 0.001049251444553808 0.9983061305391911 -2.0181549417296534 -3.2532072337388405 -1.805836758221234
1.0 30945731.55683899 783.548703356449 3702944612.1174316 0.008933430787874168 0.9995346996027306 -0.183750523280803 -7.5489740197206565 1.345679575780887
1.0 24233712.42051167 788.1940432469934 5243346945.370911 0.0010565634047494804 0.9968948048043963 -4.839100259136976 -2.546453080781194 -0.2650894466609128
1.0 71783319.02494016 843.8714774059549 3077583200.3988647 0.007676205338827392 0.9997137741891977 -2.9045363718232977 -4.085751815691557 -4.0823109992154
1.0 22946513.99247569 785.1292391042958 9315193068.433655 0.05308545239814669 0.9999394875093015 -0.6044071074378246 -6.812677437266398 -1.1847364777876177
1.0 68112594.90806603 822.0634804966268 18961637358.791122 0.08833065628933212 0.9997226680315063 -0.18340521782949581 -3.7990727021119084 1.6834890432313643
1.0 65766739.86651368 841.5170483032949 13935292496.772858 0.02915599328766268 0.9999850396844893 -4.719638389667602 -3.5393798868280193 -1.6884761159514232
1.0 77736888.57536416 833.7952172542165 17526780685.11093 0.0353348530229324 0.9979618597849266 -1.4506594079205724 -5.649563475741177 2.4704906015924104
1.0 31199665.735158324 780.6594163846403 14286364668.72583 0.050728251471242145 0.999707698514956 -0.47648838952921446 -7.938292178888776 -3.461578816483609
1.0 28251424.840966236 783.8531980346347 15518683054.935516 0.05328241324849724 0.9998452256001393 -1.880726612018758 -4.3458743469133365 -1.3430059923715894
1.0 35904927.87837614 789.5212988087194 4786378981.287201 0.008515498780410014 0.9997042345589486 -0.1636391996812221 -6.805721874511295 1.334687285714611
1.0 36799607.531045154 791.0742865377714 7489929818.096436 0.04605751033406779 0.9997956741331272 -2.3903585310195177 -4.659441495821284 1.6210031691483462
1.0 59521244.16215687 847.0426512650224 342139714.5796509 0.016411258240411248 0.9962106475057696 -0.5729275816002826 -5.345569758041142 5.371611849534558
1.0 38895570.80349215 803.5911121699751 1945135874.455841 0.0380783318295578 0.9999028979409971 -0.26708923017306274 -5.273599111244447 0.49584787006400255
1.0 45369893.218303785 827.751407875823 889366678.4662476 0.10921349952972423 0.9990911358062917 -0.7273927656914196 -5.690072291497625 2.7135194459736236
1.0 32291648.568362232 778.9232509287573 5255472353.113861 0.03227158147402795 0.9997931924193617 -3.1317496819818045 -8.064749406149364 -1.5199180725465944
1.0 76706288.79110591 812.5043445191758 1980129415.8165588 0.044703434913578685 0.9999835874411612 -4.025041697611225 -7.690864640930505 1.2056359675958688
1.0 33627245.76359752 783.265860687677 1344053282.5525818 0.026738638303678917 0.9997621977483335 -4.740087170828536 -7.316049316986529 -0.05740069933690961
1.0 32133843.75103262 808.3052119975619 7687107977.466248 0.0032671399095342314 0.9998960027733915 -4.917940894050166 -7.9454852698575165 0.6083383691223259
1.0 47901996.690061815 828.4939384473182 5808418886.493042 0.07631287672011537 0.9996568248401017 -3.5780349327642984 -5.342595092792619 5.475555102035379
1.0 22535046.02298959 780.2585635428028 1348045096.941742 0.01742683114548405 0.9997587538380733 -5.5217707216622465 -6.634357654277971 4.164169409349452
1.0 55933043.12051535 822.2809973539063 154188020.4041443 0.08114463993693995 0.9999390546019165 -3.3819907775627036 -7.900066296210067 4.202584033107792
1.0 61234142.27996611 837.0129887424254 2480363024.7946777 0.04045120308440801 0.9983995981991075 -4.54559588106113 -7.687892019530677 -0.5353586663863278
1.0 44315185.619253695 803.4998443768054 15298226086.642883 0.1390454564881573 0.9989469914321137 -5.666894381821926 -8.020507816081373 -0.5468398498416636
1.0 30028107.50638541 778.847732783922 85814382.22860718 0.0026411827154881017 0.9989626090461309 -0.9077686784611219 -4.92335840690459 5.538156635066095
1.0 48389657.46915631 834.7474310926065 6188285784.475159 0.00745777669609235 0.9995086048855409 -2.1736035011737864 -5.224742522945372 -1.9511465205897078
1.0 22705255.853236444 775.3060753279261 288406120.93814087 0.06284997864387923 0.9989774663326316 -1.8472250161474633 -3.7731522411981944 -2.5485058074951685
1.0 50608252.9701336 833.6049976302676 5918843766.148468 0.05405325083939523 0.9982658455949645 -1.0863504341014205 -4.986280584843334 3.1025513758135155
1.0 49567108.10152508 835.3659369509202 5629400544.414917 0.03434721038365415 0.9997035937966686 -5.237003442936798 -5.723623580485962 2.7582935735760308
1.0 51620227.00132828 818.9627576886969 138722207.66140747 0.09869402899284449 0.9996248442680062 -3.392551553812715 -2.588541952131428 -3.1121905398943994
1.0 69284596.51164454 816.9363682270177 8094554572.058228 0.027424094724153605 0.9995349759873152 -0.1822809633149287 -4.798020438799683 -0.9094124060655672
1.0 75591180.77262112 857.5158798912735 7529905354.761414 0.07310852953021267 0.9985645507317449 -3.3009839883453846 -7.394160290754044 1.785452612441027
1.0 72073516.357663 851.1923770796105 1854632939.929596 0.003219320306927783 0.9995232411429151 -0.1930044041487009 -4.82705647811566 0.3541171849475444
1.0 73020095.49216154 850.1074917811817 7283804338.452545 0.014365597892732628 0.9999387596228149 -2.7830463761104336 -4.88528152040022 -2.038672615006766
1.0 61114183.57467962 850.207445758218 25445451828.57669 0.13136195766398714 0.9998327911989046 -2.2539344050694163 -6.064907173849927 5.590922004119942
1.0 68957433.35715348 840.3808365202952 17850941966.283234 0.055550837595541594 0.9993113439928153 -0.3811627161090958 -2.739881820156349 1.2099702169033777
1.0 53102073.80235099 846.9768496460274 5178193410.546295 0.043891481946739114 0.9973432443587538 -6.219850740399165 -5.834545543796823 -2.899021058355942
1.0 41996817.02889383 809.0838572833803 6125857889.545013 0.010730552579432371 0.9999102809709316 -2.923319112495067 -3.0357599941327362 1.6467938619058948
1.0 41823258.75519958 805.9840652342864 3853751126.060089 0.0029909389998851836 0.9989740720423371 -2.7604602085023284 -2.243824989216773 0.5498230083337974
1.0 36103708.02339262 799.6500260598675 14061993285.180405 0.08913142340699272 0.9997812779614053 -2.5425012262305313 -3.286689027161631 1.549528578607014
1.0 26736017.6518839 784.9186778884804 7034562036.505157 0.07409476819497193 0.9972877788525746 -4.883269383309459 -7.742213235254256 -0.4047717250245495
1.0 69753033.6697694 842.3347710097996 9392647954.011353 0.005748505023296185 0.9996516038152347 -4.606089894334103 -7.50548407415131 2.2260756927505656
1.0 74690239.26480365 852.9619054177031 9848065052.345215 0.010830281915415171 0.9998611976985935 -2.5430852630780905 -4.550496919115164 -2.1921458369180926
1.0 48180659.12083295 802.1550088426616 7300877432.216248 0.06994026546488928 0.9982860699112392 -0.5728955704915029 -5.130080893737792 3.805249995527839
1.0 76751818.51887152 884.8971448048993 9219307772.807312 0.024431845750536602 0.997682317395143 -4.922285847111885 -6.356609003972224 3.0827208350894484
1.0 40036044.669871435 792.0316155793957 17974699738.562622 0.11979835503136207 0.9986469815511105 -0.929480104193865 -7.454875254956358 2.6882841724499777
1.0 47564038.102755606 826.312301006354 2969326818.7539062 0.02645393092364824 0.9985690837347606 -2.93027167808578 -4.617611242346767 4.090657884155149
1.0 62617638.185329564 879.6797584042936 10624722032.511627 0.01880226139799502 0.9966330086549087 -5.348070673813398 -4.716310457103251 2.8087891081604175
1.0 38313975.629340924 813.3923738475958 294221495.0007019 0.01213466551938211 0.9955722317875771 -5.092888544231731 -1.8585019997692345 2.1961689120904335
1.0 49285043.23405444 826.5973058985161 16583408318.665955 0.06963660246677125 0.9947756294951435 -0.22931042899329368 -1.8623978193635682 1.22079593448277
1.0 38816442.13936953 818.8558262143524 1005761981.4484558 0.06767684233841555 0.9992925302645161 -1.6101700835125121 -5.672217114190574 -3.6648102568432086
1.0 31080814.96112051 790.6971007700513 1803746225.8345947 0.0037795561175049466 0.9998454186761394 -0.7205693106481079 -2.4957249746237538 3.2516677707388553
1.0 76600778.11360922 855.0271330767096 4338746307.580231 0.02765483949988175 0.9999962870756998 -2.9737540956696815 -2.8386653456762576 1.30196178051081
1.0 61932479.83052125 829.9068578944845 2366995288.2376404 0.007581073592057782 0.9980673730080063 -5.89469293378233 -2.39632513097784 1.69368976690107
1.0 70395194.87479064 878.6194830398955 16723817792.203644 0.14658327849523065 0.999346695629557 -1.8394231807839951 -2.517423484486117 2.4682460049220616
1.0 59731293.68093226 813.5940074444571 5265553491.940094 0.04710070706326096 0.999708910490392 -4.659818623549326 -1.924547339458654 0.44504528834549406
1.0 43556581.818581566 798.6889578248913 16347741822.466782 0.1321718122332059 0.9989622110433659 -5.661670980088385 -5.123107606942876 2.7718105453145583
1.0 42480928.73259792 808.516225552237 26604129534.96295 0.04867060100842355 0.9998535131725701 -1.672343865260243 -7.110064403153532 3.356042985791067
1.0 71485702.0250932 835.7879384303383 13157246851.318634 0.062090819273134784 0.9993377693786841 -1.808378392681637 -4.657933061906037 -5.410387551912591
1.0 19277574.589043926 770.6056481357735 6633254982.546112 0.04745857111200562 0.9995598201619714 -0.842629631137902 -5.167972686244509 -2.9845808404930207
1.0 51078652.20094073 840.5489309014376 15002498698.807968 0.11054065726550803 0.999586652278778 -0.46673418194886507 -6.8763085519650184 0.2774521769241055
1.0 30813569.667941082 779.5967369235186 1593812783.1038208 0.007848230354445044 0.9998908690714918 -5.731343206963838 -7.840310636246742 0.8533027383142073
1.0 42519724.12550935 812.4120242412254 2127783890.3172913 0.011178546551882228 0.9977712218445669 -2.3519111164445285 -2.845554815007915 0.8788088443764392
1.0 29974105.12875151 782.8518202451428 7696616088.792877 0.020951723156295895 0.9945627779092663 -0.8656002314934166 -5.26132501666341 -0.8998944041293686
1.0 52597987.9353155 810.2356083672988 8163140302.130829 0.047384974900846574 0.9991996124167126 -3.312883078920548 -2.222320189760399 3.9157474256252423
1.0 77740956.5577697 845.4973998363461 10310637515.708588 0.13328667019490315 0.9994805164279574 -1.7682172380509171 -4.995182967837357 2.713436546272319
1.0 66338952.011282295 859.0324511194972 853596043.6659851 0.07746757813261598 0.9994885986213046 -4.314103211064071 -7.727315326798836 -0.15975332084415148
1.0 40151804.37087694 796.9386371384036 11943005198.706818 0.05837445019511706 0.9996004556442645 -2.7476148403293847 -2.2870106807817216 -0.46911573246593286
1.0 56229529.7771833 832.4492621371115 16090756271.482712 0.11163352455338817 0.999489521857215 -3.321738289407327 -5.565330635001148 -3.14125180259766
1.0 31312628.186351545 785.0036114221962 1205079240.1017761 0.0376506924347444 0.9994469936650234 -3.073669879060139 -5.221137733400138 -4.033183060540787
1.0 54352015.7586851 796.150714953045 1822125355.093933 0.014655321067474594 0.9980075833933056 -2.277683822126972 -4.414506453863234 -1.2107849264371717
1.0 64807303.62505094 842.0096741356253 6325092694.833862 0.05687362101138861 0.9999506585813971 -4.37644173859342 -6.575845372397721 5.594846082382121
1.0 28178621.943327565 789.8797870298132 3414130693.5376587 0.01047880590762693 0.998966453247509 -5.334330027275763 -7.815104819804734 -0.1783319944394206
1.0 56575290.75017966 857.1598800369286 5026992255.207825 0.009935420588175013 0.9996804418184255 -1.6596256245920287 -6.62865081118779 1.494043844669129
1.0 37080828.32873749 803.0433457784937 6426714635.091827 0.042653493030716534 0.9998865012013222 -5.671650223236551 -1.883512181198097 -3.6841343482497297
1.0 54633083.24808308 818.2012471409145 12787571343.65384 0.010563856194479752 0.9980811610770578 -2.9807501370358196 -3.072216278203362 -3.3616609911081374
1.0 64523558.58048679 808.5890313488098 4732205288.382385 0.011324282370827173 0.999931410434592 -4.119173353242312 -2.6590230646564295 0.6780244246534373
1.0 32055811.45135419 810.3425840848298 34352630337.457336 0.17531330608196294 0.9995931756787376 -6.050835354461265 -5.85915838994363 -2.6554902929051565
1.0 24031425.525343478 775.2265921890762 581665431.5151367 0.00856073994880165 0.999656293070615 -1.3498642373077736 -5.098737953499346 -1.3077270985623233
1.0 74276066.4952707 826.9403703647142 8154483692.754425 0.001672547341412766 0.9997586124382439 -2.966613613187973 -4.801159833111123 4.634654947840083
1.0 28157031.55966194 788.7056639523818 1322562846.4309082 0.05541393023719511 0.9999944972394297 -1.1266668835371267 -2.8876343492654004 3.248330924673499
1.0 64536565.60224619 859.7000123125167 5624550259.275391 0.029332927077273176 0.9972096376771729 -1.1347624460543493 -3.204693168120045 4.431953086124458
1.0 63002140.81094158 816.7067234795607 7531387648.17099 0.06106972321137592 0.9991060154991594 -0.8683399196082213 -7.205630636870385 -3.546748168365801
1.0 18534077.63465397 778.4496979782831 10735102443.111206 0.019677513927613546 0.998103497314363 -0.8267915743676202 -7.107155104897425 5.167798211477178
1.0 42474350.85761301 810.4865149238537 9486352658.015808 0.06324335059125112 0.9997081231655128 -2.280264867451224 -4.257404518897468 -2.7747792388227093
1.0 70365099.54136443 845.596269814933 1519660512.0095825 0.06785239224743327 0.9992268592073972 -1.2467377281950622 -2.4815077840343043 -0.5270133239647634
1.0 52702217.9350739 834.8239364169989 7593958590.777405 0.10085075324160661 0.9995303046027496 -2.2026449323498225 -3.6127826591455436 5.105679277573122
1.0 73052711.72317496 870.5945043825562 7566410630.906677 0.05304579133883837 0.9996957139847902 -3.2541982782355388 -3.9248072485732752 2.3740874159815553
1.0 49720579.59981574 815.1448226995533 6247702343.104553 0.042337831602365615 0.9988916723210387 -2.519685575872383 -3.2971910598200393 3.678808095269898
1.0 69423559.54537836 843.5659665710793 8528339383.088196 0.007664114189184836 0.9999569633374528 -4.3280451302315575 -1.8903635220732657 1.7975167612361458
1.0 62611040.74065758 844.1031695913421 10079660157.733276 0.018718443464455514 0.9997521257551465 -3.976563288797953 -6.5089139189522704 -0.6682038166114667
1.0 24463843.926332634 782.1794667076815 5351818990.724976 0.01746724826312105 0.9999897389892511 -5.271267730340309 -6.577207702403653 -2.4069939151931283
1.0 21410184.78969111 776.5107159305572 14468585844.911194 0.05381155548883634 0.9968283722197506 -3.3782045911934593 -4.793817437069738 -0.6777842370666236
1.0 57420146.50888851 823.7179807106701 6491305638.266144 0.02588812929174799 0.99936013621533 -5.272084437743242 -3.762518034507111 1.2924169837279806
1.0 35383697.96338512 785.3744556729808 6266579809.193207 0.017236488532242966 0.9984716609064996 -4.718803109613458 -1.9481193390408866 0.7711397326374184
1.0 67936684.00702396 856.86291614353 4251116089.3750916 0.05136917904469549 0.9989707602563553 -3.8404419076532124 -3.3417496640212834 0.8451000416986585
1.0 44398903.00062205 811.677628615483 2345886921.7185974 0.07856964759655258 0.9988933251372991 -5.303858751005986 -5.256334583192892 0.9927213099844925
1.0 34890172.14664748 784.4520078075122 1601221068.1053162 0.009980907291806531 0.9963701944158566 -4.631322381585667 -5.551766420228716 4.527633571520812
1.0 69172733.85354292 859.1896714165114 13463018763.888977 0.012082681193489299 0.9997432828240054 -6.04756122048165 -4.870365178815505 -1.4645562539044112
1.0 52151894.192400046 817.4958536696587 964435475.7861633 0.044542086874953604 0.999855833984817 -0.21759263385535155 -6.37218964707106 -2.104647822225678
1.0 26923030.552073672 793.5626476509808 3328539123.1054077 0.01611880286590865 0.9997704391874652 -3.0551915683493065 -5.319270671409967 1.5919995844067245
1.0 18183991.689493764 767.3844187320093 376041899.1468811 0.015247242166375158 0.9965697738778723 -4.090891787124042 -2.1806292282969135 -2.774199793749416
1.0 24107237.910588667 790.2113092425498 6643105830.996307 0.007534087126762581 0.9982508940002666 -3.2955428533646924 -4.078742231348807 -0.06512987430258566
1.0 24133499.450593013 765.5950118260829 150883116.94592285 0.001034763525470949 0.9990703510980681 -4.602208485655102 -7.9363031686213175 -1.5178332694988537
1.0 25375527.835731767 782.1510137645274 14724032763.389618 0.0508779297652021 0.998958457614019 -1.2856991848283579 -7.277083298647174 0.4109768649874801
1.0 76516348.4629623 849.0587649588543 2370821052.4104004 0.05935732387030421 0.9985172920323443 -5.921287089392581 -7.279343442674767 -2.7927326605192984
1.0 75748135.47731751 863.255995825714 4658661170.370392 0.06081752213091281 0.9987406347654357 -3.1387617705593254 -7.0368275159774125 0.7818099593727852
1.0 30197106.589573227 787.0394586287905 1815449914.9747314 0.029822242757294934 0.9971811410263609 -4.395455786120815 -8.05131656901671 -0.4650379178979431
1.0 45843645.10663817 796.0209992555085 1958142470.9666748 0.013821322911897607 0.9999797716794983 -6.099287211702465 -5.993862948411609 -3.846012602975569
1.0 55648574.04981961 816.0274889870558 962176644.786499 0.0008610945711119075 0.9989161953854546 -4.164230861020027 -6.258330431176331 -3.8261705929821423
1.0 61635084.02573733 831.7450660653493 5071091840.437103 0.033557724473980755 0.9994847337623408 -5.523828313882522 -3.9931992136979853 2.249023330097438
1.0 20814004.88558059 776.8443913001157 12936815634.699463 0.1059859665144252 0.9984416602687157 -2.128229449151476 -4.8489237860069165 -0.6017080373396473
1.0 45431659.2390893 819.8160022606058 13427195857.589005 0.12027380254222775 0.9991749054573454 -3.496871058950067 -7.166855414034209 2.7712072470323936
1.0 65403848.319052115 869.0651654609348 2453484332.638489 0.019723431604924412 0.9999663982487441 -4.032125336542738 -7.490667412269606 -0.969039431235944
1.0 24969679.750190675 773.9296794368571 1941216001.8564148 0.00809601470583058 0.99990835229007 -1.2291505357642591 -4.7362563021344775 4.661778876871653
1.0 50081977.44313342 834.1866137832067 1189790351.3328857 0.022736585701902977 0.9992140096496247 -1.3898487305875857 -1.978188982590079 1.2249896187611478
1.0 75814817.37132847 912.7430643813279 12637030816.342102 0.05641545102092617 0.994688207921286 -5.068660789136283 -7.105850381124515 0.4559906760836435
1.0 55991380.57917776 812.6453876474013 576541196.6416016 0.011082603017686717 0.9991541809834358 -0.9771862631562342 -6.536381024153166 -0.27221469576348284
1.0 33781629.37877919 791.9389029711027 227431749.64974976 0.012482733889251706 0.9999004262680969 -2.6259952104441235 -4.647377513531174 1.3679780934617276
1.0 70987093.4683113 886.6583018942129 4999964983.43454 0.08786866513434888 0.9986524218718072 -5.649409906760072 -2.222364554923293 2.5558226059118825
1.0 60356889.626320876 845.3250468264152 4375949940.845551 0.047007806237420166 0.9994159630852595 -3.6726688126960823 -5.120012705749383 0.9226533478655419
1.0 22631150.66250437 773.1016214569519 14836065993.769073 0.0729363745152432 0.999536227528314 -1.485662694549288 -7.52581305391973 1.761877682671911
1.0 35524631.75269903 783.5764328955357 1843903141.0846863 0.017332741615312838 0.9999233879901399 -3.1778195171121277 -1.804689157764702 -0.4167513964527474
1.0 42231017.21005956 824.4457906332469 3970151380.974518 0.07382568054162408 0.9998829479723572 -4.805894820763976 -6.319598574231708 1.494547690880211
1.0 59943788.289464734 842.1571226592812 241962122.15472412 0.010697001199086006 0.9999354543511295 -1.5462870670033155 -3.7315288629553733 -1.6288221328577317
1.0 61397065.090684816 867.0158314280701 15953149993.700119 0.06291722606475032 0.9988874930091264 -4.833712380297428 -2.2277291924984004 1.3436156160798733
1.0 18121854.547431957 769.2522850754553 17734868601.67462 0.09837325508325816 0.9997708904087135 -5.964556111112413 -5.071444787941881 1.4866136781725592
1.0 51320481.0721427 823.2629493062126 5114365410.612305 0.031718009383208456 0.9999079502554157 -0.33604104844336335 -6.35011682028713 -1.4789624909295098
1.0 43999115.23109931 791.1056631576876 6032454526.884125 0.014037870856198599 0.9968461986188848 -2.045669075630141 -2.708785804681017 1.5712100432412646
1.0 24987483.331302688 771.965379549358 11376539882.836426 0.10298082437493822 0.9999825323370674 -0.4957525250911159 -5.42088728836437 -2.485470889079331
1.0 61973035.39286907 819.4322384031061 1824077918.5270386 0.0494255167743583 0.9987890049417235 -1.3522268787860006 -5.039064160527862 -0.6242779424726834
1.0 72190300.62685183 894.6500556235806 1106946811.597229 0.02713454627861166 0.9987639568024889 -4.691651703848248 -4.1387779589106835 -1.7350501557256164
1.0 45978821.02657971 813.1608265077755 12249115994.462372 0.09922441134227045 0.9998604883990757 -5.153610637143462 -7.319320451852288 1.893807879333527
1.0 49343129.03712438 826.8470985565247 6725003236.335358 0.050407082058766914 0.9992313679564867 -4.038739832204466 -7.870981401100385 2.617523389168935
1.0 47163938.735148385 821.0025834010584 1902988492.7990112 0.027450400263033713 0.9977529992056421 -5.635459788696513 -4.312081952844051 0.5796839209186077
1.0 21764807.366419666 775.1069250071474 6601948181.5633545 0.04616611956640757 0.9976572327827506 -4.326947150310324 -3.572293651195732 -0.19044802117921783
1.0 23872167.563105166 786.4900479509326 4598099985.868378 0.06266088622099092 0.9986742073440665 -0.5082194174318304 -6.26685839772632 5.5328934444423705
1.0 74561318.40691558 872.9185539052917 5245356071.169434 0.0036428148127241426 0.999081641277117 -6.171538167730861 -3.616322828894675 -0.0788146697918175
1.0 57473128.54641996 815.5685347395312 5305834683.684418 0.0005083647654790455 0.9968783841780261 -1.9694075904194066 -6.143711567171993 -5.180095930963967
1.0 73887908.30049938 873.9040644775915 1383936652.0171204 0.005831944447861528 0.9993710613425133 -2.762940526602638 -7.998214907192947 -0.02922770221931037
1.0 56407553.31263963 802.9989510362607 8138456450.995728 0.07127233626536976 0.9998790812636262 -5.606955569429511 -7.8413000205226515 -1.55120498764754
1.0 72934932.43542433 866.8115708019304 10487239399.378418 0.050736169131349526 0.9998988011087875 -0.4305434606324794 -5.977186120310249 1.3941420938942641
1.0 68111969.97493872 860.1493630389961 7377970782.519928 0.1260330957256959 0.9998962407030593 -2.839786107513079 -5.445963259663512 2.2752511852122614
1.0 54459303.32326592 845.4669360044029 3506830694.7066345 0.07153451598309332 0.9999647873679245 -2.7376077726067556 -3.4511981909255423 4.783706114583835
1.0 32612523.45583349 794.8607354890046 3761552649.355652 0.06661871441571784 0.9999504686513172 -5.18655993185793 -7.209894194866977 -0.022865212244676858
1.0 17811014.342192613 771.470629159907 302573517.1521301 0.005524847284365041 0.9998806150852569 -0.7199647268365914 -5.5858730523759315 -2.7338710286095105
1.0 50850589.34073992 815.5077209316453 2314487637.623413 0.08225466112630014 0.9991593247501344 -0.3867307820698902 -7.347579240087515 -1.6689666386230715
1.0 76468186.84552586 840.4809751760561 7013941043.285431 0.05098490946728815 0.9998598840967762 -4.5537610098393255 -5.315034955835704 1.9572297601941486
1.0 53781507.49717908 809.9243415020271 2571651173.18454 0.0017066923840385797 0.9959787025808489 -1.8966188815320169 -3.03106063875026 -3.482300683644598
1.0 18381833.984666288 771.2718645090822 6562473149.44928 0.08102358658055295 0.9999438087948468 -3.4818936440393125 -3.118691146120169 -2.836604674714101
1.0 77394420.48382527 880.9087279560903 4432990052.831177 0.09262354747128249 0.9958297034220506 -3.0220496584771417 -4.149893679732591 3.260463336597403
1.0 30684251.164468847 796.4796021383772 1951593734.8721924 0.015641672628411814 0.9974960094861094 -1.517580747033794 -3.5012177628106187 4.866862469126977
1.0 31169860.141081903 788.7510021760215 3274494041.349243 0.019867730062634762 0.9993505474520502 -3.4715674327607116 -7.825350921743292 -1.1289275638605514
1.0 45178092.28615134 833.6297607598009 36477399191.96167 0.13511996338176085 0.9997523362655673 -4.58885289211273 -3.8265952249693056 2.7472923143211108
1.0 76859018.01026857 870.2440174883266 6638471037.449188 0.00040218233298914413 0.9999648525562422 -5.876140387740461 -4.42451085438952 0.33111754768407187
1.0 66830239.72264713 854.0254727370652 4002077515.4926453 0.034703805822510425 0.9976682656584365 -2.9708352141638033 -2.844460918923821 0.44552870098509767
1.0 17478443.07539159 773.5035933415975 2079296975.0775452 0.044462589209915894 0.9998500466101319 -3.78221783041984 -3.872967056845517 -1.125294287894626
1.0 19656016.212148853 779.9270084919758 831430461.488617 0.007659181381455996 0.9999237432431042 -3.082732503622776 -2.533037736415506 -3.0033227178787234
1.0 19979108.33525889 785.3136297709583 3559808799.402954 0.024021602890515147 0.9999875497219668 -3.9090760003325613 -7.869639823257373 3.0881783851969944
1.0 62969694.864143886 840.1715722412468 2138751306.3417664 0.020525061227871365 0.9978640186472474 -0.5548874435855065 -6.9045981014834075 -5.373216534405174
1.0 74045781.73025557 874.5782171895335 29058651385.012665 0.13603467424042817 0.9994956238023531 -0.8282853317475247 -6.417952201943219 0.7355012121995301
1.0 60197804.8127873 802.5443817560221 1930135423.7995605 0.06299874197741698 0.9998738082003197 -0.9702235560239072 -5.297047003924173 -1.0186510697583793
1.0 25264782.46454606 786.0399476720007 1186979504.9916077 0.04631858972714907 0.9997397402730036 -5.300500025432852 -1.8031376213810297 -0.6840814702408513
1.0 24822274.11560099 790.2866795888621 3690145385.65744 0.015323146136794946 0.9988908718640958 -1.460710672260189 -4.643208538580437 -1.476906919971973
1.0 59549735.39841193 827.0213518023579 17352876793.62993 0.015502047042963478 0.9999923286426264 -0.5146156938532251 -6.243495473645757 2.1478001199267838
1.0 52401888.50010669 820.1696757866947 9554874993.851196 0.0053885549637790586 0.9997435943977419 -4.808012629270807 -2.0653212061905744 5.692021573309315
1.0 58937685.73286473 863.0227325697678 4841537426.629456 0.037371913811981586 0.9991151208172353 -4.6148388351252905 -5.2578461555561224 3.32402258930707
1.0 43938114.60756168 810.3617979560996 3505295863.574646 0.003037434035932693 0.9997605740763292 -1.6170022469629954 -5.092162720897134 3.2106339809638555
1.0 77739054.2173838 859.0035020481662 729175577.5490417 0.07164215962803772 0.9948833782973427 -5.405391071678233 -6.688717374204244 2.4753515483859037
1.0 41778049.774828345 790.8262544397982 1483578312.6498108 0.05107661613885349 0.9999472816532654 -2.1007665058490543 -2.403688757231027 0.7036569253655078
1.0 65768848.99340722 857.5212266374639 1505889904.736206 0.03294741864485368 0.9992596001330984 -1.0942526672190436 -4.985977532066871 0.7955338676634707
1.0 41809408.513599224 793.4603423784198 1482701325.1480713 0.035513609412090724 0.9962233571449638 -3.2506895004815797 -2.9645876966183105 -4.400928518490259
1.0 62897387.79788353 841.8852919798037 21036695904.38492 0.1046805019938796 0.9997215004629315 -3.8028766475842377 -4.7730968472370074 -0.31622639644376305
1.0 76913903.96543866 857.6785487642599 6287513127.530548 0.00046040447899902207 0.9995246351482044 -1.0816829587465797 -6.69979472719516 -1.4953532738397994
1.0 50553609.382746816 826.810067926856 8786993375.824432 0.051945840394699266 0.9980640275770812 -6.096867725292328 -6.492708184896276 3.7596803692933305
1.0 36734983.03174948 794.7094076270411 6406708433.388428 0.04759636812196628 0.9990283280507927 -4.667656949406803 -6.533632110944344 -0.7859174960057955
1.0 71624376.45188425 827.6775087129881 19792242519.05075 0.03945050477477766 0.9997728205898487 -4.86384968686663 -5.000336116705133 -3.6389717493970237
1.0 30305687.78799364 794.9619421023322 17998523360.653503 0.09425405437242226 0.9998285013898566 -2.6344285337798286 -3.7078150103931273 -1.298458626939352
1.0 55044869.49938923 808.4588549131518 6068903024.910461 0.024609027642745588 0.9999257379631701 -1.479871641860126 -3.33311946047667 -1.976728072702257
1.0 43860916.03390628 800.4707716142076 1186938998.8127441 0.012224821110204325 0.999163034550363 -6.232191381439447 -6.779022328702121 -3.5864136796348847
1.0 68804486.03619577 849.6492361398865 8228258818.484497 0.04073582449075093 0.9997130963910509 -4.913443748099269 -7.301471525540969 1.429279244791915
1.0 18270631.543329097 780.2995325815996 576594105.5180969 0.008669930019231605 0.9999894133764363 -3.671862579448156 -4.003690657629097 -1.2194135491809035
1.0 43559502.89970784 831.2803269621118 15111009979.090591 0.12165147875928368 0.9995022349641027 -3.300846573858605 -3.436867053523885 -1.5551158732501653
1.0 40761502.76970582 803.535392666436 2669531454.7360535 0.06378895103917678 0.9998469621839153 -5.446445424108806 -2.870232232168364 -2.030269627879777
1.0 19573218.559526674 770.5579472671501 1650412080.04422 0.0005380746600855066 0.9999864486591075 -4.26025200332665 -7.9611086347773785 3.567298038822819
1.0 24069570.445374068 786.5096414114275 2210262624.496338 0.005181881770056639 0.9999843217073965 -5.279424723400765 -6.954878196755606 4.468262446501223
1.0 67412301.36655825 878.2794939522464 20004587873.04117 0.06203045539385772 0.9988368764818257 -0.591772637455247 -2.680561514572374 -0.8333638633296002
1.0 19155073.24330371 776.9928034582683 1550707552.0064087 0.013790770183488267 0.9990368974114733 -0.251385106183974 -6.436174112005966 4.2556134017842275
1.0 77359461.54792224 849.6097421920755 4186861036.69693 0.06516505800190503 0.9982402520424307 -0.13274661832856305 -6.391030939640297 -2.7125320342089703
1.0 51022714.91569232 826.8033826506501 16243944231.283707 0.04838221107233214 0.9987432345585269 -1.2693024102572734 -1.882585215591864 2.3059251517441814
1.0 35872810.330919385 802.7629874456273 222412279.00024414 0.022158836099274236 0.9986697718063332 -0.9750475946941686 -5.444200398049507 0.9337190648394453
1.0 68102055.19170329 826.7166339000586 15721084998.590515 0.004265494168393679 0.9955358728147046 -3.698337314377079 -6.682063713937332 4.210319712211545
1.0 49820020.18629831 840.3538897435102 5888213222.824493 0.06400906422828817 0.9978364423324252 -0.13988636924037312 -6.443636352889174 3.817414640613351
1.0 22827702.050230898 776.4788961166754 3823093472.799774 0.06014527293619806 0.9998621601313199 -1.7902840833852485 -4.892903681979804 -1.1191307740677854
1.0 46861396.81451215 800.3671393814263 9389629410.818848 0.00285407876973047 0.9984595636644971 -0.5274734882427858 -7.21747479019471 3.699700507051726
1.0 46440388.19961782 809.6468562192207 29815266350.361084 0.1191841404276069 0.9988034324051366 -4.355403507658399 -2.22968751709581 1.3747485945593119
1.0 20370867.674318444 779.2751133811204 1286301166.9636536 0.0031916038448895137 0.9993674199522515 -1.224818302923968 -4.7229730287026985 -2.6188474214867288
1.0 24371743.42384877 781.961727527072 14311025992.67604 0.09303896736571933 0.9983129903159605 -3.119729456993375 -4.769392374403806 1.071702016916636
1.0 54489815.23362158 838.3326786525404 3735072758.6262207 0.020335808183852614 0.9962354130111921 -2.893850103076509 -2.413659027630906 3.4526711084845534
1.0 27944686.881724667 794.3541760449762 2151403194.0369873 0.0185492922375172 0.9997972393514547 -2.676601621991174 -4.397195472609273 0.3664293105849268
1.0 69596906.9099876 837.8071629013957 14436661080.45131 0.0715756142187723 0.9991239530701349 -0.12424664046352385 -5.247499333121727 2.715497216416528
1.0 21228648.293676473 778.7424167958497 1140474629.6983643 0.021813953593041863 0.999811869934659 -0.684759839418632 -5.590898319023082 -2.1790795549047135
1.0 34026170.55074364 792.2654890734585 7063184986.35318 0.008922194023501452 0.9999053647001782 -5.414912475032173 -3.0290310924038417 2.34169321242472
1.0 27191337.45927497 791.4456329522109 21302065493.31888 0.13419050856680623 0.9994692191757093 -1.302998958625817 -7.550873017710163 -3.4512362888437167
1.0 20827744.635496914 767.8002040638717 3472300324.7957764 0.02146451757100603 0.9992802324295007 -2.358160495461143 -4.0555918257862125 -1.9121517806665516
1.0 47281527.49370402 805.6282326551694 8120429651.236664 0.11856362821872812 0.9986010757685408 -4.9816272078249995 -2.084969834073111 3.2528671862686664
1.0 19462652.390787605 772.4476220403496 9707656509.958618 0.09444048474630891 0.9989937403096523 -4.156465859478171 -2.2154269655578482 4.687248158829385
1.0 48998088.043532446 814.3751014187376 7497365213.018738 0.012136756393475782 0.9996735514600386 -4.21496761387081 -5.028403241658682 -0.5259100240732666
1.0 53039554.368760146 830.5079634618766 2527133399.829132 0.02145738834680647 0.9995938795686823 -0.07528972335634698 -4.126563328572831 -4.4445388706482545
1.0 64334552.31658021 818.1163075852893 12265158623.132904 0.00749195114453627 0.9974210234416483 -1.9213282543333872 -7.995176594888354 3.4092386988787116
1.0 25546752.219718404 782.1294825472617 2268297772.215576 0.006276847109254975 0.9990408791449062 -4.711401636919978 -7.194923399569661 -1.899834248890784
1.0 44179687.31760195 813.584100857538 1477863603.5465088 0.004123708487225408 0.9990921502919583 -4.987783134842485 -2.140509430142155 -3.1384256477068124
1.0 66520493.71935977 848.5845267622857 1243198510.2080078 0.02174869542986576 0.9995504725122003 -1.2747606445284325 -5.385809783788199 1.2215909454971716
1.0 22186353.76859742 778.8379508279927 9076452799.233185 0.06683503083647103 0.9992129047053118 -5.889468061409826 -7.88117163662182 -1.1063492678067781
1.0 58251181.51133214 813.7091107036593 2621020506.1097717 0.0053815263534656155 0.9999021085543296 -2.0197837290953853 -2.22226629038064 3.7284163445698835
1.0 53057610.748511665 820.1696597672714 15813620907.934631 0.10364503195332912 0.9997913993027053 -3.3053283803738727 -6.109187582105422 6.06471816874109
1.0 69427006.53263828 875.3227248891061 1326078463.1009521 0.09878111383885278 0.999125949808076 -4.936762004130994 -7.558346397181029 0.8924869925747715
1.0 62152384.32027334 835.6028376832886 5223304617.05304 0.07217815687682264 0.9997365397869254 -0.9531776550125683 -5.419321320998213 -0.09781749889034863
1.0 33226332.378728162 795.5573451308062 9548068947.151825 0.03360782312012729 0.9999479639451511 -1.8613408826764812 -2.115903768200357 -2.6236007612490955
1.0 28903098.05011605 789.5989007265625 9751116273.32837 0.047018854077725644 0.9978940876771196 -0.20137633782196396 -5.023322772338112 -0.9837245762547147
1.0 23664553.446785737 772.0842603692925 3122947585.0846863 0.0015540824310107063 0.9998081881490034 -3.96793684317635 -6.592221811230338 2.8046161102039897
1.0 39978839.063239485 800.2207451027714 1433387685.4414368 0.022430706826871424 0.9995581758375212 -4.69257014586631 -2.6309829148295227 2.841343984514214
1.0 63932735.73080792 838.4569478376296 14369822355.53482 0.06795245157834612 0.9991957369072679 -5.796305539148628 -5.4036710129349155 1.5786388169237162
1.0 36735568.9112248 803.8547074919953 6102726548.00531 0.0003442583662489826 0.9981925417425898 -3.561799275472243 -4.590247303425234 3.2098292414856386
1.0 62273927.678365245 821.4124387690325 1572379198.5250854 0.03193724928452607 0.9987699163447793 -3.183051094704657 -3.782978232596647 0.0655992853913896
1.0 45425686.48788202 794.058778928483 2062129769.1002502 0.012363097936167508 0.9997138142203258 -1.062748432011893 -4.577395485974408 1.854717490443603
1.0 18859818.479806878 776.6855620345569 2566538802.7280884 0.039911099778709935 0.999506210963916 -2.0309486584782244 -5.585489139620872 -0.9000413056351508
1.0 42342271.023107275 794.6441457744422 5035437624.41394 0.0096803725247437 0.9998767565715894 -1.9238092900961634 -7.758928212365683 -1.046864699791362
1.0 43761055.57110334 830.2357718566437 21648636638.593903 0.1648989596340882 0.9993751484471847 -2.753497370202995 -3.9541071841810638 1.6113098556518142
1.0 58567562.76580454 837.1167548828079 442518448.7994995 0.0284309942443529 0.9997850071286088 -0.4127164473203102 -3.909407167405763 -2.9061675167916197
1.0 18636895.876811452 768.3518164942855 4510873495.314636 0.014093535596963767 0.9999917799765672 -2.7583256311607043 -2.375247349871671 -3.914288990238907
1.0 61745104.28423996 850.6459252460122 1106748122.7104492 0.013501836440949263 0.9998515957498665 -1.2956138243749458 -5.550619125903014 0.2057400049614616
1.0 17374892.719744608 776.1735466779126 8120771603.713593 0.05132832284583481 0.9997381322161127 -0.8325010627846137 -5.076358652789738 3.5204542890535926
1.0 56940800.358977854 846.1645805191315 10122138164.608673 0.008948942554509863 0.9997639099786753 -2.44014545798163 -3.877569408526606 4.051997615168098
1.0 74817627.7622892 844.1918887369942 752351518.3391418 0.0020649339692120454 0.9986150607071259 -3.894561070575771 -7.351628993229893 0.5232062329846467
1.0 51308236.134238526 804.4624386236502 17779013693.099274 0.12133449012510873 0.9995436426108695 -2.589114571909964 -5.290344293764435 3.916622254538926
1.0 76794510.03035891 843.541164832145 4457918039.609894 0.06349560151403881 0.9998909030993339 -3.150727598576675 -2.3225437264274578 2.2039395204083125
1.0 76724602.82481894 820.7290859825448 4407588602.273102 0.06857638271409391 0.999049345167093 -1.5579155609456063 -6.6146646026770295 -1.6558422172545955
1.0 55490421.174340785 838.2467801450259 1035612630.4677124 0.026581007699520855 0.9998348994521501 -0.7415588118926428 -4.808780284350249 -2.283514854125119
1.0 77374148.35275994 866.5951128519241 8883159076.271973 0.09727572735573 0.9999989617653244 -5.211839446344024 -6.833161161932764 -3.565071709339505
1.0 35079948.24636585 801.8703227968036 12465608634.48883 0.022885092354410223 0.9999640446663055 -4.803404658241453 -3.3989020264362138 -2.837909273942395
1.0 54512319.88966054 838.2948881029791 16327991874.408005 0.12224915787966151 0.9995887672861303 -2.3821880538838776 -7.82657215447433 -1.9688332192841942
1.0 34142794.82785559 798.5337280438584 7712339407.987366 0.05928347382367809 0.9999806094479826 -2.644320018519539 -4.128239340461177 -4.939764583684931
1.0 56266430.94314086 832.3076371872302 7695765548.63504 0.07153589525525458 0.9998968056958643 -4.343085127290669 -2.641063123393532 5.334667572516876
1.0 30822635.64405863 803.5199594384584 2949947950.4391174 0.017542188542387566 0.9991308800280457 -2.1158615625286252 -5.3613896556863185 -5.3875711345720685
1.0 66654031.618295655 828.0517759087132 9340956056.739899 0.04352345866304905 0.9972044424706704 -5.674000244061216 -2.085275782948289 1.0140503576216067
1.0 37114636.501779854 791.1437093912722 4805993530.862976 0.01722299203973646 0.999922446505718 -5.80308136568917 -5.640696079309239 -0.2619984351887069
1.0 50394135.85804477 803.2759297054304 16743926256.516235 0.09215585258518741 0.9978588353602421 -3.291724742776037 -3.794596643290557 3.6448620311905797
1.0 25575905.958818953 783.3461333901962 2752896329.9231567 0.01543003414806432 0.9999254378462287 -3.170422237714871 -3.2123780272819777 -0.9643872673449423
1.0 71700527.06164671 854.679677146564 16243820972.248596 0.03859589165069241 0.997864634010061 -4.599838845388209 -6.670408614539423 -1.1615989511571487
1.0 77675515.90357588 900.8674240490545 4790763489.588196 0.06326843661623585 0.999867448500884 -3.1931027487176666 -7.411371464370026 0.37392844567435035
1.0 30825982.04475053 799.0043717132615 1881113588.9916382 0.043462759749836176 0.9998395061002594 -3.7957983887579396 -4.315960750630197 1.9055102321125235
1.0 75127746.77817619 881.3510854269642 16107588087.7641 0.04369494688882636 0.9990283998543332 -5.84690133742239 -5.006971843227653 -0.18839941457558118
1.0 74436598.72812791 823.0512814462488 735124295.4934692 0.03320719260743303 0.999994328667902 -4.894872536253043 -6.883912952578086 1.034957136620702
1.0 54717806.892930105 802.7701106984618 28797564204.658142 0.13642586971927761 0.999798128285305 -0.8981208201962008 -3.7530205458695143 0.7595166039586505
1.0 61884213.2982352 837.1042336571271 18775620999.159683 0.11811458953661955 0.9994221082844938 -5.27522061985125 -2.612571289026779 -2.081427067456075
1.0 76225704.02672982 867.6663661053045 2402644803.7424927 0.04824668103074183 0.9993208532687229 -4.486510925566043 -2.814354647109553 2.790948521926284
1.0 67563318.89326127 808.8323411916246 2834691587.4639893 0.007897630830769657 0.9951738261737169 -3.4402188067456536 -7.285931957809254 -0.8582587250853754
1.0 59958919.9250531 812.1358287414747 1405783993.8411865 0.04678628791954319 0.9995931823294628 -3.6114227827459513 -2.511306184575212 -0.30433158202957955
