Label M_f Ep_x Ep_y Ep_z Ev_x Ev_y Ev_z t_t m_0 |Delta_a| |Delta_e| cos(Delta_i) Delta_Omega Delta_omega Delta_theta
0.0 26.461946591356877 -80045505.05929565 -29642013.491485596 26812499.941071987 -5673.516872683451 2799.2630680948205 1304.4550619222105 61355096.73065731 773.4619465913569 19551596844.40045 0.06325720886916528 0.9989321821297296 0.40630336920940957 -3.565238834400806 -2.223044024854802
0.0 26.805831214770592 -37425761.18474579 37514955.89277649 -11683080.843952775 2730.497034167318 3188.8889063420847 1388.863675261847 35686558.44361635 773.8058312147706 45999195805.39909 0.20902132370262955 0.999408145130312 -1.9682826997112985 2.6280813224153103 -0.033815584592438164
0.0 59.85580456503271 3213950.8347473145 12617830.584823608 -11141501.503658772 2818.544899093935 2447.698553259179 1259.5467051748867 62371005.46187166 806.8558045650327 57413542250.128235 0.047746172533943004 0.9990213302898089 -0.4795645920795275 -0.9869725493820057 -2.261732269365554
0.0 64.8129215177429 64738468.765197754 3012667.1085968018 -42674716.33224678 2753.4614831815798 1105.3425671194018 -170.09713917826463 50492321.29590435 811.8129215177429 64889392535.190186 0.0729822996894475 0.9975885873276816 -0.13162719541396417 -1.8734890689487376 3.715554212798029
0.0 74.33974693797586 -12644067.10635376 3011611.8785095215 25781082.32906723 -1154.8472280181559 435.1343341437241 1468.5781976639503 95324718.11422929 821.3397469379759 58955652599.39072 0.015040310821449583 0.9986322050870078 2.586870717658365 -0.8683172103665231 -0.11196119394723275
0.0 76.67262709268641 46062675.09779358 -11718231.392547607 -56650798.5284574 -46.64085432358843 -1761.8572705721272 -6737.4566340902875 110584991.5226728 823.6726270926864 79637206067.56152 0.030331360851061737 0.9821507858878024 -3.8996882781946436 4.600502252293708 1.5496469100577737
0.0 30.331544771632593 10997842.930419922 4539002.91355896 30151383.59972 2855.2631707131877 2802.652799909145 -2498.4364318349217 35967343.75635035 777.3315447716326 56626684784.545105 0.14748337804522393 0.9999977669876022 1.9984311412240656 -4.408199390583206 1.7735651699083628
0.0 69.89586366255912 18622185.450012207 -6451902.861358643 -9125852.188533783 2616.618312735507 5847.939948492931 3321.690065341019 78345264.70442772 816.8958636625591 76695230484.02087 0.22595397995864325 0.9894304492073002 1.9745983333469952 -3.739869468001083 0.6553079275020279
0.0 51.90277904541074 -5814177.088256836 -1082222.289489746 7443651.592275143 516.6163908258131 3642.660347744046 -1680.4571250163567 66667856.524417914 798.9027790454107 65429572121.23599 0.1241216378725562 0.9997853340711855 1.8787380202629658 -3.5166412176473782 0.02775990312546428
0.0 41.57638912875302 42085042133.40552 45797752779.35183 -2517204304.168251 -3668.655296302087 -4631.104472856314 697.8679483374236 32654309.25753758 788.576389128753 80809819895.53384 0.07158389626382221 0.9994969312846113 -1.9710294473963645 -3.4839388107870883 4.7817185635384885
0.0 89.64332141588432 5822526.436508179 -8240637.104431152 7314142.709103107 1899.002070673905 4031.9735878068695 3274.4557011852194 106910513.07918255 836.6433214158843 81556625118.69156 0.12791043020557283 0.9827900917799525 -1.3164115024394802 -4.921209614841798 -1.253727764261965
0.0 69.96271842180636 8989499.46244812 7418710.9627075195 12105706.297101736 1420.3547187825316 -2530.440683404344 -302.4331089516718 89830679.70100541 816.9627184218064 87413318427.99442 0.16514023237289902 0.9995462354184231 -1.3864459885567924 2.6999610331180204 -2.0265529573159893
0.0 144.30826125284977 1422773273.3978882 1078680610.0464401 -452588810.63388777 717.2346492733104 1951.6531441278275 728.8559812989147 106073938.03029715 891.3082612528498 85135768143.0643 0.037434429789839505 0.9994895321170301 3.739750341221246 -1.196212792292818 5.355590953454378
0.0 88.8650494342869 34423186.03001404 -38015774.61178589 -32651640.252323627 1095.7438613823215 5067.48006585168 1264.4681236211568 85230951.78373955 835.8650494342869 84390508615.68152 0.13516239645217099 0.9976125641643181 -5.071087480118573 0.8701872603201811 -0.7242827590070012
0.0 74.83395015769509 -25831472.628814697 25976901.553375244 4391268.901229858 1001.3553236207954 2864.402965428224 -3078.528785047236 75360960.23582567 821.8339501576951 62432428938.7847 0.12794492252015308 0.9978582820454531 -1.1415298113465524 0.273642982520532 -0.41583579303954066
0.0 41.92497725121643 9192270.036499023 41289203.396354675 -9419679.084758759 1742.221500283198 1573.6223107775404 2457.7911462841193 32898965.860622823 788.9249772512164 62297295746.49161 0.10670434259740055 0.9987639474429666 -1.7614173032264047 -2.8536673125258263 3.732421346734208
0.0 101.86217648592367 21041699.557144165 -51151654.20916748 48533006.353027344 6822.493516735074 3816.6656781097845 -3510.9970299129945 79789766.44931325 848.8621764859237 65747604924.269775 0.18757531756762685 0.9987290714164614 1.5551738662816805 -2.9982360314398075 -3.5106976623320785
0.0 31.896804834029354 9421790.800216675 10063506.197814941 -36600112.01793432 4150.135958334202 1295.2759550869923 5729.371261911968 52321377.790206544 778.8968048340294 53409445405.57385 0.23667245336141932 0.9821213527342779 2.261658145366495 0.4714038236399335 -0.6578714535206012
0.0 64.78744144745986 -4010163.9205207825 -23154165.846954346 13891966.693463326 2846.3268582723613 1589.43468949916 -6682.0639017681015 51203240.313806616 811.7874414474599 41965580940.3692 0.15115895964699455 0.9739877021430494 2.7853141916379456 -4.581238815883114 4.420704458045295
0.0 112.0968622737671 -23247153.579803467 11254266.692199707 -13884049.470201492 -3930.4041454402795 -5496.99151602983 -3472.699191401516 117025664.08393978 859.0968622737671 20130183797.0224 0.20303309642366046 0.9950083658450013 0.27932467914674924 0.8396813819890241 -1.0812339562186317
0.0 119.76123548631881 101334149.82650757 -7786687.675109863 72287203.90212715 4520.244320201811 3032.854611369994 2349.4507174018245 103460840.28105174 866.7612354863188 111064078386.17133 0.11663638896693904 0.9989932043764448 -1.242689956207522 4.328076275691425 -4.2217259885983855
0.0 29.964178234480755 17424769.361053467 -19205590.663845062 14127488.87712574 10401.818676772793 1731.9927238145065 4011.367020138653 27765058.17653817 776.9641782344808 31131368597.227997 0.29955157316323955 0.9997173210555826 1.5701094060364307 1.9317401918553185 0.8285476371224085
0.0 35.235487972516694 -3677601.832305908 -23684862.829421997 13614965.362603188 1946.822106581927 2833.997384321312 -1968.1396414112928 55098745.415826134 782.2354879725167 52483062638.597565 0.2015079018745031 0.9996234603805855 1.3615332704854644 -0.25814749757053956 -4.688988822431035
0.0 101.17454063311368 -76651613.55958557 15421254.170471191 -42754835.37809038 -877.7877234253465 197.01013228651755 3758.3372697634954 115846977.20021656 848.1745406331137 77669614166.80676 0.02763101787624203 0.9978199207424568 2.9841746607048174 -2.6426607231014567 2.9353218789189355
0.0 88.76331015032804 3563922.4454040527 -27661052.214370728 -74838656.67338371 2383.4048869758444 1073.7169014787542 2672.269402367579 91741398.16495676 835.763310150328 63611453403.79999 0.11723311255681129 0.9961623308616259 -1.9590026040310793 -4.57139953322131 1.2373268827188193
0.0 113.86141859356974 7359264.339420319 -643797.8782806396 -16640673.809542894 1809.1289332441447 2967.953110544465 499.70137785571967 94050751.63068622 860.8614185935697 87327570091.58817 0.08398924215568272 0.9999993391324823 -0.3178809439532899 -3.164454976450364 0.2229844285294984
0.0 84.11264073188283 -24458565.43988037 9135391.95954132 83094385.34122753 420.00593681925966 2183.7484410728757 3876.06116638956 114975243.64215715 831.1126407318828 84674361533.08145 0.026025066941006467 0.9904965352871166 -0.47075256568539725 -2.1063252007203177 1.9828422429517798
0.0 74.67821519584061 -4799190.805725098 19434177.333229065 -50903865.73755264 1121.6153121327857 1802.9776704468786 620.3481946271265 113643227.10705537 821.6782151958406 73494745347.38626 0.019515276234276943 0.9994980439855509 -1.0693061618629125 -2.385600237473258 2.2131831191070743
0.0 80.73467320710051 34943697.19854736 -666033.0081481934 20724570.75526476 5054.977449915717 1728.1856471332794 2419.9478583808386 125007013.39784527 827.7346732071005 89715880852.55344 0.032100498377426956 0.9954591483768154 -2.7985003877462056e-05 -3.0935394032220627 -0.3077156331516601
0.0 47.49009134454457 -15807999.616004944 -10005641.402130127 -9651818.527465463 -3843.567141082629 -6842.828295740465 928.4300375215537 54513001.35877187 794.4900913445446 28163042124.15909 0.2047494204088262 0.9995849890279809 3.1613588387041256 2.1013512367678224 0.2280313923840378
0.0 31.737350871481794 -3746768.268218994 22844028.559661865 48874419.03408432 3665.0991043244467 2027.6903951780987 -1821.5822253673032 42055107.45128024 778.7373508714818 43131078249.31235 0.25771975381323836 0.9995286137725276 0.844040016046326 -0.06938581947478761 -5.6790407818714534
0.0 20.708166211190928 -5461124.63583374 -13111761.628829956 3259294.2324028015 9604.613601645013 654.780850204108 -3482.090416233768 42431290.37305347 767.7081662111909 31068746429.273743 0.24946229452532953 0.9998930826263082 -1.0556257220203016 -0.7277209548424504 3.996169609650415
0.0 41.60528513833367 489783.4495201111 -4762799.762268066 -9694285.630599976 2589.7746449393926 -223.5255225074307 -8283.635560703242 41315423.9700038 788.6052851383337 43230136953.51456 0.14184277945646603 0.9791879548050244 1.10721699971019 -4.775628130851183 4.837729966986568
0.0 56.209020425194126 9718213.542175293 194315.51960754395 -45733279.72495985 4150.594355357776 1907.0592852359805 863.7743063717854 99871570.3468659 803.2090204251941 45551182941.35724 0.15585345272800316 0.9991363419321674 2.838001663595602 -2.4449447758995206 2.01396225505065
0.0 69.59617575782715 -100947407.39822388 -4808900.11605835 888360153.3587847 4376.266862322827 17299.972232278753 315.5421618701781 104669962.4413478 816.5961757578272 28534695457.38214 0.4337176634713661 0.9999951597045308 -0.42145834601789356 -4.465998138350415 -0.0681480103025045
0.0 48.35184857058198 -1667957.0712432861 41967949.5289917 -24723699.91432655 2554.962906591587 4239.014372285304 -1149.4332488176428 47760492.09436113 795.351848570582 63187555883.456696 0.11719930516965911 0.9999515232877942 -1.4087640468855172 -1.2754393754392939 5.101282710310972
0.0 26.604191555814168 -20223128.32559204 744516.6303405762 37943526.42214942 4751.9764209332425 1337.0065323822782 805.048334926317 30846750.775818687 773.6041915558142 40303554153.31535 0.17181433234413082 0.9998495676737532 -3.0402721041408025 -2.1003591861464836 5.539593113141777
0.0 50.98723072249902 -8067937450.096024 14779393168.41986 3254641590.2916126 1089.2677670362864 -1091.5860506518516 443.78803752298813 39984895.86414899 797.987230722499 60480590819.16336 0.03539140030117377 0.9995354694856035 3.9813096045961998 -4.174851406114597 -1.437560909059417
0.0 100.73219381549325 -35337521.32272339 41345755.734375 41319503.74958706 1150.874319543782 2300.3644074991216 -2053.080152723055 118510718.93156506 847.7321938154932 71342304123.54007 0.012468288122288528 0.9959163064111368 0.08424331424741949 -3.0857351205235903 -2.8945292866998567
0.0 24.150332628795468 -14793554.065246582 1284859.1969528198 -24094602.161849976 1506.429388063074 3474.155388334748 -138.99664256999387 37282650.869547926 771.1503326287955 56305075917.16617 0.2427011555609896 0.9992348760357243 -1.0839943498809432 -1.2814603440217638 2.333849571035746
0.0 53.7470106435419 8366359.602783203 -9534527.568618774 -44591244.64108181 -645.0003363663945 1392.1946895849687 1383.7536507658972 70151317.70489413 800.7470106435419 54170496684.572174 0.11530597214970892 0.9971821771569991 -2.073069752256221 1.6571888336295326 -1.5185646819192185
0.0 94.04953778595132 34679002.96469116 -17183147.994903564 -1821531.6450099945 8332.09027059195 1349.8464761951473 -4056.842139206004 116738686.29745033 841.0495377859513 115894740558.16586 0.23493718420105578 0.9875283885289227 -1.5781077743503968 -1.4883596288702563 -1.6013870679763031
0.0 42.93187373502019 -15196447.274475098 -3308792.478942871 5081501.831261158 2350.43931993924 2470.5013833156663 9060.200438115506 48895408.949013144 789.9318737350202 69776841654.66637 0.0638339464234194 0.9625607849908794 -3.423028245716682 0.04942453214558799 6.134242894133154
0.0 60.47026409499847 33804913.6836853 -49996421.111083984 -12821279.284923553 -1613.2876666457742 3075.6584916560146 511.743691114453 74065460.50606786 807.4702640949985 39902509630.58215 0.08438123414997441 0.9988481187215594 0.7361599804902297 -1.686743052729437 -1.9374803003222165
0.0 0.21003036260390218 -18794123.537231445 19058595.6222229 -32198364.93198674 2936.2193872019234 -1393.6544628696283 -1504.2621478386063 27148703.200092316 747.2100303626039 33168157504.62587 0.13283344006479458 0.9992875792538389 -2.422339229036596 2.976694540517384 5.791242580860782
0.0 67.42755561985064 8630322.54510498 4194917.208648682 11250671.195336342 2392.773285940959 2877.0540221054925 -216.5424954761435 52852177.220290266 814.4275556198506 84879454659.27994 0.010809454356584633 0.9997436440319241 -1.623141486888008 -1.266127464822646 5.9785089816911015
0.0 33.37282185709648 -51836921.97711182 -35708689.43487549 2391284.4197318554 959.0563134244585 -3914.641992600744 -821.7536705601796 93805539.23998526 780.3728218570965 89779842111.41653 0.20853583503873557 0.9999386617262559 1.3940092714557621 -5.589977369028828 -1.8127552886500866
0.0 95.01987714995073 -10723385.292572021 -19291179.424942017 7564984.9927175045 1111.4243591360646 4665.877861228975 4147.122590911784 124348157.150811 842.0198771499507 107225724042.29703 0.18300336466450257 0.9989353589479919 3.192733954338989 -1.210393430562233 -1.6681805486531758
0.0 59.803913613701184 -10351933.562469482 -27795738.230049133 -51362295.16867274 -2404.124531257613 -804.7381054578073 -119.58709381460253 78460802.88443515 806.8039136137012 39781011314.007904 0.04596358312133572 0.9999995261115596 3.381816212237262 2.2064716832406464 -2.1975717629171263
0.0 72.10918502971481 84173028.1565094 -8372981.0822143555 -109818304.98397446 1101.4262571379695 -2220.4652095694746 2533.3166767264333 96094028.9702507 819.1091850297148 33798430523.709747 0.08173983771265184 0.9919618139703622 -0.5985302157729717 0.40584206204784046 2.5108535600561064
0.0 57.69170181620632 -28800050.51751709 25823138.37878418 -28948648.982876778 -362.7125565890492 5060.039959963007 -4511.890884920982 65802558.10261255 804.6917018162063 43089098352.44113 0.2960730934430074 0.9859812783989305 0.2938064550559263 4.784188623541711 -1.7351944442829943
0.0 49.630878362612975 2078775.8718185425 4212620.8316345215 -8208674.539131165 -1990.6383106644244 1580.7485621918968 -811.5344781902209 40166559.12679087 796.630878362613 41233607799.49487 0.10024635067414682 0.994698679856322 4.743884226390839 3.0851192080308483 -2.901896400124271
0.0 87.91848999190222 12928602.480560303 19980891.541305542 -31863019.34850788 11059.078519782071 5332.343002484755 1131.2461784494399 73528224.03626227 834.9184899919022 5480185261.443024 0.4645622038623632 0.9981405685807185 -1.7466997924189178 0.14221700133704251 3.3707399944867684
0.0 27.517827863529305 -22508617.601867676 647924.5321311951 62705485.313275814 6626.221829356462 -32.092037068938225 -420.6479799184996 103590975.96679956 774.5178278635293 19127708752.64331 0.23060247456681987 0.9998626778562472 -0.48140020687657614 0.7093262295821916 2.813552329007356
0.0 34.478028386477035 -5331788.712875366 15258705.468383789 -2621243.0246047974 3715.274195526541 -61.18179242320548 -25.90671137917343 34226127.52310211 781.478028386477 51459125603.286865 0.1793848644153264 0.9997101527356556 -1.2289484414170708 -1.829581824019636 2.618097387214426
0.0 95.36060799764039 39992598.235946655 28614353.625030518 43394131.20798588 292.97484883654397 1043.8502231913217 2446.098807898463 101858221.40612344 842.3606079976404 63319525276.168365 0.028977946671060857 0.9952734854333308 1.5096126381443822 -1.7992068008040758 1.884268371198749
0.0 128.60805591082044 10559086.982650757 -4751688.817169189 -10660442.800678253 475.46366557214424 1933.83186484221 -874.317374861145 115223005.50782219 875.6080559108204 41969131841.73782 0.04624528542713689 0.9776687083298541 -2.1544275572582836 2.794580721228181 3.3635396375106232
0.0 52.50094134309791 9888532.97770691 29717221.834991455 -68870042.75787568 5514.921642715799 4199.506472779809 -995.2826560771515 60251277.75228172 799.5009413430979 53246043875.24289 0.21463485630168816 0.9995144694741603 -0.2445259012074168 -1.9711550287793353 -5.78364459016786
0.0 51.755627022280805 -11490209.072769165 19213165.70387268 -71007511.17745256 3332.738833954205 4690.405540145464 1528.4886591746 44978872.311642475 798.7556270222808 55497098931.35217 0.15669650363610096 0.9986851968859509 0.3963226341616275 -2.7354710210663256 -4.024456208548578
0.0 91.71006558050294 -34588561.52674866 -18663737.462387085 -5092286.641051292 4391.921269047638 2517.9697866558563 -2171.8660626331007 72012288.24686968 838.7100655805029 73922051274.19235 0.1340590047139686 0.9976632976991647 -2.559045499205508 1.9055708964725322 -5.483325827109383
0.0 66.79214513593615 28529274.42274475 -4100573.5125045776 8039798.074711323 -1540.27745793123 3429.0251216781326 -319.12540296222073 87734068.91206686 813.7921451359362 65278738459.37482 0.13765212071910463 0.9999758676036279 0.7313106567183582 1.4035025818594253 -0.8042345890414104
0.0 93.84883805955099 12288099.383636475 -23121136.932487488 -130240985.95287895 3222.5087900482094 2686.947741668482 -6745.307301945819 109833370.61616077 840.848838059551 72800894973.48157 0.10108480331978778 0.9934820311924893 -2.1389683736181815 -1.2301560364168023 1.2407562059715462
0.0 51.67836333159926 27674242.83472252 41044117.09240723 -19817879.201268673 291.75686317762666 1947.0318761105048 407.6920311695697 76821815.32369794 798.6783633315993 12794968484.496918 0.09646340500640879 0.999923693010204 -0.7771621998841383 0.7493834858067392 -2.7263986388532793
0.0 63.962879492830666 55493111.992752075 42214611.76651001 -51783589.10653114 31.642229825854884 4922.446999973339 5179.85568044242 123410518.07937573 810.9628794928307 50080437912.768585 0.08511799058154426 0.9963571228549462 -4.063855587362292 0.6919639477107166 -0.8576448665726559
0.0 83.31239152509352 -673638.5075683594 42815479.77926636 -98181502.55248833 -2390.9492839944505 2674.1243021307364 2186.0341745294845 74960695.00277306 830.3123915250935 50172895962.625946 0.09981717291860023 0.9933447675167306 0.07985169544635617 -0.8033442152481652 -2.1618577111506134
0.0 75.2474817583261 15834247.160263062 5702394.701873779 -18751824.956430435 60.56630973049687 16.256209425824636 1053.4769557655918 109304657.27417642 822.2474817583261 30145645240.375183 0.03797208397685234 0.9992231159625871 -0.9882063809850663 0.770127517605383 2.8987385418270377
0.0 87.00391861593528 -18773978.029144287 -11466888.80581665 50165738.241539955 -3781.675126864484 1927.8672026145869 5571.973407121829 86808478.94847609 834.0039186159353 39389204389.83902 0.0982557218529687 0.975120875446953 0.85817091879782 2.7090457622234023 -2.8425383145525736
0.0 68.95824360499068 -14420553.490509033 13079845.710830688 11300000.722068548 4856.741731058435 1316.187856358556 -1200.1037573168542 55695173.539969996 815.9582436049907 70894156412.61737 0.062083674903977454 0.9996981310101832 3.361771660082876 1.042668758758852 -0.15339941693456804
1.0 109.92144187652923 1926679.0753479004 11384690.25894165 -10314656.858664036 -254.20669647745672 615.1596605195955 509.07872920389 102721140.49484664 856.9214418765292 75232505107.46994 0.050968327412902185 0.9995900083203156 -2.2563811720812623 1.9325896988623699 2.270402974674685
0.0 63.62890515904667 14509796153.493973 -8824454936.934113 1872953218.3210049 -12648.047230575732 4835.873005990721 1585.6096538541908 49139383.53107984 810.6289051590467 5405787774.353912 0.3846065893876508 0.9971622830637813 -3.819724022026505 3.458408246574458 -0.6203357071224667
0.0 19.03822509441659 33281508109.23349 21080198784.891685 -2613717945.3301334 1287.9579530464334 -2081.688278018344 654.1533317887114 18877642.348690387 766.0382250944166 61193753548.42706 0.10192313913540224 0.9995289631024101 -0.8459840804896606 -4.4915592538634 1.9712202447477507
0.0 157.65842066090602 39333879.944358826 178792578.5553894 -106716352.6656704 1455.172808111176 4394.340677265066 933.271717406798 118090921.98815925 904.658420660906 77423528278.12494 0.03959534485095838 0.9999997605769667 4.88032695485696 4.39312445474872 -0.7662357535804616
0.0 59.567482201333405 9224016.376716614 33492987.350372314 23634916.008363068 -1578.7997242651545 7030.045073228974 421.591589823938 67286961.3382041 806.5674822013334 52921759387.384155 0.25090746496532873 0.9996093568602099 1.8849081890724575 -3.1843371391684148 -2.3080126365889617
0.0 33.0114774546073 -15582665449.864807 7118869291.463577 5979934271.957805 -2975.356649727629 1205.267520440837 -215.32847883369615 64639209.90649827 780.0114774546073 39911098882.329895 0.09460440099646768 0.9995819467313256 -0.9059711405891892 1.71430782665052 0.47861487464446123
0.0 64.8825462380903 444830254.6743469 -28000399.59537506 -361567940.56230545 -1015.8339325321494 -373.4473362641256 -345.9045179206057 83224185.88004106 811.8825462380903 41567113547.32959 0.005063714736860736 0.9997646238890385 0.42512340622704375 0.028004387711271117 -1.0882924274709296
0.0 55.872274648188636 -16730485.835487366 13922870.24609375 -5590699.033269882 1948.1307654266566 3864.005314678898 -9509.359164969017 46459937.22408647 802.8722746481886 61496666204.033295 0.12241669291210491 0.9460394838669063 -1.1630336222331714 -1.899203878895224 5.102060671141809
0.0 38.32770032669964 8610584.17616272 5820645.039428711 -30013408.023659706 14587.434532798892 5498.607021537129 436.9611771815794 32455423.467511296 785.3277003266996 25792946695.777237 0.4448324761682813 0.999420451810007 -1.4718617618643406 -5.563088891900726 0.08002805046245509
0.0 57.2829935185182 6182201.538787842 70263948.68539429 -75572558.79981422 629.966443025809 4978.657375251571 8927.608490830744 49121324.709963724 804.2829935185182 36807962715.65134 0.04434619027631706 0.950898358145903 3.025627643906298 0.24975509749991442 -3.414218649184984
0.0 38.76384383884158 -50323387.379989624 1562157.067779541 91459760.67310047 1871.936524342269 8063.513460381315 -2302.279202379066 62809811.01678765 785.7638438388416 52177898329.58533 0.22683747532930054 0.9982869199465063 -0.7748905056884836 4.872952061081676 -1.7478295221137308
0.0 48.46397005846018 75769242.57429504 83248461.6022644 -44753063.89047694 8667.599596293343 3763.2110943406296 438.3892064329007 38025327.615079075 795.4639700584602 32017048388.993347 0.35858324829911054 0.9994624386261821 -1.5909598357506012 -0.9443527794107301 -3.6459659147891617
0.0 111.62371021554077 -59819134.829216 -21269484.908920288 -45682413.672575 -3045.3200757096893 6136.56908720744 2956.7445790367533 104944788.5984972 858.6237102155408 40265128514.85602 0.2522055915735047 0.9922819655680676 -0.6485356673031408 0.07460054638771467 -0.1418081307931658
0.0 38.39426863844312 14253164.929519653 21969848.494934082 -26970157.25879383 2489.9086414981757 5490.84921997914 -6026.167833474036 53135794.21382592 785.3942686384431 40991355077.92212 0.08080975911839317 0.9782208792778025 -2.2673700339463427 5.5935055045172035 -2.3898433751694323
0.0 34.314317862484586 -64973231.38925171 14079349.585617065 21672168.84145546 6463.750661593887 6155.9960120532705 -1001.0796645770736 61459623.889094405 781.3143178624846 44199303003.691345 0.2880573473313164 0.9979804922360914 4.229666780869616 -0.23138634983142747 -5.620991517405894
0.0 85.33922887778624 1539573.2965688705 -33874523.673828125 8264223.143200636 3797.882356663402 5338.65165519447 -2424.2091913995764 81313223.47742394 832.3392288777862 86621578966.91617 0.09847607937895707 0.9999794391889224 3.7527237708996966 -1.799635060794198 -0.17787984496375242
0.0 66.28211502743738 -19891011.251464844 2730961.5662384033 78083332.29499912 448.72668066227754 804.0830841792304 1581.7424854696221 69260352.29440837 813.2821150274374 25379812284.616364 0.04755579229574486 0.995184702321 3.3897315700813992 -3.662239421773494 -2.5449818129769164
0.0 109.06948653832944 41890575.652404785 -9268905.613265991 -175586437.2817545 705.7096776725739 -5720.862276204585 -3903.9116394875937 112131484.38603385 856.0694865383294 104004762000.10117 0.1654873856653578 0.990425992502286 -3.056855299032077 -4.844971461041515 -1.5961934489882288
0.0 99.18516521754202 14766483.709415436 5346044.929321289 -268769810.27871275 -2126.646220418206 15286.11595756861 756.431173645395 120216996.49693179 846.185165217542 31262321997.499237 0.4728160115218722 0.9999672256112964 4.150713286270288 -0.8370437235582572 -0.1921026908006036
0.0 150.38764407391022 26453042.089263916 53692566.06283569 -22780234.069178343 6045.397451900328 840.7326967976551 -162.07844906935554 110442386.71983795 897.3876440739102 124651171806.88895 0.11008535259040192 0.99998752449973 4.864879804623692 5.551267798601084 -3.769254617012704
0.0 117.2318287767796 -14201754.201568604 -19441330.57133484 -30454469.828368425 10311.207256841359 -3319.7672829845214 -587.895788836984 85532091.39845917 864.2318287767796 22284560616.887848 0.31801036343541966 0.9994824799592984 -1.7088877591921672 -1.5189561729058316 1.6825797549844268
0.0 79.71099013386504 99987531.33276367 -68413153.74016571 33633523.22870815 -3046.7017464778683 -1660.0434853085462 -1665.3046727313372 119445326.22202417 826.710990133865 81659531646.06464 0.050925628439576404 0.9999790635108161 3.433214825560467 3.907432547251882 1.81519469547503
0.0 87.25583602331403 -3505435.4407958984 -11680162.210159302 -27070552.847510338 1061.7540677653033 663.7273300879606 -4615.552269298256 99524067.77418126 834.255836023314 67637887498.42706 0.034109519511381095 0.9903894263574796 2.702253466535186 -5.045677842700373 -1.028965641830852
0.0 91.70492651882512 5555372.26473999 -8843672.62425232 53031708.824958324 2426.3489758029737 504.7237637951912 440.5212574097842 115100582.52999106 838.7049265188251 58943549612.80896 0.030258222083125536 0.9998761148150623 -2.069318007740839 -1.435777239301725 2.041563843865598
0.0 31.229520614862395 18769962.534332275 4160854.2141723633 -5557252.768292427 -1406.3782828003605 1090.6460482565717 593.6021689338846 34576599.936791256 778.2295206148624 38577572404.150024 0.05954509243848059 0.9994369766259862 3.5763044799414994 -2.6691412318822376 -2.9395913257556288
0.0 62.440115515571165 37467146.07418823 -9956570.238555908 14935473.619899988 2746.4749754438853 2931.3507136911053 -1354.2981031637405 69435252.11124207 809.4401155155712 78184170379.5315 0.05242325560186323 0.999553101234539 3.2922794455782016 1.37089592449988 -5.469509523997242
0.0 97.00856474058776 11065717716.583878 -9791141452.75206 -2642207130.7305064 -2200.3226982729684 -5903.284374710065 -828.7864791375124 73939808.75839469 844.0085647405878 21286069982.93994 0.2187707545191685 0.9995200707449792 1.478188603307927 2.642643076829637 5.428745951185548
0.0 34.27178446738651 -3225641.274246216 4558374.778442383 39969645.5326581 7944.825479634132 -1467.0101057266002 -345.2407633648553 28575559.04992047 781.2717844673865 30951659688.71335 0.2994167657329813 0.9991277018437633 1.432196841235199 -3.987884773475982 1.1097141797686776
0.0 84.37339001887494 48836039.948394775 9271143.080322266 4043504.4473571777 4467.230945914129 2469.472937889477 -7821.639607591146 68535638.72460055 831.3733900188749 71069119135.81903 0.14317179002280184 0.9652582260594489 -1.7512768434023602 -0.2560947072758126 0.2815258238207754
0.0 66.89865615871327 14176053.274093628 4720813.444610596 22297276.04055643 -7239.354661665304 -3268.1951688210247 -828.1420401636892 96947430.77498896 813.8986561587133 494515842.06469727 0.2718182859587249 0.9993304382706965 -1.0776374107913615 0.8038421154922057 -3.2306866918103214
0.0 134.2702623364271 40253353.49726868 -26254097.97213745 -56725935.498267174 -1904.6470119404148 7956.926671786405 -7761.277313879079 127762847.585971 881.2702623364271 148080716125.02625 0.16859428435270232 0.9765367525113905 -0.04431931812838297 -4.8735554583165985 1.8777791454367023
0.0 37.13030953977875 -4237696.38899231 -10151.07015991211 -16425404.776257515 2580.3115706897624 306.2972155045991 -709.7056401593903 30037490.875904053 784.1303095397788 52156410678.607635 0.19005612837558972 0.999474291396449 -0.9075739407732162 -4.050682069714222 4.181032924630438
0.0 53.2523248594257 13325688.254425049 16820241.714378357 985216.4228935242 678.0792773762669 776.7022484609988 5373.159872174897 59261785.90094135 800.2523248594257 37300848518.29718 0.03576575839293665 0.9864358304288328 -0.7723560715630646 -0.12610566383616384 -3.0057054103599734
0.0 63.62628527935442 7389044.201599121 -18511244.04385376 -17228555.74650383 -1781.2490349093714 8994.81249543478 4368.050318409153 58014772.75899036 810.6262852793544 32640400322.778107 0.19564166054103235 0.9900864869943938 4.135057014467449 -0.5170288011727145 -2.5484188042588283
0.0 20.743533971739453 -3129974.7965545654 4636370.20993042 27196313.08572793 8882.7879794453 7304.600371040775 541.1469198478983 27965908.27131194 767.7435339717395 1862582372.0230713 0.42044683572417707 0.9998967986902627 -0.9157493287447007 0.6807291304544789 -2.1595180825791895
0.0 35.76759121360874 23370113.454101562 1096552.9091186523 -10290896.576740265 7940.7356883822085 -5297.472687734093 -478.4549790018714 44669661.02076731 782.7675912136087 20858035840.80127 0.31423327605913937 0.999977483376707 -3.5962019079251064 -3.150456631067081 2.469555233295089
0.0 30.456965787154445 -1697946.5569458008 -18878479.492858887 9780488.982847214 9019.47749345553 749.1662962847113 1614.9803166560114 43225331.84362549 777.4569657871544 40447249289.84378 0.29914185462823883 0.9999475863267977 1.1970874299238528 1.9474879466543102 -2.5345772449978607
0.0 29.137183004680878 31826695290.915405 14335069943.921982 -2853415370.7829022 2092.060666833658 -1532.1203251092302 630.9595378164004 23140580.15979255 776.1371830046809 69643420575.43518 0.1139752129152707 0.9995067899547725 -2.298852881981763 -0.352869062839656 -0.05118406184929114
0.0 53.03973260388727 -21692910.615478516 -1067336.1102600098 -10684417.13223195 -1744.5675834223803 3862.4710909239193 34.70013781184991 54917243.68363709 800.0397326038873 51549281758.53693 0.02348986748333505 0.9998924550506506 -0.7776782848669762 -3.2235769933121246 -1.9123202639475188
0.0 86.487437434301 -15076157.01046753 -17662524.485858917 -82135073.25017357 9909.687518234918 4636.726681472555 -363.8644567251107 104762770.46562152 833.487437434301 61773450364.755035 0.10048228514898885 0.9996379127984474 1.0785750332351276 -4.585434542304121 5.842325018417556
0.0 26.98422090927545 12605566.187713623 -4933079.5891189575 35880361.80034065 2033.8377973730076 3882.178261910012 3328.3113359905847 27885466.165996794 773.9842209092755 48007812189.23056 0.1294863540147838 0.9994310696864536 1.13217082338582 0.9329983382236224 1.9601709277760788
0.0 105.9881617479507 32264014.906799316 -37400119.24502182 130726301.35365117 5586.994312123993 580.4085233113656 -1101.8717015026048 106764422.58889395 852.9881617479507 113740887193.0451 0.22360398330831932 0.998913280704642 5.834440664743852 2.9461157223091643 -2.5951566609748884
0.0 53.40446643365556 23811649.790039062 -4016856.6594848633 -50168033.618103504 3837.9792433986577 3400.4678369347203 1647.675106520338 57186010.48386998 800.4044664336556 61538294891.8512 0.17056218360915962 0.9988851159921508 -0.688310017762253 -1.719926186149114 -1.7479592012380838
0.0 121.69388698726254 17837119.408569336 -17103116.94328308 29688313.036608696 10948.970697952427 4045.5927148098235 4361.692724617071 128191010.72350834 868.6938869872625 33305567255.333588 0.34044140857978067 0.9886528522367034 -2.7211030160251415 -0.5094608183722389 -2.8246177175156526
0.0 26.884034235493914 18929714.34338379 15488051.58909607 -9441085.937013507 3585.7129429902234 540.1743615554733 -4.181816951017993 24618611.869353596 773.8840342354939 50971729107.15503 0.2217207815624165 0.9999106516974734 1.03960291711234 -0.8047933234707315 4.716081871583361
0.0 59.891367696346265 5061199049.686806 -11017600326.078033 -3011399232.146435 2009.0621472100356 1772.2149940630015 -701.259490241941 46513308.960389696 806.8913676963463 87720984329.38684 0.04066952077186163 0.9996101131587649 1.6924899096546162 -4.235972775628692 5.107287217349777
0.0 91.37710748343886 1946411.4078979492 -21436966.037872314 18895150.413763046 -4315.588921351909 1325.2224488745705 4714.155107324144 83045031.89980759 838.3771074834389 47985799902.01532 0.09601818478913418 0.9766715606816883 0.017133396081527197 2.172403244837739 -2.285928481102253
0.0 76.88461467183026 -23699650.751068115 199900847.68469238 520666586.1591244 105.22235331298134 -1182.0158500535035 1218.766205095243 77435035.44296719 823.8846146718303 21066279319.403534 0.04629428636983196 0.9970625300663326 -1.5117677882532605 2.2994928578360447 -2.655470386022275
0.0 64.81642422431776 9967003.403076172 -10114341.366195679 -23501543.61824751 3661.4431364659704 -628.3519945643202 -1334.2363069222788 108219474.31624721 811.8164242243178 92888182643.54001 0.043594785879191356 0.9998074620091215 1.9250286343317633 -5.81737156504132 -1.3020161263978955
0.0 52.25564929623488 -9258279.574172974 -3698289.177658081 -19648704.99125552 10640.75507880658 8260.120847181945 773.8351390289051 88990487.40611614 799.2556492962349 33182022370.884415 0.4149289269659894 0.9993469717946786 -1.3632120139326327 -4.904070639636627 5.501608901892013
0.0 60.08152766544731 57863953.10861206 47328177.47558594 32327154.401888847 4589.189291656548 2188.405138469996 -383.170615983711 69537386.41197924 807.0815276654473 70181854563.83643 0.20213707531231934 0.9999998326875327 0.7965634766014441 -1.1419701398879543 0.27274215375674515
0.0 110.22831970702009 -2825005.882461548 -3086026.496109009 9873524.53224659 -1092.8137887383818 2647.9049171905244 445.49218383189674 125959616.74549516 857.2283197070201 71489043334.69586 0.07584141523757564 0.9999027872150119 1.5687334615790007 2.616032726480352 0.13454817283686538
0.0 23.301152853839085 -5851454.890655518 -16157955.723358154 -8448381.331393719 6407.356779049267 -1949.4524757404724 -1119.2983935746638 24112896.014315695 770.3011528538391 33577408092.19046 0.2976356014366181 0.9996523835404069 0.8767420594727782 -1.5424216151667638 4.94633685964397
0.0 26.180470560485674 -22164467.648742676 29129385.675689697 9135126.754610062 4912.165137064203 1582.920674762805 695.3036650083883 20825751.617896967 773.1804705604857 13965082884.302216 0.20248292790053934 0.999877669741904 1.817920346604529 -1.9034429901849799 3.164367607045313
0.0 43.25674357579135 -7974200.225990295 23689074.204864502 -17384966.000986814 3157.6991901373294 -11213.37370516238 310.95012611712355 41722827.18133549 790.2567435757913 806993879.348938 0.4112207414328639 0.9995553282287319 3.437138774786666 4.362618937331558 1.2171836723008709
0.0 22.79504534038756 35004820.83149719 41133467.135772705 1442440.7411046028 5678.95664332002 -2338.971353220706 -428.98609936684693 18187861.70169451 769.7950453403876 34884360729.337616 0.24635939600412102 0.9997558321342751 0.288529512964925 -0.7949654672870912 3.8246089711660693
0.0 17.78823576242678 19126561.281463623 -19321870.984191895 16330749.81749916 -7798.877200409368 4342.139794854793 375.94384064573046 45466819.335004985 764.7882357624268 7156997690.671082 0.19335699960134578 0.9989463693884322 1.5335621058751552 -0.5764367012909107 -2.34656317613887
0.0 72.55915667421607 -20411074.80407715 21545162.3387146 25668689.00441742 927.090735185815 2606.946088834604 -528.3992735640956 70385898.23669444 819.5591566742161 66953069960.01352 0.12403509890615505 0.9953742998353278 -4.493650719345039 2.681158080069309 -5.682224782378393
0.0 23.11098170014691 -42845989.76272583 24389221.50794983 -4679401.068343163 10962.000929993797 -4224.848429449841 28.026610252170883 18474002.235895984 770.1109817001469 33997620183.180542 0.31519929875422587 0.9998729710585548 -3.0901769294410406 0.7378791119354193 5.648509517939191
0.0 53.22769526059892 -13248647.336029053 7340367.770767212 -10914222.979097843 1621.0301975543662 2844.3449747706363 -2678.900780282046 57619471.24856937 800.2276952605989 46179881191.66159 0.21934026376538404 0.9958579388687314 -0.09236918690241946 -0.5801398404405145 -2.261573347207781
0.0 59.87052624678677 27422165.160308838 16729789.770904541 -3057541.4958639145 953.3188086342088 -1031.8265987707928 -1849.45887206237 126991427.71921909 806.8705262467868 37828406450.76053 0.10087665498389298 0.9996819310344979 -1.0978209502876035 1.9955521395966778 0.8320149121202824
0.0 54.667875494623104 30136164.34893799 12174324.57359314 -35358039.42525768 959.446896754016 1639.2581107206934 -489.85490352351655 53006162.16971459 801.6678754946231 65761779915.661896 0.13035445889453867 0.9996167671419014 0.38435629682009886 -0.34009857351306416 2.069454865261604
0.0 81.3852788960728 -11874801470.095032 -51455288290.26938 -1799819690.0906744 3694.8123802129558 9242.273031749259 -366.3784958152586 89151931.82477751 828.3852788960728 79938157575.70193 0.08895408897035617 0.9995142356971713 0.7288439011781507 -3.1579191228287598 -0.8075296173640962
0.0 118.45753430765615 -15175927208.17775 17776570447.349182 4818269621.005127 579.1396641923893 742.2874397146661 599.2700889903265 110769282.51864174 865.4575343076561 92433709285.841 0.03648185705088365 0.9997388298922182 1.673775883901246 -1.0150794923946183 -5.661206387959959
0.0 41.411509847238335 22499405.160995483 55184963.82548523 140133642.04914165 5296.94943806704 3980.46891222004 -2401.3506167137484 36552649.06304187 788.4115098472383 55994910181.354675 0.22353041147002334 0.9989066306609257 3.484978530968311 -4.9729936059626905 1.9477300925541665
0.0 38.04294068973593 30623469375.824127 29970773550.490067 -3189674696.539596 -3892.9761555531563 -649.4463520614263 550.3309465093042 29336566.25325312 785.0429406897359 65123734175.43863 0.15261585816431059 0.9994975522571832 1.444243514368906 -0.789558809481718 4.6072930349492225
0.0 46.641726787051425 10293134.59841156 51041294.751586914 -32023138.322413445 -2739.274407949706 7159.140019933693 -1821.4035360475887 78607278.24289365 793.6417267870514 60990078829.40076 0.2656901038982622 0.9986179899759867 -1.293885503630959 0.12258250803386272 -0.43988376677830576
0.0 101.03548618897446 34738798.63560486 2290697.22845459 -14684064.412643433 1593.758489175525 1576.1566589698468 299.282646730844 84688999.26980099 848.0354861889745 64880812144.95215 0.010076477361799382 0.9999354843005844 0.048639330869407194 -1.7223899852024545 0.676059635689988
0.0 99.78385657079934 15008287.930719376 66816456.432403564 -4458370.6811618805 674.5777057613632 -1695.251741855267 2104.8998450358586 96348466.72517665 846.7838565707993 52827342655.671875 0.040515029813365036 0.9993701007839769 1.1396953607309672 -1.773717848062727 1.866721929756794
0.0 72.85346171723654 13419552.799224854 -39007902.44078064 -13971176.687528372 1316.8779897656277 403.6207438522142 -1623.6152489903966 108367036.43707849 819.8534617172365 31372230456.210358 0.02935778223211509 0.9987144346375826 2.3118023421503118 4.536865287050964 -2.7287921383974942
0.0 31.038011206245073 25504293047.945625 23413835928.024765 -3389003276.2513723 6548.718456969611 5581.532617288471 -949.6206084315739 24487854.761812534 778.0380112062451 33059719491.240448 0.32570910416156595 0.999250207196421 -2.2583979806659844 -4.452244987546334 5.585796961613742
0.0 105.16957375800075 25061165.373016357 -18832775.814281464 20756533.465324163 4614.569769136352 765.5902512458633 -2741.8492827422624 127489973.00819343 852.1695737580008 79924224604.85 0.08177270481899016 0.998314169341142 2.169331220640622 5.382814117087376 1.1954372355275937
0.0 66.72416932149827 4104226.9761047363 -8488396.36442566 -10616482.284616709 -6670.960568670962 -3828.8610905572496 -2254.22348039999 87544552.20319352 813.7241693214983 5308946085.93927 0.1005394202692686 0.9998700603326272 3.585033484649518 0.5444895212774463 3.1649367247571942
0.0 105.25184838942982 -9809189.280479431 28601741.07281494 -17116415.05794525 -35.27796782430232 3246.776951682962 -4070.511017725218 100990318.91367568 852.2518483894298 74226171915.56198 0.08786020365474514 0.9905809481832025 0.4156599690109175 -0.17184111484565445 -2.8067786580629432
0.0 83.00390645184518 1935198.4126281738 -138437.0326538086 -28794607.45810795 2958.8212918856625 1553.7107735641875 -1669.8815071739816 99784240.26692563 830.0039064518452 81292227128.7078 0.05903217554040355 0.9999977296046733 -1.5591341246685857 -2.0141875308345645 -2.6349766412199562
0.0 27.56412116816159 3332476.1008148193 -4159311.4216918945 5992153.79895401 5517.936005975276 -1096.2613871809517 -238.19044165808276 21800202.20758324 774.5641211681616 31823118137.84677 0.251570043090121 0.9993185812407771 4.015119083090925 -3.6546830036430062 3.5083623655083476
0.0 29.35170517878373 23916916.528656006 6642093.339019775 17464182.16762352 -3189.5508998454716 383.0442325715776 2709.8275948463115 38706718.4885564 776.3517051787837 69715037971.9961 0.06434407850660219 0.9994200903242775 1.9877492718726613 1.6388773627790694 1.2157877222691487
0.0 54.401478034143565 -9444831.82410431 -1907787.0602111816 -89885007.23277378 -38.374710187144956 5150.7484336855505 -718.8531232956825 65032225.4975301 801.4014780341436 54943116319.33316 0.19616193176549526 0.9965702368204009 1.5592082368831024 2.5038998514276924 -5.896442767589226
0.0 81.81240887922706 12352881.415893555 20291607.057617188 13127635.782558441 4921.648246762365 6209.067774146108 -4226.726672973991 63281967.58208384 828.8124088792271 46695047212.79605 0.24544123650713118 0.9969488003555995 1.5548031328710215 -0.23770925514987384 -3.0646773531534377
0.0 32.11052851529712 -10870379.1771698 17527201.163360596 -30854205.38319993 6493.985509653983 3877.7527132916293 758.3341980147309 25174226.73816076 779.1105285152971 23031310284.141388 0.2745424673063181 0.9993951077707036 4.12351929283607 -3.7789973636186955 3.246453724642491
0.0 45.34246849666465 35051424986.81534 -1473253947.8808594 -4153213282.715661 -2460.408183166328 -1157.5766889117804 205.5615114521031 35345149.108411014 792.3424684966647 76231260445.90445 0.06722371437487883 0.9995222787005271 -0.7302907309678259 -4.457786114560827 5.456203252146818
0.0 133.70903764073125 59072469.213394165 -46281190.982299805 13147896.921044827 2549.903467645112 5189.281761506845 884.0321585935435 123123137.89513375 880.7090376407313 104761649493.10211 0.14868605338362412 0.9986247340199295 2.142217236216056 3.113875887482 -3.612649330301867
0.0 69.77999254724034 -10797835.7550354 73868889.22750854 74302247.58352923 245.8225607866807 5515.3018520995465 2454.927906178023 58976374.92672998 816.7799925472403 59000147245.90939 0.15811811116971328 0.9982535547370702 -1.045831899552058 -2.261912483533285 -0.8120767018150465
0.0 90.55608160804343 33544046.15261841 -43136087.71722412 -3773845.5715385675 3055.950937930218 1502.8821784536958 -2595.986833820907 123917465.92399174 837.5560816080434 84521534819.58102 0.0679524572091222 0.9999832211188647 1.9473835937253878 -4.425897119583761 -1.4771027529777094
0.0 63.42339345763355 19378907722.431503 90241208661.73245 -2794374437.1180696 -9560.067668060461 869.0219272553804 532.244993196526 81724959.74179652 810.4233934576336 16545076604.234253 0.43719568347172494 0.9991164120846328 4.016600767984475 -4.467811613786498 5.070170270126631
0.0 78.36989067899447 -162043312.21588135 54696869.19744539 73053987.5644368 14907.331836660745 74.28100265932153 -870.6332484206534 92350153.50009157 825.3698906789945 14256553453.182587 0.4613217878616958 0.9989944483247631 -0.37724249555618883 0.3719005729783911 0.0427086973774875
0.0 85.53315814196026 6279112.75601387 21101568.366882324 14422886.372279406 552.2617020823272 4815.214281200396 547.9634290253462 75552599.16948079 832.5331581419603 54121273363.32562 0.04297026653784018 0.99957642462916 -1.5796091784405693 -0.5795277550902562 -0.487824525770662
0.0 58.63907770317951 52884255.36300659 -95879603.62145996 -65814980.154064655 1353.6819658309068 -458.83225938707346 -3011.3320368415852 101106939.43146497 805.6390777031795 26178465797.537476 0.049602850492003414 0.9996442714912037 2.840837756960359 -2.2186960515800624 2.643759423602569
0.0 20.60505051253017 1437587.6846618652 60526764472.58138 -2340099786.3321056 -31136.30341187358 9782.290738158918 1020.0310878053346 40854925.17345149 767.6050505125302 7322103865.579437 0.4308706350599555 0.9994251404267919 4.049272640682577 -0.6224628133719747 -5.978132987451511
0.0 92.07057760864654 -10311526.684692383 -19488672.48284912 42185315.35517502 -328.27344316622475 6855.525331316481 -1149.8781250203483 125018581.70547977 839.0705776086465 98307409563.31616 0.24140066171949964 0.999541878539813 -0.11713860461001468 3.505638962230077 2.501532581147806
0.0 103.25128875936446 -32293663.01348877 -23499341.19519043 -35797676.51577377 5715.8943887120695 7363.215240917521 -6314.675339960439 81648698.22396532 850.2512887593645 71277191775.2178 0.24559877240486988 0.9848254850051378 1.3908058600582094 -0.3660306794781433 0.28885263696788543
0.0 84.66135590565636 31666098.348831177 25750337.541229248 -65288301.02667713 699.8619359164077 1447.2890432177192 -817.5100246237198 79446884.97779404 831.6613559056564 75615621570.34766 0.06609085063779666 0.99569312539603 2.5067954409676547 1.6719338657850988 -4.837563406606369
0.0 51.67704702612821 13424148.94631958 -18036893.82938385 42031713.08152127 2363.308152709409 1681.122353722927 1972.4236999462491 60075908.0128519 798.6770470261282 42564001404.64014 0.042837335874373425 0.9993398310083097 2.182467603634138 -3.039961958411174 -3.3466495614608966
0.0 25.692258775492746 -35790758.78184509 10645006.76663208 38003943.42472792 12773.973575090142 5931.668790393032 724.3188862611693 22165654.611243956 772.6922587754927 6620939016.44986 0.49044555949403146 0.999736432412154 -1.28987409147824 0.8420375781457272 3.65916975649895
0.0 67.27208404776297 39194123135.62166 33650410522.764904 -2107535313.4729269 -152.93106552719473 -7663.566282827509 697.2736838951884 65217668.225843266 814.272084047763 44428594294.137634 0.025614273926309467 0.9994877648328457 -0.9257314522114478 2.3400257068994073 -0.03159905745774738
0.0 2.4271114243863394 -12832405.24407959 -9363160.377105713 -10487795.303599559 -4791.948912129928 1257.0389570574625 -457.2732534731031 47746492.41431494 749.4271114243863 13197121037.540466 0.02866274392019863 0.9997685681445032 0.06728770417800684 0.7429923551207924 -1.9719804862849524
0.0 99.31794737819405 -45662429.860321045 -36975068.22189331 36933735.97972107 3830.8688904408195 -3934.5629548585785 -2571.317985884333 119679059.1347939 846.317947378194 68129780687.00708 0.16347753619040617 0.9981495127698957 3.0802102814189816 -5.973939026683386 -0.5446443636845983
0.0 98.51201739899591 -16900481.09173584 8616889.154190063 9041050.809616089 -4722.794043916847 3119.2070409802946 -296.2722074094014 105162055.1091207 845.5120173989959 30997288972.712494 0.18871994182247118 0.9922079745271932 -1.1499386677728434 1.0855273089976494 -1.1258499741051102
0.0 93.65971352472104 -13159003.731506348 22905484.650741577 7158474.223917246 239.41150188730535 1959.3119585459535 1064.5710886970014 94257232.71599652 840.659713524721 85881739939.36926 0.08148733705776429 0.9996341171874257 2.120863761781496 -3.9436792162959025 3.3062982748087952
0.0 61.249731578721594 17879110.421691895 5893343.862930298 -6053539.161767006 1044.8623536198265 3357.1124007232247 4232.561715525855 64887504.174581386 808.2497315787216 58785149379.157745 0.1280524463557887 0.9999660878695734 3.340728076704962 1.475179237472428 -1.4087484917700797
0.0 16.060319897399268 29349225.441711426 -7918079.262008667 4178797.582332611 7409.0838085183605 -6120.247761488274 97.08082697708699 32343168.903510228 763.0603198973993 29994333216.71756 0.17250545917931714 0.9997643388094551 -0.28051066373652933 1.976120742170451 5.760336245433939
0.0 119.62411312603274 12956228.185302734 -18116749.429840088 -4471980.699922085 2204.3924300472063 1626.1816430641236 -664.5100364454083 90615889.03751683 866.6241131260327 55857192702.012695 0.04887773034357194 0.9999974830484846 -0.6566908913218488 -1.5424207436637172 2.0454237868009515
0.0 87.01442686464202 20064246.41316223 -428955.76068115234 59248290.303459644 1320.0501623381206 1311.9952794795572 -1658.4710254104052 91709329.29056703 834.014426864642 80594853186.3807 0.06042180771586467 0.9994024011905294 1.2951230812566172 -2.1646086993395706 -3.2831110897965368
0.0 18.43604805504765 22023368.447982788 -10377467.777664185 30384668.952809215 9557.524227239686 424.25941377511845 -653.1214181723717 50048572.91038503 765.4360480550476 34301117921.83078 0.2558945360516824 0.9998540744298037 1.9760334223373024 1.2845939308970336 -6.065681191348281
0.0 17.800367334499356 47828332263.10062 10070117352.924438 -4292962118.6850095 -3539.8559802389736 -3057.6035908623053 281.8730951407492 23582676.982945353 764.8003673344994 67383225532.600464 0.09832841176390224 0.9995455575115257 1.0710389937934923 -1.4320736252763961 5.023334390778887
0.0 28.739364140738303 18085350.259750366 5612886.20274353 -22837893.662878036 1448.7201729904627 5569.524608651202 -1368.0544390763134 22217246.562169578 775.7393641407383 84880771759.34619 0.2707186647871557 0.9997565871723506 0.7134941373159025 -4.735958539249467 1.6415950542893716
0.0 91.37849020981082 -56102140.52331543 1843769.4531402588 -107033674.08453369 775.9386207551324 -1725.9292695383847 5262.993817218841 119187768.26821251 838.3784902098108 102012241416.16565 4.383631201544669e-05 0.9793651567734106 0.6059728178220154 3.740651238455555 -0.46020470570624644
0.0 25.671715200224526 -20171570.665405273 10890789.8102417 5434047.260249615 -2402.038323384577 -877.7688056936677 823.3766260265445 20896135.000838894 772.6717152002245 28711240296.747894 0.08588706990720257 0.9996072586871628 -1.1905585035059372 -4.481272961998764 2.276203654611259
0.0 123.94658416796551 -63907679.983284 108119806.20425415 192309229.13904 1669.4486188027586 2897.9291621136254 622.9279217520136 82606003.96617909 870.9465841679655 78867008010.27234 0.044807689624584375 0.9960468461072257 -2.525706805739028 0.21030971912836072 -3.07595523469101
0.0 62.080018976415204 3621756.4654979706 -16536342.25125122 14032835.269753933 523.6501207108013 6192.9126804882635 -103.86887891466422 56896674.96257736 809.0800189764152 51146851805.91763 0.025717002567606506 0.9999999622465918 -1.1026882108569667 -1.9326408719267754 -2.2580582182243165
0.0 28.520078119073787 5806632.6775512695 -30829579.744384766 34134661.24132919 8455.788182099906 13419.481368336319 -539.7667630743128 26089561.741108973 775.5200781190738 601665002.5479736 0.5202774931447453 0.9987600535226681 -0.9027366685380016 -4.822742108793284 -3.4874836453529294
0.0 65.41029773444609 -316232613.77471924 112542881.22763062 289797441.6578045 2646.0515273537676 -4062.3211406600276 -3563.6946294445415 98415444.89709178 812.4102977344461 83714106990.80896 0.0858896757895116 0.995124656214604 1.335152040148246 -4.666023247345738 -1.8455190038690086
0.0 79.7464062794063 -45162750.566970825 70589437.98278809 45666161.47793317 739.3893457046306 -290.60055446415936 -401.73281728110317 77555997.08374949 826.7464062794063 44349488226.08383 0.07488892821764735 0.9998913736389877 -0.14219782134248438 -0.051659882303539184 -1.663859548281709
0.0 58.69596965526716 -31072592.648605347 -22776497.13482666 -100710062.50744915 4307.793665148922 1586.63095672274 -1325.0126698558943 115709649.84064184 805.6959696552672 71754337266.56195 0.06498163875536195 0.99999997245731 2.0346775999328424 -4.929905769140303 -1.724008609872101
0.0 35.85850536976136 10972634.553016663 -37215757.877838135 41359284.27434254 -3474.855656961161 -11225.305259436638 137.39324687838726 51287655.869752884 782.8585053697614 21563587865.42102 0.2757779285046203 0.9984241088404329 1.3161325650901294 3.1587392489234127 -5.978457656674511
0.0 151.92922963987905 -250154783.7639923 11225934.629104614 -7880421.0729494095 6721.668821343817 -5135.977491358482 -5065.159882860614 112594089.8985111 898.929229639879 127830245944.712 0.23311531302600805 0.9914009064036801 2.4035925216810687 0.48474757181188655 -0.32539965337647647
0.0 74.72595634099878 -4504826905.277191 31962870112.690247 3051812690.774515 7422.181279127042 4928.141866841914 597.959910551392 72132352.20799732 821.7259563409988 27829584709.485504 0.3742964556391037 0.9995593504899905 0.3903988188770353 0.6682960389626134 0.274677574701915
0.0 44.97660647509099 -1468022.215209961 2473287.1949005127 -36572647.25696325 11263.383306215888 -5820.964564241447 -124.50922056670436 44591980.535692036 791.976606475091 8857515681.287842 0.399210937890269 0.9998920763972213 2.4349562200441377 -0.1845012081545847 0.5408988206652161
0.0 52.76029633103576 -48391048.10510254 54878710.96257019 -14321409.7158041 4010.9484731866723 6775.506179124495 -539.8674183726557 68169002.14175892 799.7602963310358 49165900631.64676 0.3368426207213855 0.9966945450583584 -0.5665249545117168 -0.9087550620013266 -5.698846447027849
0.0 107.04297874471331 43333779.37533569 31989777.920822144 131676378.21203327 -2229.154983077249 -791.9593893563397 -799.1358108376681 95710141.06345205 854.0429787447133 93187078288.55353 0.12246836106740432 0.9982842573039258 -4.993034034081685 -3.9458490095010412 -2.4035222796183375
0.0 94.42857785815954 -543231.8231811523 -5301448.0924835205 -31692432.674764633 -2256.2408791336948 184.08923552782653 6666.8918526348025 90651578.79199214 841.4285778581595 45479812275.76956 0.013032150568784338 0.9645009978521132 0.7317284110176031 2.326181243579864 -2.4439532939824318
0.0 28.61602585673586 -1146675.4630126953 -11615360.190612793 13803914.993474007 6605.498364315783 3883.529484905197 791.6010384642684 36980446.311984226 775.6160258567359 41756100377.07129 0.2465125240878106 0.9997475989541676 1.5797172834795035 1.8305528080725337 4.047620181452156
0.0 35.9630929902429 -32399802.39454651 -4130522.877319336 26707523.875618935 -1565.9303867430535 6709.778075299979 -95.60586277150841 70682806.19576159 782.9630929902429 41124101334.48944 0.2497596697118714 0.9987611977876547 -2.547213168770132 1.5352468082572746 -2.019930939283002
0.0 110.36865263806976 12573369.95211792 20780205.232063293 29182087.07416916 5518.492909813405 851.4212936481636 -1114.7956108777635 121568073.78269556 857.3686526380698 48184740057.79089 0.14160054629545227 0.9891200596804979 -0.21311308880512203 -2.8138968203926216 2.9029843763664758
0.0 105.81864311372112 2435161.428894043 4288340.922931671 -32025159.11553192 -860.404960388068 2882.5099913728227 6812.828303413738 120394121.21288908 852.8186431137211 37706971195.49347 0.2955207219080047 0.9647655958178902 0.7128023745328784 -1.1562592997245131 4.214110635568671
0.0 87.51928132331432 -761066.892364502 2000153.9343719482 6737362.532520771 9134.381891442763 2564.568434266341 -624.2547796323652 87030280.07517913 834.5192813233143 60154674609.7392 0.034252188621558405 0.9999955936498343 1.2141830246884657 2.5151410479116665 -1.5558575326189952
0.0 50.93271949433688 29285557.466575623 -20845392.9609375 64116849.946312904 -3806.5879610717493 1067.2621988920273 124.25648397861232 98861329.75927436 797.9327194943369 79476594385.17795 0.2591967960214354 0.9999773304991074 0.001394380779460136 1.110548079705096 1.5409617498197126
0.0 96.38673602433437 29775693.497537613 -13117162.508789062 -7306622.440679491 5615.235841920261 -1547.9933630804564 682.8720105967044 124301270.02623771 843.3867360243344 146246987087.70718 0.3357019638955913 0.9999201061106819 3.1973675350707293 5.243395690576099 -4.431168632128657
0.0 48.73589203462075 -15397699.148712158 -14128666.226287842 -15012970.477951884 -1046.794423120189 262.8981584310859 1586.615981966764 92825739.01370956 795.7358920346207 40464326970.84604 0.043336092817595886 0.9986753069536507 2.085115692634159 3.06088938212158 2.6966245991251228
0.0 89.24348581306265 9544819.0128479 22937141.733459473 -10834211.519910812 -1394.4089815315238 -5158.243588436637 4889.503528064522 84434695.34587461 836.2434858130626 19225435507.419495 0.07467665911838622 0.9890093710438346 2.611605840573497 5.194468262559145 -2.123191745040606
0.0 13.834774894635643 12348365.377090454 -4772382.672424316 -12945426.988082409 5018.960593715106 -5656.03692819905 -332.7764181618106 29908697.223398793 760.8347748946356 31653653002.09482 0.11426485469397188 0.9999951022694237 -0.20362215060504707 1.2822627504644908 -0.18259562409846497
0.0 149.7931228236722 -8223804.864685059 -20528945.851371765 30164519.134085655 -1254.5753171977756 -1578.4814469892772 -4806.801498354132 112734724.33872981 896.7931228236722 121098245421.74811 0.0756235450938446 0.9817769363228994 -0.4914685409845195 2.198947358271961 0.7774087784013356
