Label M_f Ep_x Ep_y Ep_z Ev_x Ev_y Ev_z t_t m_0 |Delta_a| |Delta_e| cos(Delta_i) Delta_Omega Delta_omega Delta_theta
0.0 0.0 54026038.90450287 -4731287.712539673 -12901779.023427486 9991.651786559058 13499.423464451598 1140.5166465780924 83985413.17657211 747.0 38382689489.46008 0.31869791333932973 0.973147478094579 0.7324462134060549 -3.7908795481531667 0.7365034646661124
0.0 0.0 -13594155.153205872 5736877.680023193 -5034529.47842598 2444.9675037047273 1185.4381082612636 -723.959032934795 33047993.711965114 747.0 62950838261.408966 0.00880128901133019 0.9953750721534674 -1.3230257074417697 -3.2012295386623126 -0.23744828426871345
0.0 0.0 -4348266.982223511 11003668.838287354 -22679793.367767334 2731.0717968217978 -717.9333302776577 -766.8677804257497 25347649.3826098 747.0 48389955129.61313 0.0038951218682508337 0.995446525816658 -0.999264903950478 -2.6559987989280307 2.5189149264861004
0.0 0.0 1751364.953262329 14599857.980163574 -2980761.128744364 -2299.4869125913683 4027.5073459370496 4176.891594237509 64381115.4145207 747.0 69063987396.65012 0.021937144024315028 0.9869591594148318 1.4921418392372061 -5.150054706399812 -0.9623447295735326
0.0 0.0 -4531832391.959007 27474656791.08435 2282581424.0872245 7258.551354607127 6860.031963501399 757.416009495735 76128201.58999534 747.0 85975232895.76596 0.22957793203825 0.9997729561167692 -0.5667961654995142 -1.0571845216927538 3.6577365916496345
0.0 0.0 -14029669.791175842 22871950.34790039 -12615166.396666527 2959.7263517115825 4309.650759108769 -914.9294732493595 100932216.75796708 747.0 73106102063.59695 0.07027983885799516 0.9975376786887056 -2.0182828275473184 0.844906442634278 -0.7001209110765871
0.0 0.0 4229697661.653961 16579636613.66864 1273097538.7929742 1018.3732209201298 1284.6867980320112 796.5721406707609 99594540.17227745 747.0 66638467657.00571 0.07823156107652432 0.9991712321732299 1.3316574921061939 1.4856627988839477 3.8502080488181027
0.0 0.0 17172456.365606308 7621218.260955811 -97709168.40797997 1776.8573643655 7802.850861955925 -9458.76895139594 113287665.3579486 747.0 258307556783.28384 0.4857333479581228 0.987964182690925 -2.967546154472922 -0.45296205269024403 -2.8045385831843292
0.0 0.0 -4722003.061401367 24787431.57220459 38421123.18441534 754.3128831425383 1079.4988139521101 -481.3437471895853 101802912.30797122 747.0 76070434693.3735 0.047088663350037585 0.9990409235625363 3.0289299397216567 -5.1658658813864555 -0.49337117824688426
0.0 0.0 12350988.74142456 -17800421.480270386 2697441.4160199165 4474.271600441854 -847.0303255851559 108.6598137112872 32750909.021474194 747.0 89108294796.84735 0.04543357968502597 0.9903756478175072 0.02576737094723036 -1.2130645020708357 1.3119804677834381
0.0 0.0 7376914.665878296 -16819334.694458008 -55456850.50840342 2660.1583188185396 10757.167649383831 704.3833243522309 27147347.54551602 747.0 64778498662.19809 0.14852359700943032 0.9504529247098376 2.6499922858838487 1.3901580642656621 -1.4669468907196574
0.0 0.0 145261938.0582428 -163022531.95057678 -230224986.29871178 -6241.961491080579 4362.187715250437 2750.8727594476522 117511828.48335838 747.0 72297271276.81815 0.06261358977648104 0.9696594998908291 1.2977743599824292 0.525484553071041 -0.5086863990995989
0.0 0.0 -18291258.448677063 -38323028.34957886 -25961444.253964424 2768.3682172380322 3958.7916015355822 2792.983402251798 79331408.39745691 747.0 56852479293.409546 0.050232965084439515 0.9994565401380513 1.856578563724272 -4.140004406774976 0.14493664379609467
0.0 0.0 -35744192884.44144 63442434.220184326 3250647070.2204714 668.7808731257796 2153.870706978836 -546.0583588292317 91714953.65845174 747.0 57310673827.31299 0.15223687529525168 0.9990864727280964 -3.1024139243660835 0.8127212809983232 1.8431464300607394
0.0 0.0 -37285376.216430664 118496619.85597229 154911177.5060587 1380.462597828253 2559.89749534359 443.658861956681 114403774.33127198 747.0 73809275960.53699 0.0071475441135414874 0.9999894695601976 0.9449686440145333 -3.3682040484449094 0.766227171185142
0.0 0.0 -825973.4060668945 5112835.0495147705 -24589041.72072825 5200.62136219244 2396.242246632115 -677.3135238613073 80351543.5182867 747.0 114644874560.4302 0.07438157655649127 0.9970873475410985 -0.7089532809833066 -3.4564848398786836 0.06520389609701416
0.0 0.0 -24146804.850997925 15715652.823928833 -34381489.36632657 7023.445106094276 228.70557345374982 1074.394228702129 56642522.391977414 747.0 102357002089.50475 0.07827425995483289 0.9999997783021223 1.24587198249113 1.181804905053911 -1.2207767452804392
0.0 0.0 7473466.07421875 53360006.363220215 29596790.74980259 857.5390921585495 2435.4145515819127 628.0756892436038 75625158.42644264 747.0 64380297198.28964 0.004350448942226914 0.9996008657380163 -1.713238268132384 -0.34416353325855487 -0.5857354051169448
0.0 0.0 35021147.413864136 -22554266.766952515 -31680466.961385965 1996.6096567761342 2831.2849681071275 493.2033801114052 85048206.53413936 747.0 47081283671.53964 0.17341715226254592 0.9990852492191384 -1.621465032286495 -0.021268180491491595 -2.888169701257699
0.0 0.0 -13448042.464813232 -19746549.09398842 -29669576.24683571 1369.9245085365133 3433.92764794956 3044.8873585680376 35803202.6286043 747.0 51461212355.622284 0.22097235571741636 0.9888129898696663 -0.14827210312574923 -2.733048742309162 -3.76334093247936
0.0 0.0 10551180.335281372 -48060296.82373047 47167724.99486256 -3050.342060665869 -378.70306249644636 352.4019401802208 78381026.19214709 747.0 139977722332.42743 0.22219944017069787 0.9597202479761159 1.6781259643647055 -3.6254977967819952 0.20999621596564103
0.0 0.0 14084215.001617432 21517147.242248535 -49678185.08146596 4938.304857482042 1554.0847051475612 -1047.1208187869645 121505503.1350827 747.0 74140126689.7583 0.133999216895553 0.9994596229451636 3.6174479556677244 0.4613866474229784 -1.094175562565089
0.0 0.0 -59679492.63633728 -9573558.773651123 24488184.632481217 3075.4425981609165 2014.4656212013488 -651.1466973101366 29644057.282733 747.0 27977147275.42514 0.10154886356861723 0.9998133190998153 -1.2456997418213773 0.839906099051851 1.011096757269337
0.0 0.0 -84214241.18045044 1603557.741821289 -229994261.51074028 1987.1899491307668 5724.300440130768 701.188037936787 122572423.0731546 747.0 83452087688.42374 0.10452884999380635 0.9917275062979337 -1.180180794227986 -0.5199853123525793 0.7340815457365615
0.0 0.0 -4193254.6965942383 10600012.645843506 -28644146.554196358 -691.4267684926454 -1466.1104329551329 854.5550045843881 88616713.03127664 747.0 124639526879.05774 0.1375978821196871 0.9999746318908297 4.415366148728437 -1.7533013656033463 -3.1203099460436103
0.0 0.0 -19097793.62576294 32585885.462493896 12366227.02295494 -7468.554637506859 1537.8250639870494 680.2453852219221 107326539.74557976 747.0 13677575268.524078 0.29757041626830205 0.9999898451212423 -1.7220725990984893 1.4176283240897738 5.3059054985460525
0.0 0.0 -173355.79434204102 537818.4664764404 -3848172.1471767426 -725.1423018031928 1875.1954897051146 -14396.959786959089 48801320.005082354 747.0 577339966275.617 0.5559731828345302 0.999117992603896 -1.5713050509318789 1.8867461404770687 -2.3413380967459805
0.0 0.0 -23264690.594818115 -10523838.568344116 -30726466.80057907 408.15051762989697 -1093.9501137964544 1415.032699449176 74692717.61917995 747.0 124647861892.61703 0.16136374165052192 0.9995681162577245 3.6038573097454725 -3.321990484863178 -2.3177503265881314
0.0 0.0 18308838.48184204 30898344.195861816 -10287669.597244263 9984.636887472583 4093.5470920456173 393.70753212748116 50515709.587183885 747.0 138529886294.46878 0.26615984050057595 0.9969114293091109 -0.20623413747470987 -0.9705460595716427 -1.8211325957378734
0.0 0.0 22255175.128932953 10530799.466156006 18389417.62537384 -1079.8717674254003 6084.963638509122 -2046.4658776210304 51056371.22579389 747.0 83631123411.1969 0.07525329454549826 0.9979776671734282 -3.183417022954149 1.0177558537416194 -4.200625096491365
0.0 0.0 -8425770.264648438 4308247.336181641 -2906015.714887619 -3380.56405194702 -1134.8813913671584 -5840.313040812748 87973882.19752482 747.0 239871884969.236 0.44883507723378663 0.9999976311436167 3.026398165922624 -3.7175961367795853 1.2571413191184169
0.0 0.0 -8054104.153427124 27203025.975860596 -2796396.1912145615 3638.282613478179 -768.5722226256112 -2134.620392667626 127463386.92898168 747.0 113388749064.5213 0.11439025711024714 0.9995315963065673 -1.2825321201437359 -3.2445778240297214 -3.2723520159623405
0.0 0.0 949431235.4452591 3528573892.3897095 371361553.2905489 1995.6448263981838 5515.864234514143 970.3122562004735 55893515.49495006 747.0 80427514442.76382 0.07855058806262147 0.999495542072536 -1.6003118591816923 -3.066914992148652 0.056442677247410034
0.0 0.0 23172778.66519165 101828264.95301437 2599588.8812320232 7570.538470475915 930.4337021871979 1693.0873144078696 26273463.902452175 747.0 151998555403.9071 0.1291717786026537 0.999926155041642 0.9760417115542845 3.6931867219916 -2.706095001408949
0.0 0.0 7576511.559753418 -26148145.604743958 21333184.7736063 2355.3356168829014 -3189.284510349975 -521.2223966024252 110909244.39097087 747.0 96134434232.29233 0.21811071557403977 0.9830571746286437 -0.6995855560689486 -4.142677070454036 1.149477612162446
0.0 0.0 68813506.31884766 -78009847.54360962 93955283.73195553 -2003.0325566377178 2452.3065663302104 -60.48738456308547 76510671.70022647 747.0 69196575471.63129 0.14436992893691158 0.9896996498254864 -1.3928446848897487 1.270900283941039 -1.454752657277615
0.0 0.0 46705364.8968811 -24126816.89176941 25414655.46906185 -2423.5295559643055 2839.161375104577 2062.3200477276955 79716839.24884063 747.0 51636095899.476715 0.001886760670811033 0.9999994425483341 -3.1376877569999095 0.6052749564376252 -4.015644606002633
0.0 0.0 -28745417.247817993 -14059932.854980469 -21220968.952533722 899.5906380451634 -242.68660782390725 6670.574329361437 97728706.37233509 747.0 144219316325.6636 0.18373468962649053 0.9729155164970686 -1.7989736500267948 -0.37340550638442993 3.5727616623546368
0.0 0.0 -16210269.061126709 -16689211.369140625 10951420.373994827 924.453605958879 -4716.931619543825 922.6631517615494 116760800.47134314 747.0 73737637950.87894 0.10977585613192624 0.9998478690038989 1.6011384098618957 -1.8459574275041999 3.2665137971928924
0.0 0.0 143336938.51844788 -104469856.12942505 -111328748.61216116 -437.79569099492437 711.6177632398371 787.5001153165065 103450818.98434179 747.0 80531222887.68295 0.09409744334059146 0.9988021532251109 -0.5368376515738867 -1.0601994970650392 3.4341318019229052
0.0 0.0 57599257973.24138 12668924869.336033 -4317888082.699705 -4240.509244955316 -4443.141687013027 450.9686737544129 28721456.657600492 747.0 51079562770.922516 0.06281726342411191 0.9999314653085825 0.5581258479333135 -3.106758413192872 -2.4991392751718378
0.0 0.0 16357282.917480469 16266072.918014526 -3650115.351348996 1621.5565225215432 4599.946448277482 -315.72665091153823 56071587.859991774 747.0 87035153649.62363 0.016810195638811518 0.9999982508567508 3.5033498728330112 4.292758910085761 -0.2822831342095157
0.0 0.0 5027281.4900512695 2286942.250175476 -10180492.02614975 4287.1191017590245 3543.0183028520987 521.2609803208671 119900565.32186116 747.0 93707960160.00275 0.14973381650147302 0.9957505970515904 -4.071039980822868 1.839130161106615 -1.9946691665770664
0.0 0.0 3407637.3218688965 5176965.618774414 19945589.537093163 3575.4760573566928 4698.151230754564 2628.171454687318 46597560.84748115 747.0 83321992234.81415 0.032829423044935475 0.9988322427727331 -0.7027761286086247 -1.257954492121116 -4.263547999832984
0.0 0.0 -10529751.455368042 15219985.710540771 -79825016.19964314 5296.561656107435 1974.1052325076344 -4631.959694247143 31530804.541560553 747.0 17992536479.76242 0.08468665085591218 0.9993204417051377 -0.19698310731675406 -2.038577910484178 2.193188408822232
0.0 0.0 -78423952.24528503 -47004228.25390625 77240463.68596244 -2698.8345060917673 383.50434882986065 915.717906114684 124866865.69495286 747.0 87311296186.26027 0.04225888250969242 0.9936904431772124 3.435332298347225 -1.6230570607312345 -4.600046714248405
0.0 0.0 -29725022.161979675 50280741.830322266 -98921296.52253914 357.33202388079735 4259.91182793812 -8018.617359970289 84478866.12898646 747.0 160071221718.17978 0.22566940772363803 0.9789420772282172 -2.0295919925242067 0.5456103136719177 -3.6823837138123388
0.0 0.0 2861942.8250427246 -11243226.286590576 18425860.018454313 3473.5334802010184 1115.1670770432247 250.02932543407982 29413670.938277766 747.0 76984132114.6301 0.06674221836329026 0.9967225003376724 3.3621145739526033 -0.32456855984943633 3.7023486298032946
0.0 0.0 -177216840.56829834 -96492148.3339386 -12349524.095878601 -3365.9277165981266 2679.034298324219 -512.6983375317837 81079776.43639034 747.0 45629713443.24902 0.20167383224071544 0.9999930216824983 -0.42943057305628796 -0.6683151656192154 0.3559987561668412
0.0 0.0 23790553.221603394 6684658.378173828 -7663416.687782288 6183.8759527443035 -1187.2797705338235 944.1259551840382 129330743.60303307 747.0 46147481879.81653 0.13926076315115293 0.9948287917934101 1.7068796324493627 0.17713663702540844 2.9111784049945553
0.0 0.0 1851930.2125930786 3567841.81829834 -26627835.154928207 2411.117490542212 1428.379132013526 6251.595854285584 128572084.17580962 747.0 108526791884.28961 0.16607613568929253 0.9816072788231744 -1.4453938872254029 0.17969187568305323 2.9776584015081715
0.0 0.0 15011498.24887085 -1940380.7938537598 19945740.41872883 1.0858520850197237 -132.8952132585573 3683.395757892434 104893985.39998274 747.0 59685666178.45828 0.039971688314502124 0.9895374547874043 1.9856905859301581 -1.709205918642793 1.7904831458751302
0.0 0.0 23001526746.61891 27112027470.137924 -2574964693.237163 3992.411568095624 7572.026587600454 -256.0095112792804 20150062.536809746 747.0 32949984383.159393 0.2623122470938748 0.9833782893681661 4.813320599204118 0.2762190313891 -0.1629786081508766
0.0 0.0 34403534.574157715 -17879622.74205017 53860084.3231715 -5366.3903960555035 2705.0209576792877 1388.220354222203 74029687.06213814 747.0 1128454859636.977 0.7917329624075768 0.999999051201017 1.267179782352465 -4.0444302962939656 -0.23136809265858857
0.0 0.0 12662912.068538666 10431634.079559326 -26855557.217289686 3756.768661265138 2835.659543661458 -1178.8107534227229 43655357.84572189 747.0 55949676543.7113 0.032562579024176565 0.9983547405398011 0.08098063456122373 1.6263297308169145 1.3306578023229831
0.0 0.0 6875150.791496277 15053384.427612305 -16090706.811428547 -3810.4559296858533 7738.914133187683 -8295.592516029581 54713139.088550225 747.0 102785112461.03046 0.06739876932325592 0.9747603088391236 0.1403921686976788 -6.073505265349555 -0.13952695231351211
0.0 0.0 -13255388301.596241 37541847474.77188 4043658957.694356 6564.604727409351 2940.0163989309935 561.5619107916671 71471153.90299112 747.0 59733821427.46735 0.10186954599190268 0.9970931457470228 -4.488797840994894 3.204067741560954 2.9662844520285594
0.0 0.0 6098423201.697998 6297160840.659927 -539510857.2365178 -1435.1936331099496 -361.0907097012823 772.1052358580096 18708808.148199614 747.0 66023189711.1629 0.027717446615132174 0.9999135661891674 -1.1915274536210485 0.5342754232996174 -0.39189848669324023
0.0 0.0 7768151186.4183655 -2616479384.24736 -2640630766.9217587 2369.306310852706 1648.1494321965183 188.1825470484007 58806652.31636116 747.0 90926428668.27083 0.01676368283647693 0.9994471842441481 2.5982402415544144 -1.2905017097171887 4.462590106394284
0.0 0.0 -51487699.72521973 -9203854.776992798 52253034.509709835 -344.16212006560363 2295.8940839906827 -923.6699164629961 61231760.81869328 747.0 136428699666.00809 0.13375017829171187 0.9984428944886726 -0.31355868536596443 -0.2560706285190171 -2.5709609535631603
0.0 0.0 -19240285.38822937 -10208148.320877075 20124793.512153387 3130.926336559751 3999.0623703926212 -799.2002154576152 98302634.71571924 747.0 90253195538.34857 0.007508279429315992 0.9999633888413754 1.2865730520850873 -2.983830058207931 -5.838650140004562
0.0 0.0 27104947.07251358 -760951440.3690796 707835482.6373173 -620.6805192326792 2545.9295181990383 -667.7510571710818 106618422.49213605 747.0 92770038105.55746 0.022750193263868054 0.9999378522853541 -0.14803950099374452 -1.5274192560404103 4.091896700589723
0.0 0.0 198496142.29353333 155969622.72195435 93850907.288548 490.49914417206674 2166.0939632228 1640.1347408462145 110180110.5745411 747.0 24640921035.413055 0.03983439807385605 0.9996876122811843 -1.9503083371520717 -2.519306952680275 2.2330387786239507
0.0 0.0 49548078.163375854 34532478.15188599 32474431.40651822 -1654.1959938833425 5905.265714465331 486.9669129800359 52683681.2448392 747.0 119315117057.3934 0.15982357143761394 0.9999327232303735 2.554357006854892 -5.402517617195051 2.6648161095854483
0.0 0.0 -13785486.386924744 -19386720.342559814 -32553975.46197772 868.6994927381893 3206.8900844475847 1419.6733776298747 109711651.8979548 747.0 65061498072.52161 0.06361711461006536 0.9999989556747327 3.42220021015408 0.6906921971685109 4.039780570450551
0.0 0.0 30316895187.264374 100363642212.90921 -1169497645.9013355 -6044.769272696008 -10678.798590595674 416.15524941055935 81884502.86211836 747.0 49067146486.88983 0.26384576483502453 0.9886235798416063 -2.552660120434977 0.9017821643759462 5.319932112621522
0.0 0.0 10668877.621976852 34735209.43545532 32787176.797399998 -767.4649033793357 1545.2309719101238 5534.53535032797 116387865.3629415 747.0 80235841695.86502 0.27009010202518924 0.9971655057828718 0.2004807891769047 -3.960918775250572 1.126232535314702
0.0 0.0 -15291990.036430359 -19164707.02697754 51915008.89032936 -289.0073202027197 2772.1402383464965 794.5254713983343 118111918.79806165 747.0 63908849012.32837 0.01840390028567844 0.9979770361492952 -2.522743959137653 3.2938950995595966 2.589349177280824
0.0 0.0 -20622649.281829834 102154223.38918304 21524109.692714095 12434.501134913158 6465.04423460444 1196.4562606276513 42376317.202424586 747.0 127070929244.75058 0.18222643654260268 0.9790945580471385 1.5042891064445245 0.38959219041427984 -1.7882795855525184
0.0 0.0 -40756773822.91971 -6083403695.507103 5835675676.018173 10293.536107517773 2760.4637643571587 -535.705824612338 60941678.735920206 747.0 58069809576.75696 0.14419351444908912 0.9968369529491253 -3.877235683561003 0.048221941047587924 2.8560953638286923
0.0 0.0 -27284484.858398438 16131144.948608398 24954145.493746758 2195.8354202671326 2398.856703498037 81.09601179125119 59185687.87971433 747.0 146845263562.44073 0.013661789372511182 0.9997444297395954 2.5355676590851224 3.0533694479211584 -2.6892311355932854
0.0 0.0 -5587281.196456909 15838877.937805176 -35938525.30903077 1554.3538690784153 2103.228340586673 -141.20432471751863 115403443.18318622 747.0 84014048162.98737 0.09025746658565717 0.999954362786814 -1.5854397179428426 -0.9488050924628733 -2.9337185993227317
0.0 0.0 -3157384.935142517 -49734770.991607666 -33346545.735869646 -1655.0662404099203 8280.668632255778 1283.7199452549066 95127897.30320825 747.0 49827255852.23871 0.23564887725113026 0.9959210585233308 -1.996183000716043 0.38789922373974706 -0.5962684686869761
0.0 0.0 5058580.5117836 -21290654.599853516 51391837.08071709 -1898.0107560225515 11104.385887577713 1720.672197751609 114962784.89341794 747.0 92543770783.75143 0.11127999099440454 0.9761089949919487 2.9080938189470342 2.3034295921879373 3.8566429593867104
0.0 0.0 -23920276.61404419 -2227573.3500328064 -31181121.577750683 -1214.0713371029497 1752.2633420142665 -74.84940735226971 50230275.61525933 747.0 96753125079.55054 0.06675285276712506 0.9854071257973298 2.3567306273686834 0.2759923260527666 -3.305835964298458
0.0 0.0 378538835.1372986 -405097615.6416321 -254932868.91090775 -4291.463509744595 -2096.0467637823604 -1494.8836866992283 98763051.33623292 747.0 104139753721.14545 0.13213340418948258 0.9948048643667029 1.4966066906459026 1.1651992023209667 -1.0038658435909795
0.0 0.0 -11516252.764953613 -2149106.142341614 -48272872.80783391 8457.134672621374 -1311.2956852759926 803.8858129112507 22687871.49706424 747.0 107188255118.45792 0.07341555819938442 0.9981386590026331 -0.4973991238167432 3.3150507050968963 3.097734365266435
0.0 0.0 104268035327.1751 34651980544.57091 -4982289780.411196 -11563.837235400424 14962.48850343548 -27.372809293005133 17590214.30815168 747.0 120796235589.4497 0.07554788936752585 0.9972978872591429 1.4351197068431942 -4.712258445214772 2.8337205477050205
0.0 0.0 -56382374.86740875 28341482.65774536 40014744.508404255 2282.187336242707 -5257.539108971727 1983.206770494412 115604462.7308265 747.0 71640149912.69012 0.22839972056102018 0.98753493746664 0.6664349469858888 -1.6017598347996906 -1.7287477781648535
0.0 0.0 23122.483688354492 15704431.687286377 1019131.907658577 -5940.868720631443 -7690.771217788155 -1823.309603431904 26045145.482148938 747.0 93095733508.66724 0.21782087989192345 0.9908539295960873 -0.6448922940890817 -2.507978168846729 2.388744828805555
0.0 0.0 33769776.541820526 -168495.17712402344 -42056521.14091849 -1274.1953767805499 5751.807002418116 1822.2415168919326 70663958.14852816 747.0 83093599232.84418 0.14376984594503833 0.9885391950981758 2.8611943049151947 1.9001363338330504 -2.098473030307767
0.0 0.0 -43201918.25137329 -7019533.604248047 -20377850.49407673 2121.47655987544 4138.82692292297 -1775.5370890595946 59469828.9922107 747.0 65458969864.95758 0.09553050595059062 0.9974211827173246 -1.1544263448679402 -0.18964243256305613 -2.828952114184091
0.0 0.0 41199081081.44418 14985595504.246449 -3494212571.364378 -726.6868810572016 -3282.525198720905 530.2956403979214 34482998.46473122 747.0 87267803129.50513 0.0630585670981617 0.9998396904918855 -1.6311605918299579 -0.3411032031264276 -2.0035107554973246
0.0 0.0 5866401.86428833 -1486768.2603302002 3823920.3848228455 5221.058602824538 -3999.2632110749546 3214.8242529599293 101286501.42495286 747.0 220866811497.22217 0.31118875938961843 0.9771022322656858 0.7433479553673268 -0.6469660800926853 0.7538771575500143
0.0 0.0 80797361.28115845 -48386476.51042175 -36581085.36862564 268.4880461689156 2447.2017438137627 3661.3367510369944 69112018.11771607 747.0 82170331622.60684 0.12754057585564893 0.9986608795482776 0.8601262844837151 -0.7108937155601363 -2.52798898746581
0.0 0.0 -75692323.78231812 -18696537.534851074 -92462682.99864602 -1180.3419855077154 8089.092087188859 -1645.0071776108373 57702635.19551978 747.0 104921557480.30872 0.23173376291118045 0.9959802925471715 1.7455174727228726 1.306030107047938 -1.2113165379332347
0.0 0.0 -13771874.438102722 -47281820.43634033 -25219526.528931618 -935.8001515081087 -4134.0215717476 1466.7113038991736 103094157.61380558 747.0 112562016166.79025 0.026357541060940973 0.9999287906294452 1.7197698731691338 4.215946464997881 -3.7825879087718506
0.0 0.0 -6745177392.826302 22171026527.34738 3724606737.3278894 1083.0851478964323 1367.4971636434998 609.4524543406316 113637892.21627574 747.0 84185575111.25061 0.050379094982535004 0.9991367413146248 -0.3196014266404159 1.176123781341619 -5.014921797660149
0.0 0.0 -1202551.917755127 18146662.707000732 12008896.417001486 5570.7768276265415 13007.506531530657 812.5132336337892 72900399.83077465 747.0 118332071134.361 0.1393993708780851 0.959693461032058 4.0762327064195345 2.026476305993998 1.2135523172353146
0.0 0.0 -338870220987.7362 -101656121499.53836 4256753594.607239 15873.596301495072 -52245.614436546275 -570.7373004900678 21826284.231415443 747.0 85744450266.66129 0.1518374142099002 0.9997992451991161 2.9022119814391205 1.469388349774851 -4.286179169011383
0.0 0.0 30371326.335388184 -43599767.86508179 30336141.52297592 6339.128362734133 3092.4587399502343 -1005.0645143315385 44462204.64949426 747.0 114721257981.66956 0.08883314789676132 0.9999560096926715 -0.16499094797193115 0.17954646000096597 -2.779111354545835
0.0 0.0 -23245761.754776 -11420968.250152588 79098128.74364424 -1218.0286702922822 4885.412644005629 -298.88870722940214 123444520.56081519 747.0 98030139577.96686 0.05119257709135393 0.9938078510200402 0.35728336605609196 -4.2705633038224695 1.1175703707302105
0.0 0.0 99404167368.70776 72023688274.71512 -4477223969.13434 -7705.489296173888 17903.138231483492 -14.619029378980239 19535256.282498453 747.0 43600473914.815 0.14095064814449562 0.9840042874403033 -0.5439498330511665 -0.15666028800265117 0.2776681945317616
0.0 0.0 -26291145.918693542 14959489.091186523 36080645.59684181 -497.4916870906018 2432.6734668407453 -365.1287445869506 86638420.02319768 747.0 70747062466.13138 0.008960409675815285 0.9999365224487026 0.7238224834811715 -3.8786746244044377 -2.2117684020940382
0.0 0.0 22203003.615859985 -22606525.2033844 23986797.14609146 13423.192622108312 5842.421186682837 714.9446522825875 19293827.577829596 747.0 379666166709.3685 0.5039779228665913 0.9997521470878654 -0.6295682079195221 0.46364663883544255 1.6179241641463085
0.0 0.0 65690668576.40823 39793270890.786026 -4544317753.299536 -9383.138538805782 6315.235285069775 126.56657738440101 25047745.11418372 747.0 108231211885.6619 0.13237741086699567 0.9977407137973741 3.576443714892391 -2.30616703051847 -0.6345397283071119
0.0 0.0 23071281.133773804 22755099.587783813 -37383071.442016125 7483.623059174206 -2135.3259610077002 -1137.245107384213 122112460.43070929 747.0 144696724964.1212 0.082301797574904 0.9962770087798607 0.5357416909488266 5.161883430558923 -2.1156203062267327
0.0 0.0 -168901349.3708954 -149321577.29574585 -153571277.09929085 4464.780492803122 1323.5892043731765 -3065.65835614107 109013915.64955984 747.0 148213602218.38528 0.17026595875520073 0.9856432301268944 -1.4228215632350445 -1.6129532933338977 -1.6692839247318871
0.0 0.0 25046923.166984558 -8868537.701446533 45051991.98369837 -2366.337781030852 -2872.737511907544 6489.462181454494 120898956.31752357 747.0 89729426590.5022 0.06378105034099851 0.9859111282703619 1.765965640722766 -2.5054764145825836 -0.4941066453071228
0.0 0.0 28548558.456451416 23701490.20011902 79832666.24635172 -1633.596442462811 -162.49407309594972 4466.852285843215 90020445.20062764 747.0 114392461394.16898 0.2194946948400876 0.9985219768411522 1.620894992691208 -4.035693924042813 2.9333757524392934
0.0 0.0 -6967535.115692139 -36035848.39002991 11207834.747333288 4123.924479174026 -646.4963550339671 7807.637884386246 106457516.66558032 747.0 72073380894.1406 0.10129559122414106 0.9588783391375323 1.0694949261120243 -4.3121212225009735 1.0769946247055215
0.0 0.0 -33479917423.785004 43990665355.247986 6212696103.810691 5635.1638769582605 1138.4831621569465 290.0118394824354 102523272.1955664 747.0 74305554410.06308 0.04932937794666894 0.9998963535264378 3.3218000516279993 -0.03823623188022429 -3.6581315191732173
0.0 0.0 13725748.862579346 10681821.025489807 -94150098.58160973 -2821.2479810154473 14.73509509260839 -3749.482153887345 94150578.25168009 747.0 91693557611.18326 0.11176907628609442 0.9930368721747986 1.5222678552684268 4.914138497284316 1.5087258151199856
0.0 0.0 2290590.2310180664 -2263366.9734573364 54026731.64468467 3557.250193237858 3616.716837144948 -69.66734754098735 96898459.20158923 747.0 107450908478.8118 0.10515973323519322 0.9988324188503009 3.503515090539483 -3.935006967340103 -2.21015783480378
0.0 0.0 4900518.917510986 -7574789.100402832 52102691.90726471 3121.4516852889574 7594.318316508416 -6074.732846350638 72862858.54946828 747.0 59425828152.3237 0.13767575226132162 0.9979615437430126 2.627165105583329 2.3407124070819503 0.6775372323457336
0.0 0.0 5232406.468109131 -19315137.055038452 -15640985.37260151 4569.035618541664 1097.457273807886 -661.4622653842821 30367518.115550183 747.0 71840622179.22842 0.05887475555528353 0.9974677398639779 -2.8157142231117356 -2.0204747574078383 5.263232177289356
0.0 0.0 -95553708.52098846 53663262.4160614 -64197210.49450946 3041.6014319742353 1376.3883347335614 -954.2221891491961 39592409.362623945 747.0 87232688709.97131 0.02871136936797717 0.9947003931699623 0.9699085381546299 -3.292606278362215 3.367962457681241
0.0 0.0 9629173.2210083 -54148551.85594177 -38379943.91687155 2426.7810434952025 2652.913070529845 404.40301860431435 69564933.08102721 747.0 53678063466.86182 0.03774513655940968 0.9993303339462482 2.4683581082408574 -5.189398711976072 4.747657963149086
0.0 0.0 -35263469.46787262 -125601050.44128418 -23681138.289133072 3648.4997968658754 -765.4291286429279 2642.551850881383 128346347.55655849 747.0 29690802537.94629 0.11194681790380923 0.9992754768467822 2.0691806353094555 -2.499696161307179 -2.1573948137807046
0.0 0.0 -45507502.97418976 -37780213.131866455 -53564594.645308375 1402.394346513156 2251.4665721608017 497.6248541607202 83189647.90317288 747.0 38836318188.93115 0.11065025033893935 0.9990836706155455 0.7103777596409623 -4.853036819052321 1.8458919444734123
0.0 0.0 119420636.84375 209779467.65789795 147361311.1859684 1671.5151455259693 2539.7545328862707 1318.32761025172 118614680.48653597 747.0 87126238186.94644 0.05102601366248661 0.9998855706835734 0.29177907324290314 -1.921512810415873 0.05166884731051358
0.0 0.0 43361842.61630249 -69744980.9239502 317211786.619298 2947.287193894983 4297.085282504544 6285.971772669542 63267463.08290949 747.0 165255736789.07376 0.18284292022353987 0.965130336471006 0.014335889415730385 -4.307816919780474 1.1879176855066134
0.0 0.0 22178647.648025513 -9990208.623779297 73037363.52008152 -4137.1356276230945 10453.243189433959 945.5164020255992 103840050.77333346 747.0 72118793137.6626 0.08578834455485336 0.970724162741033 -0.6019747725862563 -1.147544940047226 -5.201686171691442
0.0 0.0 7055512.671798706 26117729.394226074 -3111220.5313949585 -7178.564433684209 8634.225267823553 762.5410073113868 93154250.17110063 747.0 85347195930.1726 0.019298392668754646 0.9881342946568167 -2.6118181287096798 -4.29845081391275 -2.0616717819432218
0.0 0.0 12268540.586425781 -28296243.38569641 28131814.377471924 4808.829241462847 1824.8094738570253 -9394.741304172865 47534992.91263531 747.0 79157711477.77689 0.07378376010970822 0.9679540748729335 0.6660205817664626 1.9297193959662966 -1.8367553288012455
0.0 0.0 -16002940508.197266 -5310614480.666107 5909948534.052174 11335.373000252528 1865.414019553078 -2288.9688811777683 126895465.7212991 747.0 194399313826.33762 0.27866765943413785 0.9947389993680694 3.5690810945939324 -2.320300220285175 -0.6872348924009519
0.0 0.0 2354035.262588501 -33285612.215576172 -1380380.2070167065 5670.366463953211 6974.603081591949 -4721.353719299772 77910394.64573936 747.0 75332589644.20222 0.10089142997601419 0.9820417296093965 -2.5167724815157686 2.3602573846374977 -5.588704475403299
0.0 0.0 3620640459.3012924 24606433330.070374 2043964327.3412163 878.3521951967487 66.06309216471527 799.5953523947202 94714800.75442845 747.0 88307136500.07275 0.030737094453322934 0.997993784623309 1.154898268938159 -1.817347014249068 0.20010014357119932
0.0 0.0 2106873.862472534 45801663.631736755 -32370755.662288666 13934.794515650565 4745.454424177049 -1981.7666837882543 35217377.323613584 747.0 237875879186.6785 0.35012551393899527 0.9970493881445845 2.0798724190403752 -0.9724388456001842 -2.0064215148066094
0.0 0.0 8375418.730163574 -7415067.304168701 -2991056.2151429653 -514.097916329385 2113.863543237934 840.8939559575302 28485161.21874379 747.0 54449790092.63544 0.029995081604289306 0.999902763799968 1.0438433528093125 -0.07275906816227995 -0.7736703604695931
0.0 0.0 -23219879.619743347 -3242585.8788757324 28390126.885829926 -1633.0418879203462 10081.693760657183 901.7830857522156 52034273.69788583 747.0 132022519180.086 0.2136003618700759 0.9996268081632563 2.4979125858646123 0.05642480039761111 3.5183877055694683
0.0 0.0 -17830205440.7155 20101805109.20981 4465018610.799856 2637.7980797235905 1114.4252938953232 346.017275507745 120522164.33865058 747.0 83973280180.84344 0.09459327378994001 0.9997835722946626 -1.716468287397723 -0.07499792669361449 -2.6762767859432
0.0 0.0 -16984497551.150345 119491958903.09848 8767285265.629595 6244.5163833186925 7960.519351219989 391.7677519355159 88049717.58245088 747.0 152226350331.34418 0.1598411404595034 0.9808555688494746 2.9830632129359347 -0.3146821129586963 3.325396884484751
0.0 0.0 5719579.161117554 37315497.83010864 -14204408.361655712 4174.873510894431 1293.1513467891964 8273.678617827954 49566415.88858124 747.0 177742854443.2991 0.29021352434708936 0.9989688325633763 -1.004194491047816 -3.3401424952847254 0.5527004362189308
0.0 0.0 45825575.568878174 -7130013.926437378 64862682.30075455 -2199.892265178467 2947.67706078606 -2077.9648485704874 81614537.26586404 747.0 116886856300.25537 0.19646398759602154 0.9859266237211702 -0.8115505001107581 -0.48168777848982924 0.3713367655721202
0.0 0.0 -135117270.48399353 6585540.990081787 241509385.18586445 1578.361402427512 1289.2695188595246 4237.383739318818 105797122.77631143 747.0 53799807525.747925 0.18890837327998697 0.9985502136360169 2.1164631937654708 1.0912417388288826 -0.8298231897788755
0.0 0.0 30147242405.01544 32884443814.972717 -2676603957.6749306 2246.384544729687 -7495.760254733916 716.4880047021629 68425807.28341004 747.0 21933208929.291077 0.1849641315037097 0.9841975124233439 2.258025020453401 2.1643402386836232 -2.682188139487941
0.0 0.0 -2001963.4504089355 10694806.029129028 16305405.803050518 6225.548783798544 1860.6357885090329 -1738.3817460135085 97330114.37053148 747.0 214544854737.7639 0.40967561080627807 0.984889708209527 1.7876492566309305 -2.760395353593961 2.7408103418979843
0.0 0.0 12837968.720703125 -13261131.291618347 -40229870.57735062 3482.034077856979 3584.0903445893164 -1734.9798589969407 27567045.570956558 747.0 104704955091.34901 0.07945526863275552 0.9960665290636188 3.945365092413552 1.315820590827152 -1.125575112331888
0.0 0.0 12138398.969928741 3361337.0712280273 -14699149.84119463 4912.116891571146 338.8518460934629 -1395.7021182208255 23919223.04567215 747.0 718110797615.1147 0.707028509660393 0.9999988751675704 -1.314484347252155 0.10138631876791998 -0.04268430871405868
0.0 0.0 28098681.942459106 -12748539.501922607 30976983.179802895 -2348.9642070951486 12757.056377718158 -1561.586317026713 45267307.24972289 747.0 307652008876.17694 0.4894823971240266 0.9998601513415414 3.112625215029084 -5.567062070701197 1.7314106583151103
0.0 0.0 -8898189539.94983 -3087979772.0701294 1729994756.177401 -2066.775563400297 -635.0661930856004 -605.0193278731796 77081591.55271989 747.0 87368116304.47818 0.02180517252031762 0.9985063092538352 3.2935552037961697 1.4903100851630606 -1.5956597524711977
1.0 0.0 -13302501.761535645 7355277.953704834 4620067.716911316 -58.08515542337045 -304.66039393060055 -266.19927036102024 64948519.87588936 747.0 129139792857.21024 0.05866397321727172 0.9927569875116079 -3.43200050817111 -2.1042608594750787 2.106711987042011
0.0 0.0 -14622110.801849365 -12742517.599639893 41426778.88075447 53.14510052938931 5366.9716305227785 4216.994147497539 70613805.47167918 747.0 48941507290.92581 0.11410400866935388 0.9757364033418054 -0.09661579954861943 -0.8941705226193872 -2.149410830092898
0.0 0.0 -36333895.69528198 16515758.201721191 -42525712.672780305 6033.9998606290155 4104.044781151551 827.3456640203386 23297372.61872644 747.0 91414533080.17337 0.12254298362489902 0.9888117421613273 2.7842550158025903 -1.2618399619349232 1.457948553323281
0.0 0.0 -11352262.517578125 -14767971.819152832 -13323566.344331741 3724.974193578704 1489.3834926845993 -1962.097332200014 24108292.015152477 747.0 44891555388.102875 0.14063079940974085 0.9994812946013504 -3.790298516440062 0.44230153771216313 -1.9937256106083094
0.0 0.0 86945346.35881042 -47122096.872047424 -201373195.5672164 3004.7321405264793 3422.7030556147874 -218.4175981648231 37633807.565451235 747.0 119430527933.52686 0.17996891685094135 0.9997598855854073 -0.9686955151963464 -2.067303521507418 3.296996036933307
0.0 0.0 6285584.87991333 1594971.860961914 -14853997.633160591 6730.5238547483095 5687.46477406789 -1428.006967206487 48444866.120952696 747.0 29690310516.21872 0.14100184169496682 0.9994978240464663 0.3964934310612198 -0.10584153816989228 4.13701955470614
0.0 0.0 -37305364.60079956 46694669.15345764 109567285.9941051 4076.4305274903472 4541.492638968979 -5624.056778721559 61908510.92519424 747.0 224263112874.38654 0.3345589068095961 0.9971233827442708 -3.666051256872704 -0.9057515351317237 1.0973373756885159
0.0 0.0 -6303561.466384888 -12655929.830596924 -1919639.4349178672 14944.65195816784 7447.2764810065055 780.7028236696307 85938214.19351621 747.0 129376761124.22018 0.18275184977581643 0.9862237322183047 -2.6174409871837154 -2.3987790464913403 -4.0628883101605915
0.0 0.0 -7590556.180809021 -104714229.62399292 -86771875.8875866 -301.340770704217 7844.339867930661 -7620.336639036683 92251079.38498472 747.0 163632123523.56876 0.35268493248317845 0.9822483011876638 -0.9970779944038333 -2.1573465573422927 -0.8947895146337641
0.0 0.0 220518.27236938477 20829839.02015686 -44018125.012557626 2492.515776574216 2895.180797955105 986.9085670554057 47751579.89165597 747.0 73066393161.49057 0.09845578786672875 0.9973417260106098 1.5960625653845883 -3.6687875209091723 -2.9887087185018153
0.0 0.0 15367826.987701416 46572708.37088013 788530.937789917 -3225.911146248127 1400.0992547035457 3111.286088115616 71888834.32712227 747.0 78395743904.36621 0.030081194371751108 0.994573493402564 -1.7175021836859987 -5.161918911298495 -1.0425270091849446
0.0 0.0 101826.40410614014 21808421.173461914 -41296144.442007065 3314.290827814413 2885.391912553142 2636.495844643162 87268443.95259748 747.0 107108530929.78958 0.00844775018296199 0.9999045787362631 2.8490287218731303 5.0968917152636735 0.9264594536862516
0.0 0.0 -4368928367.87439 -4276816975.662735 -361181092.7070781 3316.7745511416797 1611.2338617951937 -970.3984992409407 95985139.80583036 747.0 56566106531.85895 0.019769845296138303 0.9990450948685554 2.665449553675515 -0.014084857701984976 3.463467336826031
0.0 0.0 -14942772.446762085 -19993711.5151062 -29682994.252636433 1763.1547655354643 4119.761823908837 1600.8604932999874 63843623.89363923 747.0 83499001417.17096 0.08312311612546894 0.9923816373430782 0.2672029751330798 0.7704943881010771 -0.7105346629074774
0.0 0.0 -6057599.299682617 62394295.9760437 -6601167.869002819 9414.870880338625 6545.663449768026 1069.8855607106284 78572969.42633101 747.0 103485488536.26276 0.015656962097624405 0.9727906954850577 -3.685072003393509 3.937050501747745 2.2347683812550594
0.0 0.0 -26860870.42891693 6592822.101470947 -16681514.392523766 900.1804358186055 2121.1857957644715 10519.969754207032 40206361.180129334 747.0 59689938907.37616 0.01312810553834512 0.9594600941913687 -2.5352519500791177 0.6265714027775068 2.4318757844380787
0.0 0.0 -31120183.944366455 -15574359.664886475 -39464366.88802314 8665.625217189701 6758.889318937188 1338.1505395184872 38285297.27777958 747.0 91772188393.7853 0.0075351544534667525 0.977302819382936 -0.6733857891533819 -5.606610369495693 5.724286639393534
0.0 0.0 7787873.253692627 -13728353.91293335 15737879.504601002 10908.128370896517 -5721.788996817075 437.48992346530633 40325442.32336412 747.0 91535454299.40192 0.10883899253905813 0.9816877417307229 1.6623269685189621 -0.9127171303778558 0.9808672321812542
0.0 0.0 33187347.086883545 -80179221.77668 82231045.80492115 9397.494303767322 1382.2393978488035 -899.556331360844 37160438.36056952 747.0 219273486508.11383 0.37088877147785265 0.9963390034609234 2.1166295209478796 -3.3802579175459044 3.1605396968363104
0.0 0.0 -13188631.619537354 -16807242.096740723 32009171.665878296 2337.6204069092237 -1313.8910197311525 -3152.2558737320855 126554656.32148896 747.0 129263738818.13321 0.10713755378525132 0.9998732510701802 1.0189755394653297 -2.9085831584308326 -0.5148573034154145
0.0 0.0 341262.9150695801 -6472232.828941345 -12823706.739133835 4459.262794730732 -2319.0396036908205 -69.47159696284245 108540682.49239725 747.0 66850540260.682556 0.018141853662691637 0.9995134052776625 1.5388963874691384 -3.0164573592803876 3.4663609446699395
0.0 0.0 -91166225957.64944 -164948471760.15912 3221185654.639831 22949.291577375312 5974.5164741940025 -679.5764604252328 53764770.2055242 747.0 85167138252.65616 0.022565313410193077 0.9981163633358271 2.0056409269192628 -0.31860647859207036 3.203193737111317
0.0 0.0 51865870.31012726 -26855711.430419922 5624196.510831833 -3365.8618383975518 -3700.8224947349095 -2591.9811937966733 45885888.73377751 747.0 202413644382.39816 0.23631021387563933 0.9927393878724103 -0.8871224492323908 -1.8800208796844662 1.896890357048341
0.0 0.0 7769884766.806976 28302408759.729675 1155485402.1151092 6221.312752530906 -202.2295403182834 661.4903678418184 67404114.45517772 747.0 91549664745.08067 0.045708891346961794 0.9909989766145295 -2.0608945841453092 -0.8799971262663187 3.9611269098042454
0.0 0.0 -16685464.802276611 34602874.19229126 133581120.85097218 9323.807564099556 -2909.3548425461304 -869.5963358772016 41777355.148201264 747.0 91083197210.71124 0.10768884380732587 0.9721625875533066 1.818246274391566 -3.010602117703072 2.9670677188011876
0.0 0.0 -32512322.77320862 2498751.0525512695 1720050.3508740664 -2513.551108367672 9234.560452677631 598.822966200418 90744222.24028568 747.0 17312350429.24124 0.34287792081167545 0.9992276192256401 0.9818560187266808 -1.8655407277634102 4.1207877757130245
0.0 0.0 -78518920.5500412 4670575.943145752 -510253.7840061188 2772.0314408313025 3499.563072876592 2266.5669906722605 60054875.734572284 747.0 87996589920.59412 0.016741822475699136 0.9996298307805909 -1.539547598256038 -0.6899107156312473 -6.150702959095655
0.0 0.0 -99990264.92063904 -36082191.92626953 -38132603.12227297 3082.972486257142 1741.4300308032762 -2509.4443248342945 112421601.66082597 747.0 72469637801.13821 0.05533402571214919 0.9978848591907223 2.0127664428439878 -2.3849940789920465 0.11712326955838259
0.0 0.0 109559002.50658417 20279720.03340149 -27318607.82527995 934.9122196704448 -12796.425364125484 1983.228634727936 36220409.95171201 747.0 223167019865.96008 0.3919066914503737 0.9948569617162278 -3.4002379241554195 1.5180944128094727 -1.6547087223824302
0.0 0.0 -9408941.871032715 22234692.259155273 -11108795.498749256 7562.135538586068 2103.735558342687 -156.30560743388364 65965870.92544642 747.0 86136638440.89731 0.05239570436215935 0.9903571430099919 -1.908604934002435 -1.366359301568241 -1.8288226796276645
0.0 0.0 34802486.27418518 -309972.41680908203 -8931331.595142365 7237.706583158028 -902.9436209137166 2728.941597667554 43702538.01482639 747.0 156010474374.2436 0.22089453763667707 0.9861175975649461 4.171832932445923 1.3643231472435586 1.8880541707894452
0.0 0.0 58288927.71154022 -31094372.548858643 37133938.80574584 4793.576080909468 -3370.96643779802 -1358.8912566701074 111948511.07967931 747.0 136916498960.634 0.23799191501307973 0.9939211227820591 4.621651771705672 3.9735615966935685 -0.5801282566923252
0.0 0.0 2059519.0556030273 -25308037.684020996 -80046447.56391716 -59.908706346883264 2857.516605264602 1540.86242147407 73945279.18489802 747.0 26509531775.734833 0.09486617564820968 0.9809087243276112 3.2618586885362104 1.8392616386018152 -1.6885562983850573
0.0 0.0 11461823.181793213 -15679741.601455688 33302222.698735833 1915.9785556037205 3904.910931332055 1288.0521684032187 55199289.46371081 747.0 52506676985.67078 0.15602682552719183 0.9987867520508393 -0.9760116591282687 -1.3258657486108645 -1.9961867890261362
0.0 0.0 -6539389.020111084 4874933.500839233 9476993.16318798 2724.504155794725 1033.1815965349488 -473.5133432937464 58018838.532092616 747.0 86842992693.56406 0.041059549230493535 0.9993878453267375 -0.19007132212902234 -3.624726242397421 -0.1399557511301288
0.0 0.0 -11571100.461029053 8168962.330047607 -36851491.592852116 13693.95943010946 7565.739104410914 750.5303523580799 21205691.724164616 747.0 38275391743.75989 0.3374122326290483 0.9716519001565678 1.727644850733257 -3.202755861631937 3.3241686992231765
0.0 0.0 -14248323.325897217 57842214.44668579 -18221442.78725624 4165.9964610496245 137.87984527376102 -400.37072341128885 17936876.42019497 747.0 98160246298.97946 0.14134121088081114 0.9954668642643971 -2.042999261198843 -1.4414959980894084 1.2643752191923023
0.0 0.0 -9544287.497077942 7834356.266693115 15383207.612235546 2762.4826484164005 12036.504677995543 697.9906804388185 32160452.674313843 747.0 29360459758.23001 0.37465245208610487 0.9908626757066697 -3.1567727960838714 0.10759104430376709 -0.007445430446180623
0.0 0.0 -29266531.724235535 -4615766.188201904 -4155341.1178103685 1912.184465394239 4677.293391833441 -7318.150707811392 42846959.36795527 747.0 81750542275.46631 0.09870231616052715 0.9767654615482217 4.697098922161874 -1.0844208852621229 4.348760285705325
0.0 0.0 21443295.7494812 -7858817.623718262 -735141.7418117523 -1322.2524254886675 2901.2739470491433 6339.183749403628 41181707.7434974 747.0 105880922568.55789 0.15557232103429228 0.9916529290154316 2.9992643019476533 -1.2213372615101743 -1.7549991428279517
0.0 0.0 1791730859.434082 3706235600.595337 99626305.91934782 -325.8429767453272 951.3521956679688 831.920921619536 30979228.421775013 747.0 80611345639.42477 0.07819624823675887 0.9995200621531248 2.379148498430644 -3.089303132174585 0.10410997189966831
0.0 0.0 37243804.78363037 14800528.87663269 19845727.36867422 -523.1028275748358 4687.291069729621 -299.08122102757983 65366098.334081836 747.0 74668344146.40756 0.0736316060811747 0.9983037397833943 0.7969387133708736 3.698809216830539 2.3058566878533338
0.0 0.0 29596194.166488647 -18588829.939178467 -8307703.11692524 194.4816355695475 -505.56268128456213 70.46549810517433 125265752.5466317 747.0 80348150259.93137 0.04834453486817947 0.9988073842753721 1.9698379487363749 -4.239829923020561 0.31582708508934054
0.0 0.0 -10162029.464660645 23127208.175216675 -8137899.819461107 1345.6060350046173 2040.3513100371674 745.7006492320232 21700944.214811735 747.0 79139586652.43265 0.05680138095061393 0.9973833340954015 -1.8425601638492624 0.45423072681927523 -3.81376909374745
0.0 0.0 -24117580.988601685 -7296585.701293945 15630162.781460762 -1380.183743278878 814.8584917044409 5435.930640509214 89306670.80335112 747.0 343605612844.0809 0.5625954957122155 0.996007839514721 4.140218375525357 -5.445944375541691 2.5759523856698223
0.0 0.0 -1586990.1706523895 21645379.443603516 20056720.284404755 3075.1104772940016 1076.1039097556475 -948.3289510006031 66427616.44085731 747.0 81651865153.14517 0.059121646716600695 0.9999983945456565 1.3838284590521688 4.081928834463687 1.6191650663539296
0.0 0.0 -9426153.787689209 394639343.60281754 -1328571850.1773863 -3052.618917646183 607.3680438107258 -1651.4586263736483 92854660.81157367 747.0 233046713432.90588 0.4437511193506178 0.9992290334936672 4.3507382837411095 -1.1696217156849218 -1.3216126400848571
0.0 0.0 5072212.5958099365 4907348.546142578 24608286.098251343 -1683.0591976247524 2688.608872571 697.5206949803779 62659760.00567903 747.0 12968582640.246185 0.35650116118481784 0.9972028299362897 -0.24503681547953748 -5.343921028065923 2.7257227419253613
0.0 0.0 12003932.446594238 -45649778.08343506 70714933.11226821 -2200.7366742958984 1299.4938709858484 1164.6875987210874 119371861.4176886 747.0 46064545161.32056 0.16921573707489182 0.9998517466976482 0.708883130197482 -1.0207206391417931 -2.863386459423065
0.0 0.0 -26513906.36666298 54753871.732543945 -9762019.930009842 1942.8163544061026 4267.914640425183 1962.6976092142795 99886729.94373018 747.0 112125147580.03616 0.009041207147571423 0.9981480026249352 -0.9751426749185509 2.129714742593443 -3.7254469882016252
0.0 0.0 9457399.159858704 -8275855.17666626 13706753.3306036 4971.784469607464 2997.4686134616204 -1139.8556736163364 38686918.66454707 747.0 85431894536.9318 0.07208507377595698 0.9996077220145227 -1.4460956124178905 -0.9540913701811123 4.129952935260238
0.0 0.0 -1334258713.7407799 33109194060.17975 2425748749.355413 6966.23015516415 -306.70223221071046 682.3635405800585 68180974.96216789 747.0 97377303906.52112 0.13593188199549797 0.989018434151345 -1.450804324156877 -0.9344801262605489 -2.2711712475846006
0.0 0.0 -35595654.096588135 -28383973.60784912 -12838497.509505928 760.6597711830909 3447.81751468889 1398.9925752229651 67030863.09788348 747.0 73251468396.07361 0.11880861233152024 0.9978965710836152 2.5180831639860384 1.8164366654694537 -1.5757696727321537
1.0 0.0 -5190285.200836182 -2358864.8991851807 -16054524.910036087 -307.6704990605522 835.5302167457958 -160.34283490434962 91272525.77803136 747.0 87828621742.67017 0.0948111371876612 0.9998919689845103 0.9162085047899642 -0.21760323317870656 0.6614910121993405
0.0 0.0 -16773865.51852417 732747.7253761292 142565358.07532692 -464.61553559739787 990.6492166140852 6038.282912199501 107860153.63670796 747.0 106766488429.76779 0.22690185565625856 0.9991621916562871 -1.3542862916978338 -0.7328714755624339 0.1400545742569509
0.0 0.0 -7712287.86920929 19074251.09790039 32140180.372731864 2289.3008715834185 14748.354250711924 1109.8640495039847 52404768.765967466 747.0 448379333342.0017 0.4905338568659865 0.9914695850213314 -1.3307606651131296 3.032708298425459 -0.006000090738147397
0.0 0.0 -3421.502716064453 -2838150.7314453125 -9573465.282803535 2814.6484475743855 4.921177143107343 123.14328350000363 111374914.39827192 747.0 77916011617.29007 0.07567710445826309 0.9998166621791786 -2.802240077857154 0.5278368775935895 -3.5186812957858304
0.0 0.0 4423234.842010498 8661712.101470947 -35674867.03594613 10358.661221101278 -2506.4273843931405 280.0036147881284 82454745.00000125 747.0 59680435387.75131 0.06180333807066542 0.9932236110395333 -4.97856662744247 4.162526733517831 -0.8514033411401991
0.0 0.0 14897366.527770996 -26985840.075702667 -47136066.39839554 -3843.4643619355447 2831.0195845677663 -888.4437372873394 85606361.49721275 747.0 222368571749.89642 0.2566763297009394 0.9999421307733803 -0.9672970893354763 -2.1526475583770575 3.031869028856776
0.0 0.0 424252369.45726013 -94839117.38179016 -292567701.66328955 3232.436434011397 513.2421215754803 -49.388538403606034 36393579.55413398 747.0 60123625959.43216 0.09076008158151269 0.9994812657795176 -2.253288846045835 -1.023248557863915 4.031621890873106
0.0 0.0 -32569665.82220459 -10082551.978897095 29998154.403746128 2302.3474728966576 -4645.973987183836 -3304.2494534469147 95837117.50968638 747.0 105647786598.22592 0.12271205005800329 0.972640208439718 0.953321468272952 4.765698688110502 1.446439970663714
0.0 0.0 17093877.900115967 13945461.0569458 -10416331.155388832 5938.158585172194 1249.7201006304058 2685.341213460926 123071660.85839368 747.0 328947061633.824 0.4276327914509717 0.9992911803812718 3.155123982757282 2.5322412850501763 0.7219371759032354
0.0 0.0 53549837.57803917 -12902937.430725098 -181651691.98752546 -943.6094550730995 1896.7557464991926 -945.6490773485352 125807248.25506735 747.0 82364420480.54562 0.08038955308433718 0.9999947634637676 -0.4270986535332102 -3.903034063008198 0.917224356876742
0.0 0.0 179102783.93375397 -537961158.022232 -1372234.5232396126 -8856.013923091468 13040.778825011605 2666.749841856502 104817988.74704486 747.0 14828889762.667664 0.41006015107092386 0.9998917162227361 -4.397904974386719 2.8624213396114877 0.14918284510279456
0.0 0.0 -53160888.7565918 28947796.63433075 2617768.1839580536 9381.752435091052 5008.753889389234 2299.0428307755346 33761897.61382859 747.0 84360367241.42758 0.02763988552977638 0.9868433156041106 -1.1554865416676248 -1.6083397378478654 1.446321838458288
0.0 0.0 21201361.271728516 2922622.105407715 -54209279.48124313 -2551.3938741572383 -10595.470929767416 897.0425554333495 46355301.690411754 747.0 119784186857.68298 0.27013009775648034 0.9904936502557273 0.8165117616805248 -3.7252837564859775 0.46180221188213794
0.0 0.0 -280470491.652298 144399703.65812683 612886086.0968685 4374.297969415558 -2911.078205561891 -273.1742418382954 124043889.1662364 747.0 87888411973.69046 0.1399299972079147 0.9836931248706653 2.121961125149966 -1.4923613745592594 4.350125881641278
0.0 0.0 68704766.7275238 -3426148.2371520996 29007456.4511528 872.9398486379068 2837.1030253363315 1137.1178194341571 53904941.71769751 747.0 105124311816.87015 0.045601963114784705 0.9996388230143036 1.1041424815898584 -2.198016528189321 3.4091590601962345
