Label Ep_x Ep_y Ep_z Ev_x Ev_y Ev_z t_t m_0 |Delta_a| |Delta_e| cos(Delta_i) Delta_Omega Delta_omega Delta_theta
0.0 -37871688052.230316 62424696645.266525 -8129299296.4678 -7498.066290627978 7177.885272098891 689.6656136533975 72428238.50889903 833.0577114061242 67542947436.770905 0.1278958958269063 1.0 8.881784197001252e-16 -0.2090331091606925 -2.384968735044665
0.0 -279718423389.55756 634777050.9082031 -8142147603.205393 -16300.23378324703 -6377.932126056542 37.77248319525091 72314083.50149405 850.6632634263875 120090136664.03494 0.25780552002913143 1.0 -3.219646771412954e-15 0.45151728798792473 1.5030851446291584
0.0 18856406189.09073 119489177028.60443 -1023205503.4014969 1999.4176379391356 8014.727627608764 -293.89855013246245 34292745.479641974 792.9657377876401 69727469586.10931 0.07730634422549498 1.0 0.0 5.4981424675921 -1.6143210634086416
0.0 -59971085323.904175 54691796833.56323 -15233791188.701588 -3481.545627676389 9473.586622214287 179.58488465864673 74928786.16838597 873.6532297942139 69757072238.6467 0.13888781532929761 1.0 2.220446049250313e-16 -1.5837231563953056 -0.4720697775673033
0.0 129887804634.32318 -36395261975.92268 -4790985771.411297 16809.72816088702 10684.627197590664 -387.1781842566171 69618125.03554885 845.6276818966076 62707466358.46756 0.009430567238879424 1.0 0.0 -1.1826559564173094 -1.5608254564736948
0.0 -55492845873.74173 141029871285.88782 -1635126743.6448722 -3053.7522229571578 8748.618104305728 -156.61697420512678 37117089.198165685 789.6714102473393 81017638200.31241 0.14054787918729522 1.0 -4.440892098500626e-16 -0.4849951618537669 -1.954062229540288
0.0 -64467019857.167206 -7935576978.430115 623123188.783576 -3805.2312632695143 5335.731406165305 228.7755223729631 76279326.65314656 846.3592654649261 72634968746.41446 0.1484588683366017 1.0 5.773159728050814e-15 -1.463935567666213 -0.6314522659591533
0.0 -119268041523.88724 156675265828.88852 -4206697631.970028 -7482.026750095543 9008.310619053833 335.3537592573105 39519578.928618066 795.0384243215558 90225825498.0122 0.18206655989391918 1.0 9.6710833785707e-16 -0.5460242065179953 -1.6950174657628463
0.0 114296626686.70235 -32313304162.92685 -1197664247.885142 15296.35565409386 3575.5423487358385 -189.87805161479196 66187272.61851945 828.3656092154432 57996581960.083466 0.03554494811785311 1.0 1.1102230246251565e-16 -0.32865341254751834 3.8736643091045564
0.0 40444450747.59164 118562893619.35153 -10252700611.333836 5906.172048035234 16169.785092076429 791.57139783407 76465655.41040522 863.2975279160701 70355854072.36093 0.07650478343606694 1.0 1.6653345369377348e-16 -1.7225749707777573 -0.12563519386927635
0.0 -260272900442.62503 102201520674.33037 14043967603.341015 -14829.373021494695 4358.810376117297 -666.7102856203117 69688633.95103824 861.0722163101353 114278082414.7602 0.2620205896012848 1.0 -6.439293542825908e-15 0.4543398522879931 1.3718354779193842
0.0 89844990708.65459 -28502827211.007843 -1031366039.3670471 13977.593065440204 4657.880496514386 50.72510731906792 67646696.26268935 819.6991247598024 58018266943.245575 0.05203733489074502 1.0 -3.3306690738754696e-16 -0.9229603660071378 -1.5666748770196839
0.0 -108972777192.63934 166784206668.5567 -5179537829.945356 -7983.466194487119 8947.980770714228 275.8191448104833 40545524.06162161 794.2534440590963 93202408088.96762 0.19142746762364127 1.0 1.3877787807814457e-15 -0.7648875831770674 -1.2890705968573724
0.0 -117764255014.97928 131516428037.40152 2040795227.773478 -6707.972706293653 8011.595739147222 -5.7157104923878705 40025044.451076984 828.123639000065 92707728963.58292 0.1921324081651937 1.0 1.3461454173580023e-15 -0.4963374648376193 -1.7391394665763198
0.0 51166733576.70433 106604389871.18765 -6411509362.263127 -4058.149887786003 20080.5274245648 409.16001158261065 72130165.95777254 852.5519032112024 64896039921.89838 0.10778060431070319 1.0 1.5543122344752192e-15 -1.6062458731156561 -0.6504307403564406
0.0 -83030423287.888 55324139948.76775 4473841185.398441 -2754.0051146015776 9026.721200830158 -273.6935791846024 76315813.94193165 841.5397196290464 74982762155.43195 0.1692289823116946 1.0 1.7763568394002505e-15 -0.31443920648018864 -2.0797076759005986
0.0 39338167265.7826 29273546521.34497 -2516913130.2093954 5033.316251924596 9574.491068452946 -751.6603086572815 72080661.81078234 858.2254565815532 63907933502.90076 0.0746602623151992 1.0 0.0 -1.8004004500914292 -0.3514956855936653
0.0 90191215170.39868 -16074915670.562775 -5758814238.437132 11722.285474829378 6403.739941214953 -113.36334258702914 66574888.730270416 871.6742215446517 58189698818.703 0.026745885653654017 1.0 5.551115123125783e-16 -0.7598060752412653 -2.0031789320770415
0.0 -95957134650.80481 172191433323.69324 -5985446427.57721 -6911.863943214351 9361.484591572344 327.404244252766 40493751.77564004 809.5521899076962 92081149047.00891 0.18120864633184658 1.0 -3.1086244689504383e-15 5.396727305353149 -1.103989593306072
0.0 -53151394720.20221 153650758124.77164 -523654287.1181176 -1691.2579800944586 9464.560106550722 -225.134552216415 37478840.3947513 800.3650000949879 81087947644.93134 0.13801840147688393 1.0 0.0 5.55180795564371 -1.5357878842330577
0.0 136563380402.72095 -107356613799.62349 -8043138864.852627 24605.244052754497 9578.643289441587 1237.4984635367896 65943036.48408943 879.1967039687793 61251636020.09198 0.005273330812934324 1.0 0.0 0.4675265186435915 2.525119517860874
0.0 20739198893.49156 146323812474.05124 -4239391125.4312196 600.9002664441105 10313.405267007558 -322.34615889325687 35117916.338328294 793.6610420033538 71986253769.76135 0.08505118865646163 1.0 0.0 5.421732333252189 -1.4455047225847657
0.0 -51143378903.39044 137573285200.7589 10574411970.294254 -1593.050124661264 8742.223557104748 -734.2457107302953 36344684.15725386 794.3975273915086 78133480393.35135 0.1270476725325604 1.0 0.0 -0.4923293551781547 -1.9905813989040613
0.0 -123311604149.54222 32892218620.23665 1520335288.9167194 -17698.956026499032 3115.2556520586877 133.20276206934307 77336982.26792343 848.6918503611415 73345911798.71875 0.1276424911021155 1.0 1.3322676295501878e-15 -1.6286387172918608 -0.2323158034935875
0.0 -34291080867.591553 94010096591.97873 -3291012181.61884 -13274.318798045415 11544.740510022802 1169.3899035862423 77626792.45618016 852.437120670813 76958845698.36432 0.18771566351963634 1.0 1.1102230246251565e-15 -0.7106186674435052 -1.4973171678178536
0.0 -3864194692.477783 127346055051.49281 -5088519999.471094 -7065.136066400442 17205.48716593523 1937.2589853518289 72331704.70352158 860.1545600585036 65461992240.3952 0.11839137563293531 1.0 1.3322676295501878e-15 -1.4972696075692618 -0.77283729933059
0.0 66702881534.61674 123894011309.24725 5177827420.261847 3675.056235109256 20069.77174112127 273.75407560436184 75897775.28805372 843.5763001100705 69497208273.5303 0.07105192356848593 1.0 0.0 -1.7370054469669436 -0.17680797845937302
0.0 -123310553302.62689 -31537402145.450348 4929744597.25922 -13581.83436448854 -3458.814303834857 164.69380771367202 76332683.27787298 842.9839411178655 73735649384.12955 0.14996110113904126 1.0 8.43769498715119e-15 -0.9574955368187462 -1.3830511858594623
0.0 102144732734.41382 13198242265.332352 -3414861352.826262 9126.870149470142 -370.8204798712686 145.05032155296533 60021307.08978354 832.1156400263661 61292590652.40137 0.07944288396597006 1.0 0.0 -5.22369188923998 1.1077147397388534
0.0 -4995715245.777023 70668044593.59709 -11666313801.41869 -5357.735535037642 10407.355362384375 469.8348786978265 71598764.88225102 853.4791078166655 65749294358.97644 0.12382167995231724 1.0 0.0 -0.32029612300268817 -2.252257179834532
0.0 128851093394.27544 -98927352937.82819 -4504533381.93754 21438.500039099024 5196.9098141823815 845.5485558805093 64580408.40585018 835.8110500884317 60881326244.32086 0.01268967658368543 1.0 -4.440892098500626e-16 -5.435730167255453 1.8987903711982579
0.0 69832196901.33919 56901478489.02765 -5843701080.220175 6559.205186288782 14926.961556879083 192.5781951213064 71762808.36620827 888.4689688570487 63219135494.65463 0.061394730190927824 1.0 1.2212453270876722e-15 -1.813250614015339 -0.34540387813632
0.0 -93582393673.94124 80560917804.82672 -280733746.11779356 -22011.670310175396 -6707.792280385616 -105.949387353572 75446193.79875934 850.123888650541 72567856343.98343 0.1477315584239717 1.0 1.7763568394002505e-15 -0.5806024874736175 -1.8575320534566946
0.0 -1813083666.4156647 66576070303.18167 3070819341.8152742 1929.499170357747 9860.051363305838 -599.0427608502298 73070377.2457876 851.2263345036849 65824513469.16443 0.1013566889030223 1.0 1.3322676295501878e-15 -1.750244289042595 -0.3500241892642182
0.0 -79518706191.5932 48721070087.25052 8958188540.169682 -14319.871690097669 3301.3513182964343 875.4567170501728 74936348.95461981 855.874287185945 71305614573.79395 0.15521434134999945 1.0 1.3322676295501878e-15 -0.7648320763949916 -1.5766042953749606
0.0 -64005440228.25214 63520052729.18044 -5037184745.469971 -11858.14354547201 8652.825946295125 557.0317668406014 75968233.27734841 829.0857759449376 71681394380.73245 0.14296548813446985 1.0 1.1102230246251565e-15 -1.5647105418987568 -0.45883693784546675
0.0 -273477821946.60446 -48894415970.68585 5425619152.285569 -13866.612471710518 -8017.888666174683 -596.33104404947 73500228.95565271 839.56567118886 122989980170.42447 0.2562442804547013 1.0 -4.6629367034256575e-15 0.45942713708930816 1.5375230889390483
0.0 -124223606643.7674 129355235710.16461 12118907391.329086 -6250.393853600873 7767.658066736187 -429.3449027319136 41496061.91660091 824.9361410978731 97627226432.80252 0.21012065441077332 1.0 -1.249000902703301e-16 -0.7389987860960867 -1.2646656688667712
0.0 -319077962027.6842 6712272911.807373 738393595.8916974 -16500.322440800344 -6856.804426249208 96.64529906347397 46498280.85792074 796.8729499227238 123637355698.56873 0.2918409688875423 1.0 2.220446049250313e-16 -0.7966985345346176 -0.8418371071137958
0.0 -226307036797.38757 79968093359.85524 -952091885.1793265 -12318.496895966535 2494.152702845011 472.49644137620425 44555892.71625632 800.6394357919298 113468235690.02295 0.2669168422513821 1.0 5.551115123125783e-17 -0.6851976685165756 -1.1363697731415852
0.0 -304885376658.3161 -227361576065.9325 -7635702634.810534 -4658.328404632315 -27384.825979336805 -1157.8785530392101 75515489.75039358 851.7385548056741 129596302540.88559 0.2554701283582202 1.0 5.273559366969494e-16 0.5550527406623932 1.41027556953653
0.0 107841193885.11198 78758392029.29208 -1846057850.5325446 2569.7179013718305 24306.171011406368 2268.3878896631886 74712587.05328405 845.4343782407809 69449707903.56061 0.11301711530689035 1.0 -1.1102230246251565e-16 -1.578416545536163 -0.6381642554177682
0.0 -309175819833.4925 -50166040661.79788 -8790847939.29194 -17280.543495359343 -9655.745620108983 -26.55650872072323 72966468.04017246 834.717461923895 121555312462.76968 0.2568784526120005 1.0 0.0 0.41920154206947685 1.59129177794807
0.0 75939957763.07072 23061385092.402374 -5186677156.174558 9218.845646846858 11356.89745848154 -670.3326712033742 73036734.12250806 859.5868407425469 66282721394.719086 0.06220945875394798 1.0 1.1102230246251565e-16 -1.6731008062847357 -0.6499678351707214
0.0 89119845189.53825 -12125700417.765533 5406834453.781565 12036.82871656597 4568.583044398405 -890.9900684176627 69725877.73606184 853.130407732748 62953620187.77432 0.027806357165437307 1.0 -1.1102230246251565e-16 -1.0736839466424775 -1.7067899587159996
0.0 -134111490304.8663 131318418244.76146 561131603.6446891 -7120.442412091946 7731.780229042071 11.547491834971233 41198119.53101875 815.0866258892638 96997521705.23105 0.2096307751359991 1.0 -4.510281037539698e-16 -0.6354520609376225 -1.4416801065762324
0.0 -134975471836.2764 186411966882.35953 17508816.81779602 -9794.92730311306 8519.454612353098 -37.57547342025535 42209596.378594026 812.8381914217762 98145078481.6622 0.1925922676362228 1.0 -1.6653345369377348e-16 -1.0374575515683158 -0.7414971738281549
0.0 -283220010683.4507 29299787297.15216 3079986565.96513 -17437.693201431262 -3197.9177585431844 -382.4863407077088 71322791.66783078 841.580043921329 117912023574.01099 0.25899950057920046 1.0 -2.1094237467877974e-14 0.4809113069389799 1.4039903687872792
0.0 -43506693311.726746 27017671901.680206 805921802.9571791 -5163.391351028446 6392.994217226766 -1190.8868078988128 75576193.72384721 877.2120957240669 70941633248.28882 0.1418344800277842 1.0 3.774758283725532e-15 -1.5744059308402347 -0.4554352989798338
0.0 176824676819.30307 -20223775447.683228 6719630947.195129 16034.543837923042 8811.895320058458 657.8834616019897 62535727.44335176 818.7134051078035 66324258407.89075 0.10827248825009247 1.0 2.220446049250313e-16 0.35448934197453275 2.2763904828819657
0.0 15628454834.03717 113106363283.29523 -3750803243.6841936 2050.0699317009967 7393.773454898719 -444.71383378457074 33052931.894634917 786.1051080795083 66703343096.37833 0.06886139305993734 1.0 0.0 -0.5908430382261334 -2.0000452854790325
0.0 9001105104.449738 141766200698.56833 -1563498602.4987993 624.8447789318197 9168.346202625195 -138.36160321063284 36659824.4234786 797.8177898282371 76099664824.92441 0.09452737261548946 1.0 4.440892098500626e-16 5.2770551597586355 -1.108824779177199
0.0 91094646394.73236 -35021736207.69346 3743988022.466667 8255.205052971884 -3288.528517676783 85.33947115410002 66078210.61671661 822.6623581146935 62228505237.867035 0.01605773455379958 1.0 0.0 0.3230255320320832 2.7385267201862127
0.0 90002659948.73547 6192988846.472916 -2940800240.05889 7153.0957328187615 -3360.1219049161155 176.84758797885408 68472121.75715464 878.8340240774672 61906789749.50537 0.024146491530178588 1.0 0.0 -0.5787837828290232 4.051229872414268
0.0 -93756449042.5398 -17483233948.031685 88751716.70300913 -5853.303134464538 6826.874048135516 -370.33974279035647 76391383.22698689 818.2351603529971 72933812189.43951 0.14909694376596477 1.0 3.552713678800501e-15 -1.4343116011037906 -0.6824127190840267
0.0 -272520306474.12646 -20019774155.206482 -2725308038.7899985 -13570.333951223589 -2463.2671918483757 626.1157304120553 46164637.72357577 815.4544822470419 123189542153.55856 0.29517333276185215 1.0 -2.220446049250313e-16 -0.6465514781664871 -1.091005761151878
0.0 -206685299310.68143 77001397725.8951 3867832667.0062633 -9760.111841984273 4437.762032295497 264.33397108600514 44234805.3763008 822.0207370375389 111596458425.66257 0.26076628719701106 1.0 -1.1102230246251565e-16 -0.6983017779401997 -1.1384456583262472
0.0 -202170596120.47687 129300477228.64532 12126102199.33745 -10117.754711566979 8598.898978766843 -369.4236788271776 68133341.17831355 850.1248419126138 110900885919.60193 0.26095612159174303 1.0 4.440892098500626e-15 -5.742737176358792 1.1428313921098288
0.0 -45641668743.027695 93551043023.71072 1325661549.238762 -17331.317447805526 10743.274772828248 547.9954075364088 76444050.33385062 844.6328964559549 71550343675.71634 0.12460851140728868 1.0 1.5543122344752192e-15 -1.6650727888954178 -0.18353505989932728
0.0 -61686917432.73831 178311512306.25397 -11182825828.767792 -4919.048298168253 9946.008855612068 450.7465883754999 39735056.6967347 822.1961571580623 88172236012.07162 0.1578987513745308 1.0 -4.440892098500626e-16 5.310366474163888 -1.0098079235433928
0.0 -39847232510.009 77995357429.51932 -1935697974.3620677 -14907.536119060778 10895.541124450494 801.0304122361276 76933758.40514193 843.0064008135334 72185037561.76828 0.12061264987494458 1.0 5.329070518200751e-15 -1.653130150949793 -0.1411187505541467
0.0 104024403018.33252 71003637238.0902 -3939144877.3563395 4417.070390556473 19251.753502945718 61.61049425278361 71207364.37100986 862.307522157782 65402141159.06476 0.08260481325962835 1.0 0.0 -0.3549707917191133 -2.4412405775214028
0.0 51989919358.71555 105971129578.37653 -1939781448.092667 3949.454054352842 7627.449853788633 -367.88585146818485 32151390.003909655 803.2799284438146 62913803448.6781 0.038002428891405676 1.0 0.0 5.503881298675965 -1.6830183515816057
0.0 64477330514.38661 -27165546643.68402 -6648652521.175385 9945.550472422852 3855.108647140267 322.7736573586051 67768406.37966605 846.2794146281805 58216681042.16867 0.04627411156498348 1.0 0.0 -1.0556218079688737 -1.4423651478801125
0.0 -83906803836.33076 26385713298.142273 1777966391.1879885 -14630.387379905644 2639.055310441119 114.86113311191332 77487546.75124907 865.4746150280179 74216653757.54391 0.13500951177668052 1.0 9.769962616701378e-15 -1.5837623034362247 -0.4005749067144273
0.0 -17212928715.53012 166079877919.6491 -4812212878.74419 -626.8085554283934 10557.253454432726 -76.07556984673363 36962226.45032139 801.1130217371857 77724093912.87628 0.10886217952566746 1.0 -4.440892098500626e-16 5.330390000133516 -1.1976422702082217
0.0 -14648725924.55478 88692911088.75916 -5915616607.548162 -7618.8275204414385 11608.95590541184 1203.9811119236313 72017599.56427819 849.5772205790287 66364075388.88574 0.13077086143709146 1.0 4.440892098500626e-16 -0.39027033305971337 -2.1305665458714413
0.0 -95880889903.34164 -11953615341.85849 -6248513444.156434 -7924.128721564801 3694.8728444133158 -748.538188250917 77213333.25571446 869.9729622671845 77900524028.98624 0.14806874243301343 1.0 1.3322676295501878e-15 -0.06748880636645316 -2.5680155685137427
0.0 88983796581.1287 52070056923.60275 -10129094389.04759 4640.22712893624 21042.580975888708 876.5623169656565 72212410.2299012 853.5093342852509 63482015488.87863 0.05539741047233425 1.0 1.1102230246251565e-16 -1.8147878010840441 -0.25625473174404667
0.0 2778409847.9901733 73495532898.04388 -214111593.47437954 -1006.1925391511104 10844.613527484227 972.333180877227 74576261.89786623 836.4041888878096 71272681575.55945 0.14557092129203492 1.0 2.220446049250313e-16 -0.37490117535816936 -2.11090594956041
0.0 104706622176.7719 -10446919697.803238 -1430690605.7691822 14098.341903519267 7103.7806052098895 271.220024560944 70562051.78702652 822.4678295789811 63413368781.74518 0.0170780880817522 1.0 1.1102230246251565e-16 -1.430663473019068 -1.1730028182846541
0.0 -194396198347.4103 220920126422.79938 -1461688057.4938872 -17756.779322489165 9310.980149896275 713.8064979990313 67688090.83029607 823.4528587107516 109520132695.08942 0.26214272196460636 1.0 -6.661338147750939e-16 -5.79127487153902 1.2140552721195632
0.0 31726700681.892365 111549963465.33096 -1467496072.4174738 2701.793534173328 7474.439772322244 -286.0024758749796 33493460.082271636 787.5283613466653 67081319918.3501 0.06176155408139908 1.0 0.0 5.4878739162103845 -1.625243148804263
0.0 110523848095.02026 31465441146.373413 -11905462566.119015 10382.849813748948 14156.095886845698 1601.1935908597968 69294498.53574419 884.1906582575019 59793018898.546906 0.0023750268882839903 1.0 -2.220446049250313e-16 -1.6662679336387196 -0.710899147974037
0.0 -22276004238.05844 126110000444.09805 -8711163679.334658 -17473.729808041826 14019.727756853137 687.6351725933067 77060943.68782017 878.1679016681591 75987448972.32986 0.1817593507228516 1.0 -2.220446049250313e-16 -0.5747199463545413 -1.6932557015612884
0.0 67991338539.00147 71116420696.64459 -4533286914.996399 4394.461871078369 15243.698915360199 -15.983807883986515 73723878.99520844 834.6387314124355 68369420943.69983 0.11471709782446747 1.0 9.992007221626409e-16 -1.284927455950902 -1.0939079207605886
0.0 -72202096700.49808 63169640111.81637 2718072423.978325 -4965.668563888585 8894.941597718687 1024.7871779793757 75885545.19089627 847.84342017457 74644474914.89374 0.15599079352519277 1.0 6.661338147750939e-16 -0.15487316355710823 -2.361561975391527
0.0 -72026080817.11583 -7151497978.962067 -8517858922.726037 -10726.904025241232 866.6743482780694 87.1515384761019 77158527.02427566 867.1568440203572 74373025447.83951 0.14409356112687643 1.0 1.7763568394002505e-15 -1.4333654798678717 -0.7149827409085028
0.0 -85818132766.75458 48508796440.83809 8898089913.41401 -5024.398036612858 8918.666200038617 165.70969800654984 76851982.16615474 852.585215715106 76343815339.56418 0.17155800891756262 1.0 4.440892098500626e-16 -0.24178661192105277 -2.1701753219041224
0.0 113747288401.63065 -53187637961.52281 -3603722441.5414495 17329.19667477616 13104.849314797722 -353.7776226475328 70753547.2336389 868.331112568824 63182344892.112 0.004333818038343401 1.0 1.1102230246251565e-16 -1.466494283433763 -1.0454125694060057
0.0 -66804978256.27261 178304031533.89496 -3676883666.851856 -4468.772891887989 9964.324274816781 130.7648457333179 40117968.90047952 812.6579397008342 88897424029.47595 0.15284347634690648 1.0 0.0 5.233600372063316 -0.8491394260394207
0.0 21419762682.938538 1788009811.84729 922198258.2642088 1694.747696532988 -83.18259344218677 63.07863770256363 17654158.54546944 769.4842616899687 33349390265.948883 0.025474136422448862 1.0 -6.661338147750939e-16 0.28809460424619604 2.3321976707934753
0.0 -85340432675.75073 99512119178.52477 -5855247728.521499 -23444.97195642785 -755.3467543118713 116.93608193309143 74442154.25207649 875.1244535657322 70667188680.92062 0.1511644777922411 1.0 8.881784197001252e-16 -0.5482840839682367 -1.8592241463601353
0.0 116257239951.64168 -12333686215.854797 1479942405.662568 12233.434143412216 968.5573623012097 61.96056050916668 60264407.915983655 799.5894540476182 56363038476.78696 0.013382429585915623 1.0 0.0 -5.129057125749073 1.174895204687457
0.0 -17315953201.76834 164419536572.87482 5904001212.033612 -620.9363969054939 9915.948901633408 -594.238536639966 37348108.393913135 808.8769123415714 78985215208.03543 0.11393525897922943 1.0 0.0 5.3140910415619365 -1.1489878248877363
0.0 -52459085091.925415 149576474910.1902 -659265117.5341067 -2246.0579236226695 9721.177739180535 -172.6924647217844 37240764.950597 804.3965279647445 80540027208.84534 0.1370180650133725 1.0 4.440892098500626e-16 -0.6691090642372739 -1.6486781314621424
0.0 166812132751.57935 -13860991859.861725 7458753178.015288 16499.03228219533 8217.623032254394 -183.52066457419724 58961349.96357464 826.2362576154251 62213873353.381256 0.08229128076869954 1.0 2.220446049250313e-16 -5.19754368586443 0.8218886253819501
0.0 20465844794.59372 109769555433.85449 -1460507846.9254942 2265.7355891487387 7320.1391964421855 -467.28432157056966 32652184.524789535 781.3148144197177 65506941273.10092 0.06286905542355252 1.0 0.0 -0.5800997486751163 -2.034969566455661
0.0 46431523484.194695 52236799554.15604 13476449523.743736 7867.146569677567 3218.9891139381525 -63.473377344055734 73619032.74749604 888.8036718801296 66352364669.60657 0.04416738933569428 1.0 1.6653345369377348e-16 -1.7370059356647178 -0.4437012578078645
0.0 174592619661.66757 -79974443906.55382 -1342538401.4214048 19292.243990404564 3235.4309957471523 420.78582434078703 64230213.421765216 821.0286198405362 71120383606.6287 0.11784382864401574 1.0 0.0 0.49067144066509094 2.0286725240618857
0.0 -19982666732.984222 162493507417.70367 -8051808642.542431 -1770.3055093887306 10222.422023129493 303.2988575224617 37227242.73878197 789.2658926179607 79200345739.69537 0.12147016121989954 1.0 4.440892098500626e-16 5.396228949712814 -1.2985224491285379
0.0 64772371362.67302 -927854182.1530914 -6963321050.835804 8601.052740726675 5909.4571063727835 -431.05148717408406 67543322.84312783 852.8187669603417 59120864080.69931 0.02713978173714931 1.0 0.0 -1.214706358270401 -1.546162275085912
0.0 143442017166.91876 -19154987877.094955 2636605950.25115 15093.911634202108 3336.7196856685605 175.87551122565085 59244549.128907934 834.00441554184 58847909465.55664 0.04949610380450947 1.0 0.0 -5.142919336082399 0.9314156241513797
0.0 -285173861607.3981 -227050549348.607 471060116.5543995 -10253.78355756423 -20128.14538803355 -1322.7820323803062 75247547.19153136 852.3759511155632 128208119181.4133 0.2558120481831898 1.0 5.551115123125783e-16 0.5003886721046751 1.5140918421226652
0.0 -65377213149.49939 42270454720.03405 5377521826.221319 -15187.490790813486 4217.95666143097 -445.17146514836895 77655177.13904339 841.7487776359366 73795451784.52078 0.12474874344252017 1.0 3.552713678800501e-15 -1.6235252417567283 -0.2150828260065123
0.0 -183858053888.2756 137486639463.82867 3334266172.6592207 -10667.657511690702 6815.773349195702 37.64936001723714 43173587.3406533 812.1857652161723 104157540464.45703 0.22646404381238794 1.0 4.996003610813204e-16 -0.9115152424740285 -0.8868088619486116
0.0 -44603934173.440704 142904553478.9659 -4722101682.734838 -3159.0326028303043 9332.774583314836 -36.996083085646205 36246875.40926001 798.4186120786158 78057172670.71481 0.12612235887683115 1.0 -4.440892098500626e-16 -0.4332356634119243 -2.0980652103952235
0.0 -264371693767.2942 131266681154.70221 -9383167840.598574 -20015.146090395985 685.7219139105164 862.0301638772476 69521119.13266623 830.8405975168143 113974106458.42654 0.261569351461748 1.0 1.4210854715202004e-14 0.4888748860903731 1.3016926522695844
0.0 -122727540712.11234 160161830875.1273 5244414843.757058 -7680.778648405613 8887.667141511494 -249.1092827478775 40151084.01907956 807.3064213577164 92337386838.85587 0.19060904992792616 1.0 5.620504062164855e-16 -0.6379989231093941 -1.5091913510083688
0.0 -335935852178.91943 -146500951565.272 -3616853144.5217285 -9621.108709703203 -25743.2175502932 -855.4259527675622 75332211.68077913 866.9016331840967 127881113461.78061 0.25507913567257473 1.0 4.440892098500626e-16 0.411620844904596 1.6914647811508998
0.0 -105388685430.92987 165085182407.6175 -1600197911.848351 -6690.441171877977 9310.472423500803 111.47988909364425 40425994.75746912 798.2012088913078 92222049126.64325 0.1847483238314869 1.0 -1.637578961322106e-14 -0.8302064926302755 -1.1964697372671838
0.0 33972714779.95105 42566489278.852234 1522701662.1567743 6718.110653704498 6043.181197588134 -766.722164014471 71636390.54584688 860.6589399706671 62125173929.140625 0.027219614981793303 1.0 0.0 -1.7852952525210033 -0.28783367964078677
0.0 -51582564652.37479 141977611791.6079 132441180.15670574 -2684.0590550668803 9103.255037012425 -105.41165148748387 37728464.14959669 794.5290842282359 82548844919.97 0.14715506767837117 1.0 -4.440892098500626e-16 -0.6353807053086542 -1.6718564898460941
0.0 69755193430.649 53018296031.94458 1817790904.079372 7931.557626156005 10572.98051097082 -989.4760011800035 72615692.93740252 850.9430313373873 66055476153.23001 0.06976228772699494 1.0 -1.1102230246251565e-16 -1.566704835011961 -0.8446016555540939
0.0 -58666677517.77571 26176503716.45494 -5650620353.187388 1211.731419936208 6385.489429529971 266.265361912051 75807392.19481069 841.0927858632693 70211790535.07257 0.11813912747472284 1.0 3.9968028886505635e-15 -1.6969705703099423 -0.15541415389056268
0.0 -62182778305.7406 39533033804.78906 8863263060.218224 -6582.647433042528 7740.7139626613025 787.5631832097978 74719074.43571678 848.127022752124 70261885862.23868 0.1539426989354206 1.0 -4.440892098500626e-16 -1.2063341630450222 -1.0033219166574765
0.0 -266565406508.11896 54710320089.99629 -7119227710.519494 -15964.400464108681 314.7814158878482 207.8624208060745 70301979.93026936 830.1104338509635 115784578138.88992 0.2591962167726106 1.0 -6.339373470609644e-14 0.5306974528419836 1.2648763229829385
0.0 27016543807.38878 107952850102.89505 -1591646524.649403 2992.386300972943 6958.303033370705 -468.2170037402976 32781321.139492206 801.4690824372631 65420115882.37668 0.0582114697154056 1.0 0.0 5.592464870337462 -1.836430577956882
0.0 -3225958534.325989 121735739947.1037 -3049229581.633892 1252.2314269823073 7918.990575497202 -396.48338113026705 34388380.29640611 801.6876634719831 70820677106.50562 0.08941937219141495 1.0 0.0 -0.6259565054483716 -1.878619694340994
0.0 -38822176232.964874 168160837233.68005 3186690340.4433384 -2180.103181083965 10419.249341181761 -485.36726103666695 37789555.378652774 815.0761560688617 81143307734.16187 0.12993641455808153 1.0 0.0 5.377757733088528 -1.236615633111855
0.0 -120575333688.18399 165790118863.9568 -5597445006.602364 -7636.026668379069 9235.868267816795 326.3778833645 40594949.67191443 802.1833834666501 93189179259.42792 0.19020998202583778 1.0 1.1102230246251565e-15 -0.7972047488076774 -1.2363228363359826
0.0 14015923970.948883 139398025080.86337 -344770671.5599923 934.9928462068019 9185.784328356496 -504.06191228313844 35272326.46411829 798.3210555122125 72546257292.24716 0.08851395649273604 1.0 4.440892098500626e-16 5.427335854556389 -1.4487402816607515
0.0 -79702386529.84282 19582343734.41365 7463754194.14806 -13400.514107796642 483.8539855155577 954.9628130157051 76067751.18121122 897.2324620475911 73311442937.58093 0.15138362245253648 1.0 5.773159728050814e-15 -0.8957905386144492 -1.4511744265019046
0.0 -285521252564.12634 10472359080.160706 8481199921.288437 -13493.017197411558 -2569.034167441323 -357.9843462177689 47272347.03659248 808.3976195574778 125955493551.91049 0.28322748004792553 1.0 1.1102230246251565e-16 -0.9767171318407484 -0.5021797328032434
0.0 50097674986.523254 53187818150.10651 -4732334297.754458 8007.5675503362545 7376.812114751287 343.7002208766844 70458528.50377232 848.4438967517164 61042635808.070526 0.019947308690586057 1.0 3.3306690738754696e-16 -1.775080325649145 -0.46919085351316747
0.0 100521446090.3493 61051231574.72806 -9445500921.748482 6851.502041269014 22995.18081724015 1075.9496391700638 75658458.29518816 866.5018985834289 69461615566.38452 0.07772186862342231 1.0 -1.1102230246251565e-16 -1.7464876859425191 -0.22323421409628286
0.0 117469796331.7875 31386901138.501587 -934527097.9406481 8496.793430713775 -1558.2081084739857 407.336310568113 62730196.65569145 854.5246910959497 66497145222.71814 0.10525544636123531 1.0 0.0 0.3097084504300156 2.3701566971175008
0.0 31951015611.290363 61743966421.44711 -3097885665.8008127 3165.0376443663554 11463.095653431836 776.6970772530757 74562625.12551488 842.702972565738 69851422811.83536 0.13085064384141296 1.0 1.3322676295501878e-15 -1.279142604547453 -1.0256058856196886
0.0 118569405798.20625 -60714726710.82846 -10604296603.529696 19987.497254251022 10878.950104010772 1047.0795742451169 69885063.25314337 883.5036415545916 62744386043.51657 0.0017378405166272454 1.0 0.0 -1.27905308761475 -1.3868186749700007
0.0 143616570124.50397 -25484281519.101944 7663163788.384434 13813.424288895987 4439.040003975169 377.88686654357593 62525268.17085841 816.298249299951 65512278559.5957 0.10284950585221085 1.0 2.220446049250313e-16 0.36773355431001997 2.28296385036101
0.0 83922429743.61475 10470480549.530518 2741603853.792469 8173.271918582643 11739.997649452924 -1459.5680248774265 68321932.89947388 847.0013721149581 59604501538.01535 0.022314601964949776 1.0 0.0 -1.5268838182218585 -1.0832320234578718
0.0 -86505907046.97137 43963418067.92773 -11720194040.843822 -12401.306484860757 3233.4921968141934 710.1022577715192 73438150.21413705 881.6941397994668 69652950269.55527 0.12529833667181345 1.0 8.881784197001252e-16 -0.1572064993922957 -2.4894561844543794
0.0 120190588439.69016 -42793091548.59566 -6599080970.866358 16879.309625689108 12352.516957822489 -241.58084721883665 66306549.89226512 818.9229251499532 58154700899.14221 0.018547402881811642 1.0 4.440892098500626e-16 -0.7237954451152644 -2.1136444128307397
0.0 -12449964900.190277 137714942523.09326 -1733267323.6788578 -850.1253407888889 9081.018246893762 -339.34907856978833 34744551.46378049 791.1421209268902 72548375279.37103 0.10001104334811764 1.0 4.440892098500626e-16 -0.49341741859173327 -2.0830453372998408
0.0 -241204576490.48358 140081565882.7439 -1123908996.1556761 -16042.507363011466 5548.5491066863 356.16580716466166 68727383.4255812 814.9860169598602 112245474165.95273 0.26149016299695593 1.0 1.554312234475219e-14 -5.764603608865221 1.2098929656229351
0.0 -201235741623.70764 133479185068.78305 9096989914.382532 -11735.788161425458 5367.774972962536 -498.45462664456244 43612133.150908485 800.5537476491029 106938472500.4935 0.2397405314640465 1.0 6.245004513516506e-17 -0.8517676843484514 -0.9496684654309556
0.0 116249746722.38026 -16252635193.33017 -4467787574.599076 15418.485283967322 6124.856286610357 535.2754730173107 70375028.8574676 806.625199433569 62546159328.19324 0.027610238018583894 1.0 2.7755575615628914e-16 -1.2853607665170916 -1.2183219580497253
0.0 -272982180374.0107 24036612203.99048 13095527224.73995 -13466.85019027483 -1948.8994620630474 -592.3084494030671 46768613.00650729 824.7030230987849 124053941056.61908 0.2866267452247939 1.0 -3.3306690738754696e-16 -0.8978960852679407 -0.6660890263385745
0.0 -104240047401.27567 11202675708.902618 3395008639.809778 -14152.318011599828 -1037.1262802064593 -474.90669453066573 75491615.86669767 850.8137491210188 72735852487.45776 0.14509897040329287 1.0 1.3322676295501878e-15 -0.533149898061688 -1.9319612507164783
0.0 -24613393341.097107 60044504232.20889 -13880278476.065786 5117.875849708245 2170.498014975684 1397.37751498705 73564531.84381852 877.883003673017 65364003809.39978 0.07013254518030206 1.0 -1.1102230246251565e-16 -1.7870272784876806 -0.13233125079079078
0.0 -8411221573.985657 67634639065.161896 4218145902.230706 -1527.2864297720625 12899.134141692175 2168.653132632759 75078725.52131812 905.8504749859459 68196803367.57123 0.09567800667270861 1.0 -6.661338147750939e-16 -1.7368135216044565 -0.08047692934889095
0.0 -88549090722.9056 93628897566.24854 5111391713.885943 -22988.75413310105 -2081.953723425464 -1231.8335700696698 74950956.55339143 851.5312701328878 71608510098.3858 0.15088744665468046 1.0 -4.440892098500626e-16 -0.5769353005561512 -1.8350093145456414
0.0 -2466534339.2321167 122160386356.78528 -7563279995.990223 686.4111814221633 8218.137636341826 -131.44973844756566 34038890.278650045 780.8979360270426 70057652503.77228 0.08727466578174004 1.0 0.0 -0.5340102860319607 -2.0511742013756913
0.0 -109976300961.75003 -50662442279.23312 9307389288.46088 -12871.126081692162 -778.9669359554136 780.1207836653541 77532438.74572593 858.6010332890957 74908072684.27377 0.13966689547954514 1.0 -3.1086244689504383e-15 -1.479904791007801 -0.6491136921099624
0.0 133928203496.49532 -102077505050.11221 5540595839.617807 24189.383324168084 12410.08490310962 545.5789696703036 66375911.476304635 854.6132132624286 61367069760.486206 0.0016456096343193186 1.0 0.0 0.303013445224928 2.7678897302851624
0.0 -187504694435.72723 102174408516.92776 8599165644.828442 -10214.779945306067 5701.950776974449 -265.31202328084635 42847938.36867385 809.8826473882292 105214852567.60583 0.24065257591824912 1.0 8.326672684688674e-17 -0.594865567851165 -1.3888849643227497
0.0 47240459967.458145 25519430450.4075 -2345213774.169863 5724.426695485909 8495.669340310664 204.00139477414837 71392035.28757098 843.5766348561546 61949409546.71338 0.027753204497076273 1.0 -1.1102230246251565e-16 -1.7916764299117414 -0.32274400368520273
0.0 -258723171982.17072 -188369207374.5361 -18897679268.465065 -10865.33545837659 -15296.212478326623 155.13524084121372 75885045.34256268 880.9974472675642 129947050037.24902 0.2562205705689149 1.0 -7.216449660063518e-16 0.4551497982274172 1.6191953175550533
0.0 -49719824991.07422 58338914778.969574 7948112908.712029 -16341.90847803127 2082.8064500854234 -1162.9142424485256 75631194.32827386 856.7159176464145 72261254735.43124 0.15583280785001366 1.0 -8.881784197001252e-16 -1.0386180013716997 -1.2318208274902387
0.0 78385621882.0928 44247955406.32413 4260774593.7886395 5919.396998457065 15391.58868453217 -1359.1097358537897 73371654.65470973 854.3315744381563 68143002862.44525 0.1177207797507002 1.0 -4.440892098500626e-16 -0.9991636029306001 -1.4601358840134977
0.0 -152162125888.88266 151220171204.60727 -2514759501.3466406 -10389.27934793326 7429.383275370063 400.3569721100595 41396815.17881875 818.1277453378725 97996848426.61142 0.21367424105775198 1.0 -1.734723475976807e-16 -0.6230848273524066 -1.4467957035719208
0.0 -66808652689.33435 -11287022917.85173 -3723386640.1611986 -3890.5228212937614 5809.279746658787 30.728471854758027 77327749.29336424 844.9559790564912 73864318288.24866 0.1352411433403634 1.0 -2.220446049250313e-15 -1.5922664194860414 -0.37457930165958553
0.0 11893425477.143036 114115302656.4172 8260098873.510588 -3998.6564925140265 18216.698391600938 -2014.728829452916 77263769.96961258 894.6522258879684 73619126818.26248 0.13500094730088968 1.0 -2.220446049250313e-16 -1.6585379824084456 -0.27370174208092934
0.0 94088472288.84822 -40494915808.33984 6911835522.648932 12206.49721986879 2890.6702027421597 -331.9922926624039 66152359.75429782 831.9634876698412 60411666060.706665 0.009871404047634973 1.0 0.0 0.33231803958989836 2.642411879624961
0.0 53272660583.516495 42211376600.38806 4182353081.8893666 5161.380512413009 11618.134866286338 138.04192819927425 71045364.66770923 842.3130513490856 62670332952.28708 0.0671210390876843 1.0 0.0 -1.7639344411294766 -0.5227023152015062
0.0 36703740282.22895 99884976494.34636 -6604227121.570557 1810.9018072391154 15265.340917593387 2125.420765059671 74801925.40197857 880.9249634678739 70385400055.94351 0.13756843129147267 1.0 -2.220446049250313e-16 -1.219995667317157 -1.0750769501288875
0.0 -290897733007.69775 -27089036568.81421 701656620.123529 -13733.925528658361 -4473.234428430367 282.73601283927496 47127691.78999725 796.191320424101 127112914265.68283 0.29836285506268817 1.0 0.0 -0.8326664948497362 -0.7475417009037377
0.0 39939695551.72487 91176518747.4856 5014374020.966447 -4209.701361473701 18217.90766014579 149.78821393252485 76156990.92033924 827.8902109308239 72811002258.20944 0.155525330936808 1.0 1.5543122344752192e-15 -1.3168827845104267 -0.8459742561002919
0.0 -69569423813.21558 65967714285.82996 7679651433.072863 -9555.173457078829 9263.50922572716 -766.9147941494801 77241445.11226758 876.8360592556918 76615704541.89682 0.18221649343833057 1.0 6.661338147750939e-16 -0.4553575208068267 -1.8434663738840609
0.0 -95802872123.19537 110817534306.0524 -70536202.21766949 -18580.72694661448 6770.683507056809 875.7850234587518 76084448.83751237 835.5970060304167 75055686477.68472 0.15824000178419564 1.0 1.3322676295501878e-15 -0.1559768916784291 -2.350144282255899
0.0 -259493423250.26514 56349395469.061905 5082728227.808732 -14478.581027805705 1060.755397994355 118.26528512550783 44068337.44647156 798.4297238710193 112411536453.07907 0.26428308025852754 1.0 5.551115123125783e-17 -0.5031688262275604 -1.444965080929194
0.0 -42325570274.54897 54063856955.005035 -6390798248.037591 4371.732595792906 3451.0626629077033 -607.4945377934534 73142779.29288763 873.7345715364003 65977400079.7843 0.10337225354017904 1.0 1.1102230246251565e-15 -1.7443085563228076 -0.35352041319183924
0.0 -227633299.27268982 98661995431.9764 7486200687.350454 384.7703028039032 14384.079829664866 -704.324314423773 77079590.30487022 832.7379296207057 72914501930.37427 0.12334305835941774 1.0 1.1102230246251565e-16 -1.6919440956253937 -0.22392374202564413
0.0 7071511608.374573 138544242280.79456 1578267458.7668533 -17896.247542642097 18433.96209896924 1885.670038249958 77223419.25533217 864.4041709922942 75434380007.63263 0.17819372411250356 1.0 6.661338147750939e-16 -1.0924275591601882 -1.0453786462510901
0.0 -302625861688.59216 13726763516.290344 -153921549.35505915 -14521.849685265566 -4120.49171408194 34.98505496151543 47205323.12955931 819.4000062455823 125732132064.95245 0.28408067503391576 1.0 -5.551115123125783e-17 -0.9654697837403449 -0.5260111400019037
0.0 27255113069.875145 98765674005.00885 -8715734650.42726 2828.612895236347 6527.549481853722 -333.93528398947274 31733559.720879205 776.9328075821281 62887195727.17966 0.05028977641815273 1.0 0.0 -0.5389663462637353 -2.140403545369075
0.0 58742496314.81038 76497493621.51901 -2357678125.716485 1322.2185131598271 17033.78409436613 -393.47928953116286 74688479.1188283 865.3608395131971 70164331067.39084 0.13526552851876056 1.0 2.220446049250313e-16 -1.2274619235832953 -1.0760377102599186
0.0 92682083617.43695 420559669.868042 -2715755858.1003256 12568.40176401256 8844.267108428337 114.931525304808 69087421.90474473 850.7371637331534 59040327549.10806 0.030516767605467773 1.0 0.0 -1.4994865000374271 -0.8276264248298324
0.0 -17653929870.621674 85976577895.82199 6652283870.1722765 -3787.7943728824466 11206.509891552056 1049.9690090390168 74479571.73681572 842.2143460212271 71657885889.45471 0.13861255683858908 1.0 -2.220446049250313e-16 -0.1815032346148755 -2.4048605328125774
0.0 25850163451.990135 38302623743.028564 -847781957.2680209 3594.6793139293586 6671.222981998361 386.0242243407488 70598934.11654773 838.6815221829951 62228691152.0892 0.0664168770355435 1.0 1.1102230246251565e-15 -1.7175831467583231 -0.6370155974248096
0.0 -166670571348.63547 117550113927.32574 6641732220.606434 -8805.918388159742 7057.540371711204 -116.2297812594901 41195708.26796588 799.5166863534616 98270033027.14117 0.21371493298921568 1.0 -5.551115123125783e-17 -0.4559939868468916 -1.7212598566736856
0.0 -95276828302.88264 -38935045615.02486 -12646616520.587872 -11654.13688140198 281.5467037568633 -129.12127723430447 77455718.66597366 848.2292406682594 75017800782.88959 0.14136993995158575 1.0 6.217248937900877e-15 -1.4074723636600441 -0.7803724536886959
0.0 145677188949.32138 -9830239026.292542 -651707873.5171118 13983.677360211866 6476.362550796548 290.04607122184456 59979666.42612206 824.5361658280775 63550890794.10721 0.10062056113276623 1.0 -1.1102230246251565e-16 -5.279056058622061 1.0846271105013898
0.0 -130789526099.5393 128276060134.73393 2458761845.262129 -6655.694085893309 7987.5696678713575 -39.014611041113994 40239977.69619572 809.9833660862429 93667263256.65637 0.1960499800257064 1.0 -7.077671781985373e-16 -0.49360089229591686 -1.7284868296493001
0.0 -135503658077.30579 159569924414.21323 5908117666.147338 -7701.061537490912 8942.934989742382 -335.750815761639 41558825.13318744 813.6866001791883 96493014430.51581 0.19737534574625398 1.0 1.0547118733938987e-15 -0.917039474710782 -0.9861727399611875
0.0 -144153631713.14957 196243812388.64227 -12024387608.582624 -14548.105166457382 8562.502776349065 692.3520618063056 67292371.71028854 865.7904198300704 109051608504.98715 0.25780157945095494 1.0 5.10702591327572e-15 -5.68269968112911 0.9951158821706297
0.0 11570621482.72998 127087435346.65848 -1758134166.0463357 1329.2160433803328 8433.603571479078 -412.370091379327 34051056.95433116 804.4477203652743 69572046939.36835 0.08188900848479522 1.0 0.0 5.6226601489147185 -1.8370580481013603
0.0 68857646775.24384 -24222982742.262466 -9936688267.759796 12372.370365642266 6106.508096529098 1012.8946619332406 71779789.04511409 849.2501776676165 63902089913.70029 0.0019999445186705406 1.0 0.0 -1.60506188225822 -0.7527219016281426
0.0 -94931124485.46478 103596647768.03705 -3029696748.8443375 -26719.944401153713 -269.52146305794304 83.68062867981426 77138778.74382487 843.0724424162854 73174609089.65494 0.13107793004872048 1.0 2.6645352591003757e-15 -1.6244255225829798 -0.27147190530426757
0.0 -29925664554.191437 86069345667.82416 -9016426630.943893 -11024.877957751272 9075.278874758285 1980.627218972737 71804291.70926084 860.7284772864411 66585742391.22345 0.11755384870685945 1.0 8.881784197001252e-16 -0.15316594541141937 -2.5138266919486583
0.0 98822977499.44806 -26697509741.51172 -1807314995.6766357 13962.755840321091 6098.917293584018 -586.0406845138016 69641239.0095993 851.3944337604161 62564201454.25632 0.0058108832034002855 1.0 0.0 -1.2007407870232074 -1.4944239250923952
0.0 52630814338.63187 -36149535315.86554 -8873180708.00868 9848.077818032863 2143.648885301147 148.25867871291553 66287404.871512294 854.2819921926986 58055779391.31061 0.032764143519895345 1.0 6.661338147750939e-16 -0.453927385907678 3.9767400492246
0.0 33907320293.31308 72950838646.16846 2160853308.2743587 5094.87254942883 9676.641432840792 -1235.4487175040902 70848284.64321342 853.6306047199884 62678460986.431885 0.07564861901273288 1.0 -2.220446049250313e-16 -1.6933534585635583 -0.6496541046795491
0.0 -25212510940.089584 76938622299.12325 -623491832.4106684 -1385.1093110620204 10662.12837179815 220.9612237133598 75886752.71691486 823.0093792141902 73288922525.44263 0.16640812726285076 1.0 1.7763568394002505e-15 -0.7038325874320268 -1.6010036133439172
0.0 29488708649.321915 66844015024.24655 -1921588108.9413924 -3631.854737470767 13208.847582125178 658.5867714491169 71320355.45920074 843.287212054055 64724688535.015076 0.12212599989117526 1.0 0.0 -0.6957513518499467 -1.7973933760202536
0.0 -54716962897.40021 197233112940.4507 3175739498.3698683 -6087.550827021707 11186.548054185194 -162.60061463520094 39839254.2838168 804.1878923223718 87463741365.20502 0.14333638176391642 1.0 4.440892098500626e-16 5.2126826155559325 -0.8236821438641698
0.0 -88263340986.97618 6291186222.315475 7939545722.3575535 2956.8041480875763 5125.949454445476 -1421.723315338638 73637757.45920268 851.85568369797 68742130842.15866 0.15061853518555623 1.0 -8.881784197001252e-16 -0.8215746024142864 -1.5115519623243037
0.0 83906308106.18692 -28160114438.641037 -3691201442.041725 10563.351539799007 -243.20213389850687 416.51860783865095 69251157.38474278 856.4198188025225 61917086730.822174 0.038817376693853406 1.0 -1.1102230246251565e-16 -0.7949731773453044 -1.8414787366517462
0.0 126235835878.30164 60816688067.50108 -1414332123.5057085 6964.105041796458 27422.787851308804 -636.6177903025745 74769079.70134068 886.6200624127569 68141429468.40326 0.06711983190252674 1.0 -1.1102230246251565e-16 -1.7517919407135847 -0.31851591175241345
0.0 127257989888.34457 -89134532320.11745 628739475.611933 17520.958951829856 743.5298353378312 69.00944876415161 64180993.52501297 804.6760198085767 65236327648.84329 0.07317326066101641 1.0 -6.661338147750939e-16 0.6536462658178648 1.9897470510515216
0.0 -157578595458.01013 159231122916.16833 -1888592365.2075791 -9381.859740642614 7970.620364932305 161.450606128397 42527223.85919021 805.9146180034317 100564476581.2463 0.20993827304812557 1.0 4.163336342344337e-16 -0.9576059858984187 -0.856596012353736
0.0 -262165656913.8485 68052217575.83911 3933326441.590738 -14166.126196088957 451.09150966808556 6.196646374397176 45309627.370219186 810.6048868673596 116781970726.03299 0.2739397786306138 1.0 -5.551115123125783e-17 -0.7817100613934893 -0.9412155401983907
0.0 54429403612.742226 48508469863.67865 2443558660.5475297 6074.376261917416 6932.042864794166 -340.5941312913809 71786343.13838053 846.6176152515153 66002559965.81702 0.09284233943244652 1.0 2.220446049250313e-16 -0.6083848641468929 -2.0666680399101045
0.0 -110616370578.58633 140370052906.6282 -6468036811.442133 -6024.803796823317 8571.589062849407 331.4885490379358 39021239.040643446 779.7248787913423 88730492237.91818 0.1745907076013016 1.0 -1.4016565685892601e-15 -0.45132578272304674 -1.882497759790362
0.0 -50081411133.706116 38333538718.3822 -7154847608.992686 -6564.79256017988 6340.492040205827 -436.95427109791365 72877155.55851308 859.2555573070031 68435525159.12039 0.12952922537092754 1.0 4.440892098500626e-16 -0.19458118123270374 -2.402361701844966
0.0 -26285217547.59659 170974070413.75098 -9218374499.269245 -1617.7341238453282 10195.580249484128 267.03642086269093 38262340.08453502 804.0189463801116 81810298013.73254 0.12210293390853505 1.0 0.0 5.2560962857682325 -0.9939437573098148
0.0 19690901669.788635 2291223751.7236633 550301865.7711201 1532.0377175007998 -12.343305619953753 47.94841311539942 17368848.30711943 771.5487856175552 32890039290.36081 0.025742465376733303 1.0 -4.440892098500626e-16 0.301849365253582 2.2652233511561675
0.0 -24990859965.097343 77474561345.99274 5282230251.411797 4748.665382923442 2494.1209869610143 -1125.7226265821153 72874162.45122573 842.4578909065687 68223003962.17331 0.11493743150477462 1.0 4.440892098500626e-16 -0.32138450785003103 -2.329588953126454
0.0 40137553281.19589 96569473563.98433 2298483855.844683 -8117.297229088395 18811.605225304214 -606.2318096808839 76619918.08381517 879.2204281537028 73926143030.33658 0.16606360651728932 1.0 4.440892098500626e-16 -1.2264961763969657 -0.9216355144581054
0.0 -82434337645.06558 -15314147936.998455 -9277550263.660322 -5099.956381908815 6258.908025200701 338.26452022675295 76331835.20298396 850.4437262705079 72987098258.42227 0.15085422609587934 1.0 5.329070518200751e-15 -1.3726705659360627 -0.7792855485692
0.0 -183073684207.40613 128529583757.2689 -9738100104.519379 -9759.517897646452 8391.400964513428 553.0746203862677 67868869.96602252 870.5361882116426 110473680077.29474 0.2585526914668671 1.0 9.769962616701378e-15 -5.692323148846743 1.0376386244632687
0.0 12661569178.790436 130763093358.66058 -2784380753.4446926 788.7303424325873 8117.131269102232 -31.651241467545674 37081037.334221214 802.0904034607217 77336781605.65768 0.0981340145085838 1.0 0.0 5.25248252263653 -1.0405434158197413
0.0 -324503438496.2499 -140421842897.60785 -5954773554.91531 -11274.772771887761 -23679.884985138233 -695.2769603958919 74782418.12603411 816.1728789171293 126733599179.08524 0.2555827530149733 1.0 -1.7208456881689926e-15 0.49661361255611236 1.5091655761212353
0.0 -32653363231.878143 174485047123.3806 2849166383.782735 -2921.155845368632 10750.398009856945 -268.43917738539926 38045596.837773815 802.6020762516913 81746471997.1575 0.12951847692636861 1.0 -4.440892098500626e-16 5.3327148234801385 -1.145586445990291
0.0 -292081614522.2868 65933050920.182724 -7513440155.924952 -19496.37018529542 -4708.912511373745 306.0197205977137 70841861.0777097 862.1577292836805 116809929285.7482 0.26022673217949954 1.0 -8.693046282814976e-14 0.4551862446843581 1.4272958587814664
0.0 -88137329033.70218 19287263032.48398 -6552386992.571199 599.0042117904832 5983.4630162662215 387.8584981926697 72158175.241 858.4023227951382 67041555863.81836 0.12552996320443838 1.0 -4.440892098500626e-16 -0.20907969721426112 -2.3945749746314835
0.0 -129968003614.10802 73879800260.65268 -11845368319.704195 -25231.601756501637 -8200.284696281622 -683.0785164130234 77180541.083087 894.7074045050502 74414622664.11203 0.1438941551417862 1.0 4.440892098500626e-15 -1.4333303152093952 -0.7163103415629278
0.0 -164700352797.18488 202371972908.11475 13173618274.63147 -14191.281019536444 9073.641210325719 -392.031379499638 68093219.11294463 842.1575899361072 110302460982.25519 0.2629770808355781 1.0 -2.4424906541753444e-15 0.42071654820985405 1.3612584268389112
0.0 186571203495.28677 -14480169928.472015 -3545790587.528776 17895.716977069904 12156.27812361451 701.6593841365295 59078929.34158566 816.1863938676784 60890517553.79816 0.07080322707906964 1.0 1.1102230246251565e-16 -5.176021701881651 0.8689193565064642
0.0 85469747388.79112 78355136224.24037 -5142340009.469463 -416.23756269509613 19731.368339418448 95.72168840622771 72430551.93198933 830.6322332705654 67561224329.73236 0.10585342826600401 1.0 0.0 -0.26960106893855873 -2.4444640096712975
