Label t_t m_0 |Delta_a| |Delta_e| cos(Delta_i) Delta_Omega Delta_omega Delta_theta
0.0 75867230.02880087 856.3973384255415 71689352482.45255 0.14623285257829677 1.0 3.552713678800501e-15 -1.5190327843692601 -0.5408894597661024
0.0 74508793.55084455 858.5698979952153 35246801894.98804 0.09075058857773333 0.9998175574529897 0.33687821036506627 -0.5890605047599438 -2.0000540697092033
0.0 75396380.075151 853.3494734182697 68985430913.53922 0.10401186305215704 1.0 2.4424906541753444e-15 -1.7236765245733965 -0.09528276321903628
0.0 72757686.87514207 844.609634644231 31891978238.911316 0.07969227710859263 0.9978826214460386 0.8857337352256014 -1.1956711268265665 -1.7084451814091866
0.0 67282960.90421939 838.6873320228246 108640533519.45273 0.2605573772679811 1.0 7.327471962526033e-15 -5.744967573245347 1.1131464148461991
0.0 65943086.28537943 865.6298698765873 32697155916.876312 0.07662030148404654 0.9735568247498231 1.3909685776548797 -4.446274315153902 -1.7350526610025925
0.0 37271430.33056457 807.9796084193429 79896809264.37369 0.12942798140585887 1.0 0.0 5.47841285796198 -1.4309805899313999
0.0 38926414.45206968 820.8977290199232 25708763998.84726 0.21601728519600877 0.9999661549746947 0.2724442526646853 -5.5942667047731565 -2.615430453210936
0.0 35346976.48678275 797.7874176941096 74255271450.92374 0.10783507483535666 1.0 4.440892098500626e-16 -0.5737954213183909 -1.9139899272322327
0.0 35876799.93270447 794.7721271348652 19647674515.41617 0.18780927783451462 0.9996818742411082 0.47263971349668044 -6.037872745116774 -2.7203790630523446
0.0 69922645.53010225 847.3153894005 60326583073.523285 0.005044275254753677 1.0 0.0 -1.725402370341217 -0.5655950397016603
0.0 69114973.56438099 863.7987233819571 60247849498.6402 0.08015645231041907 0.9983733175943409 0.3709400859139431 -1.3608116057935615 -1.112063542943028
0.0 72407640.15035783 834.3880453550606 120851229113.12418 0.2534497073022234 1.0 2.3314683517128287e-15 0.5972992127181684 1.2345575533981534
0.0 69983286.24299623 852.9091293194942 3053595190.8418274 0.4450047378877926 0.998940083050497 -1.3884650574323976 -2.3112167152407337 5.4372416631172165
0.0 70720620.46764052 868.0565162927606 63726790938.689575 0.0308805313683322 1.0 -1.1102230246251565e-16 -1.407504628052035 -1.2073393602217757
0.0 69688272.7743365 861.6375215771836 52976752765.31592 0.019565494745130002 0.999996855607694 -0.48845379994734306 -0.4007008206666334 -1.959681317920187
0.0 74653418.5265318 850.6758650512522 67329434794.37958 0.08800114182452513 1.0 2.886579864025407e-15 -1.7528683903251843 -0.08508978669391709
0.0 74452251.4899091 850.9574753415397 17879078821.929047 0.015114482892768427 0.9999799056826928 0.18526975450751704 -0.1546463024379998 -1.8703583155023182
0.0 73180426.43610513 804.3501582998898 122265139010.97266 0.2563681898986815 1.0 -4.6629367034256575e-15 0.4830287575104545 1.4808773698982485
0.0 72546919.96575293 874.7261790355984 32729024001.907074 0.019436314855531364 0.9876263443905277 -0.7752237227240086 -1.1862034612789978 -1.9172678606825235
0.0 74602593.96655005 859.9928602816187 70573029261.14154 0.15570944477533769 1.0 1.3322676295501878e-15 -0.8300465792031742 -1.4862941114808783
0.0 74222645.21018097 878.3942594662134 39703135104.54477 0.1165343738322873 0.9990294392098199 0.4072025884646593 -0.6552707659347975 -1.9431042469671451
0.0 45621488.61118798 822.2859146584346 121777188264.25089 0.2908120593591311 1.0 1.1102230246251565e-16 -0.46096770431850287 -1.4108339176257978
0.0 45487628.222919695 823.1630249913842 13432218468.119537 0.3604502973505963 0.9998750051749336 -1.0464370804770546 -0.3355758654151919 -0.21232368818036695
0.0 47097653.73570235 805.565996573243 126116593945.43488 0.2917671906756829 1.0 -2.220446049250313e-16 -0.8949585229484107 -0.6500502650954916
0.0 47750591.09224369 815.6562503529038 19397585531.1167 0.23906732581316353 0.9975778978493889 -0.83629260320661 1.9403373644964361 -2.1522165930167074
0.0 69374493.68592034 831.7030477348427 62669963447.822205 0.025446203487774634 1.0 0.0 -0.9315650652275931 -1.9068608674010616
0.0 68854708.14502965 854.8693489753351 51380502138.394196 0.03666430381590963 0.9996834148428648 -0.00886142532487344 -0.8096498153078246 -2.099608036654083
0.0 73899289.08950123 854.5637899849104 69903112258.28815 0.14510862846080047 1.0 4.440892098500626e-16 -0.38702959473241816 -2.08319978781208
0.0 73486172.3355835 844.4599068331785 34325549789.845276 0.11285528777076392 0.9999616016808304 -0.3234045335878979 -0.08076032572264863 -1.9823083177834528
0.0 33445438.65093101 779.9462731817543 68239067903.41669 0.07837692898948222 1.0 0.0 -0.5110574841755069 -2.1200727581477814
0.0 35122697.49574118 787.4019293937639 18345849758.507416 0.1578409859100054 0.9999374208683949 0.37165425178825284 -6.061808702287069 -2.7300372578007135
0.0 75398249.77347267 834.3398688673765 68858441976.2651 0.0685646182243927 1.0 1.6653345369377348e-16 -1.7474925358014417 -0.23269885196778795
1.0 72909852.96951094 833.8290613572593 16457440874.776184 0.023356856057451747 0.9999834173113921 -1.3018770340790633 1.2561497456451511 -2.4659349934196744
0.0 76678324.12849274 859.6893611560282 73792148355.45862 0.149445718924394 1.0 5.773159728050814e-15 -1.3082408964537586 -0.8945567961997877
0.0 76109109.12634256 865.810045528448 44200780127.16858 0.09848357050586598 0.9992837857926461 -5.716014215434116 -0.9801415422030596 -1.8422759428786468
0.0 76857748.76568852 871.4856528436587 75982044645.46988 0.1767603521299822 1.0 1.9984014443252818e-15 -0.3732294498177622 -1.9712258455639127
0.0 76283903.72425511 871.6980877578892 37574964594.325714 0.10298701871390493 0.9993553348601215 0.22493618077814692 -0.6997323647692825 -1.874141822494749
0.0 72382215.30887932 849.4059967298475 63041973068.13083 0.03660410102876459 1.0 0.0 -1.7816138906433832 -0.20240821768747685
0.0 71318907.03443192 858.5965157425576 23838916344.776672 0.004287674391679097 0.9998583004121147 -0.8101064890667188 0.787207454813865 -1.9974968752563382
0.0 69557575.758974 867.2301114354653 62167617743.335175 0.09197785310115864 1.0 0.0 -0.4690652392187792 -2.2222389067259085
0.0 67162466.8844374 851.7356319093778 23126181730.846497 0.017990863529980194 0.998535859947286 0.3055469861662421 -0.4502177950349555 -2.5272233750327695
0.0 70757576.76513723 851.9895807113727 63912539699.26596 0.11330346029818941 1.0 2.220446049250313e-16 -0.5874942161312393 -1.9717723257894553
0.0 68699920.47244056 842.6826199235758 29351655956.653015 0.07998025601920987 0.9986858382779822 0.2947440832464372 -0.7060378383801208 -2.1852184129757823
0.0 71874637.17498216 856.3915262935672 65944870831.828125 0.13023524985492696 1.0 1.1102230246251565e-15 -0.4902940697216791 -2.008660559879133
0.0 70850793.1613307 879.3330106095085 27593779861.98828 0.0682963436306045 0.9966524653534707 0.4546485956092421 -0.7141093208059642 -2.175862881968202
0.0 69922481.2853978 876.4321245662236 62111862555.86221 0.08882690005685902 1.0 0.0 -1.1575606193209278 -1.386790493975513
1.0 68946770.23437576 880.3553033383995 38160678991.74512 0.05706538234961707 0.9996277568793414 0.4373179332027338 -0.6517728376015179 -2.1940410348109634
0.0 46733513.39954002 814.5118428345417 126520593509.56503 0.30316703528429867 1.0 1.1102230246251565e-16 -0.665665025330698 -1.0285134717558317
0.0 47523596.756040975 815.5299162774912 13756178196.334503 0.3159663538944178 0.9972945743790955 1.5173552268200603 2.5118881193054903 -5.933157375908202
0.0 75373544.88598001 920.2160731202792 71425001600.8778 0.1464596396323789 1.0 -6.661338147750939e-16 -1.2425848920054767 -0.9997613049484173
0.0 73540928.52090426 910.412429715437 45715983202.93381 0.08600747170025752 0.9992267897266581 0.02649613093526404 -0.8627010893971818 -1.7944407863303309
0.0 41828694.32360171 799.1831431981335 98072003635.98505 0.2060808478283194 1.0 1.942890293094024e-16 -0.8771577822489256 -1.0311369511212218
0.0 41840290.58869985 808.5086823312382 25296901314.658356 0.2669715466528252 0.9999649381897936 4.332159484512537 2.815349885069331 -2.2517413497051724
0.0 40955178.31216433 804.9422626239489 95689388695.32257 0.20401287713408425 1.0 4.440892098500626e-16 -0.6657393742046339 -1.4122929514952591
0.0 40370329.60984907 798.9848752490785 19694682935.05484 0.2854525705861767 0.9997132019511705 4.405386803880077 2.9971983879456707 -2.5393325407274054
0.0 76748203.13398531 884.6644126028978 73490972356.60388 0.1463017270169225 1.0 0.0 -1.4678064399711106 -0.6348637594188735
0.0 75972315.37777337 880.4150095692489 41118558270.95502 0.07381111014190678 0.9983118323587549 0.7617187388707087 -0.9815907406400817 -1.8545844854655325
0.0 74600882.72057614 850.218028227713 71284035430.70892 0.1432605502372471 1.0 3.1086244689504383e-15 -0.37759823167381434 -2.1191318678665665
0.0 74393202.4235891 869.1232232188614 46826410636.845856 0.12319577112424926 0.9997544556272411 0.2338599209013883 -0.5376205892559631 -2.098837192869254
0.0 39953216.2683527 800.6167215126745 91526478736.24078 0.18725593334456553 1.0 9.992007221626409e-16 -0.6321358433248694 -1.5315515145341945
0.0 40126769.018804334 818.9342130921826 23915270320.135834 0.24709232739110087 0.9995419167623592 4.362880992286655 2.9645167814834084 -2.510476000866842
0.0 46733386.60659462 789.53047000806 124600232009.2894 0.292081975234378 1.0 1.6653345369377348e-16 -0.8376485931309672 -0.7637356074241979
0.0 47453571.34345765 814.5833392624255 19042130708.2453 0.27824378670255945 0.9993888947617009 -0.7437722671462299 2.062076298282393 -2.2938439494429828
0.0 62385760.74439971 840.5287467327764 64680387729.12363 0.09955019242328408 1.0 2.220446049250313e-16 0.41763651080248465 2.2176561806375483
0.0 59911275.713768974 836.8076797710171 43303380491.72531 0.20044130891356593 0.9812726212688317 -0.4892833009653528 5.631172817869086 -2.48126880774736
0.0 72745492.77852118 832.7358833249747 64766222534.474365 0.01170242851444285 1.0 -2.220446049250313e-16 -1.6763721741060496 -0.5497874324115029
0.0 69967535.56861445 859.081610830897 41703295106.4198 0.018759600876552263 0.9996406347525919 -0.03841773787346725 -0.5966919242289218 -1.9967459374916678
0.0 40679712.80371757 819.8361276384557 96040976767.36319 0.2045082688270021 1.0 -2.220446049250313e-16 -0.43624219160937316 -1.7903233712816577
0.0 42313972.30596235 813.244704349375 15695230504.225708 0.24111841981057042 0.9999307396335736 -1.8666218474092877 2.9767263718632835 -2.452982248426357
0.0 74498927.82457188 830.7718556602597 66861580166.50702 0.03572311472333492 1.0 0.0 -1.7232765587236554 -0.29370989509415346
0.0 74119528.31128563 834.7273642901467 32689608476.197113 0.012894314019610553 0.9998554776184001 -0.23564920243720983 -0.10188150144007468 -1.730202744984303
0.0 72213442.32941395 846.3227500895623 65891620441.76956 0.13190379229616006 1.0 2.220446049250313e-16 -1.0339164258566949 -1.3348421746185932
0.0 71044058.13369079 856.8031564136904 40052672018.35089 0.08295967354188062 0.9985798241765833 0.3552500829508909 -0.9239559092081342 -1.8407302687772757
0.0 68028127.01098597 855.7016256460464 110220254225.16388 0.2629367255074513 1.0 1.7763568394002505e-15 0.4425922550356134 1.3181139290202568
0.0 67140863.02614374 899.5658000643231 51489709197.5181 0.06368080558279343 0.9686292487221183 -4.803146087803447 0.09264001358682439 -0.0025671423838319885
0.0 72166817.88568223 834.6322062958232 64204400254.46155 0.004703289165581284 1.0 1.1102230246251565e-16 -1.6370891280145679 -0.6640425396889698
0.0 70640437.07622835 857.3144415017791 45872871059.28674 0.02059125842511718 0.9995154742025039 -0.4468127230807658 -0.0832145078599031 -2.0359314045894643
0.0 39918622.143594 807.3624797951702 92697418812.33246 0.19080305316794396 1.0 6.106226635438361e-16 -0.42949112886917334 -1.8558136665778766
0.0 40133785.65305428 816.6652945408243 19755489558.05728 0.21044123498704173 0.9996979493463354 -1.9083969341030964 2.541927647065816 -2.277906603949028
0.0 69115020.68583572 820.8222994511724 61726098235.44873 0.044671449051052095 1.0 1.9984014443252818e-15 -0.6470891013796914 4.310229935169131
1.0 68209293.83588901 816.8045604716134 16165974295.415924 0.007961030404462971 0.9998839414592257 -2.7647653732858575 2.621553124070533 -2.7363721864166113
0.0 72233419.650597 827.362938056058 67037553968.548706 0.10307152848195286 1.0 2.220446049250313e-16 -0.36484282338904606 -2.330027625329433
0.0 71729663.41360994 831.8787223994161 19980287955.97513 0.0027918879516605766 0.9996691920180995 0.004056503715667681 -0.3125140406607132 -2.442483092733426
0.0 73700319.61516477 873.6172577422118 69110987903.7526 0.15034116798853925 1.0 4.440892098500626e-16 -0.6347584258304343 -1.744520055148158
0.0 72564901.31660889 870.6168287936133 42447700712.02121 0.11140340378153703 0.9957883518861651 0.5708651621693785 -0.9980566731865536 -1.8832786588665833
0.0 38575052.45918454 791.5581013439514 83778688679.61826 0.13948222194484328 1.0 0.0 5.333811093492422 -1.1178956375669458
0.0 38630253.186026834 798.5728607756644 22830756509.436127 0.20381509962412303 0.9999808602007829 -0.4680008228037633 1.1600851985781346 -2.4980728725000803
0.0 74580277.74651867 855.9352996543427 71565550388.79608 0.14351762470428914 1.0 0.0 -0.2651061625531763 -2.2644266297546807
0.0 74421871.85331298 851.4771396043031 38927568518.374176 0.08258476131377676 0.9999894287658537 -0.06306814460443189 -0.212621506827065 -2.2687643900183363
0.0 75179422.75136307 853.3754567781342 69353342113.41354 0.12036619698117686 1.0 6.661338147750939e-16 -1.7057467684683303 -0.21873919853943113
0.0 74970032.49202465 843.7247502241138 29011095723.14026 0.07334236821179405 0.9999714902163924 0.15146588063470423 -0.3293783244406915 -1.7380941695057386
0.0 43785374.97784735 800.9940708801412 108617188959.28976 0.2491569972965034 1.0 4.163336342344337e-17 -0.7654649528540497 -1.068519919073266
0.0 45316777.16843277 816.1877732031177 27996805691.193207 0.25676700199297625 0.999462227783866 -1.0735745750520043 2.2489990524294354 -2.285177870121183
0.0 71764432.79345387 851.8951529894126 64264901998.95267 0.018758770186290005 1.0 1.1102230246251565e-16 -1.6255206775937263 -0.7824746626952894
0.0 71063982.40755148 879.1356473283056 56346732153.85394 0.015548807934566991 0.9999243326211714 0.04454962852533173 -1.1861320491824228 -1.434461652132928
0.0 59983701.531489775 819.7169720289941 59189070812.798645 0.05520940004677205 1.0 -3.3306690738754696e-16 -5.161386823053958 1.0938838503380215
0.0 59735323.04342649 859.3264697046259 19245611479.44864 0.0539594727018623 0.9965536803856422 -0.7470413944651173 -5.821398687694867 2.6046174985985755
0.0 38797683.73423685 803.3155175281794 88059883579.38141 0.17072757088400425 1.0 -4.996003610813204e-16 -0.4109336179262871 -1.9663782295199845
0.0 38848349.418744594 811.828303615744 24398470155.616882 0.27057055434378097 0.9999995627060941 3.8258698925933197 -3.0300413002586453 -2.0516200406041283
0.0 71133734.84979352 844.2564907187323 63871725366.85852 0.02123971633229231 1.0 -1.1102230246251565e-16 -1.536963777546362 -0.9822252106018359
0.0 68703856.72763287 870.685924295067 49357760588.02307 0.021623605064548412 0.9999789538994092 -0.40044503826994915 -0.4360892195593955 -2.0960658139550543
0.0 74388908.70288229 875.2126780729095 69572181877.40219 0.1285791904383883 1.0 0.0 -1.2581885331878768 -1.0658646474361562
0.0 73713443.66882853 875.9120529532373 44404897633.1044 0.09833108186469684 0.9997439607539197 0.235397584624775 -0.7119420276853989 -1.903338810543967
0.0 75880666.88241476 869.8002381592881 73143444669.88858 0.14992092523890527 1.0 -1.7763568394002505e-15 -0.7602832984527187 -1.6287848188447704
0.0 75082506.37254103 887.551655962461 46956519592.8728 0.1342388185445288 0.9992159370863214 0.32803562643418527 -0.6067990067826425 -2.014782637434643
0.0 60026297.471833915 827.3587701611218 61808301003.927704 0.08471647460406402 1.0 -5.551115123125783e-16 -5.2388573740931825 1.1089203583235878
0.0 59557494.40064759 859.6314303953369 39235568888.84323 0.047724543138661604 0.9798065021207892 -0.7633266056109587 5.8682352266607225 -2.748612328357058
0.0 72213367.64736488 824.347539376676 64961241810.665985 0.035667669369203236 1.0 1.1102230246251565e-16 -1.6584689761543467 -0.7227131272821552
0.0 71341761.12945792 858.3071862582276 52729493740.98596 0.004596470495626143 0.9999842551887946 -0.031084057208394578 -1.0222363808427963 -1.524619322115317
0.0 77709085.53088734 880.5373395795827 73893372172.10553 0.12454918798666546 1.0 6.217248937900877e-15 -1.6220575382587379 -0.21716521162324676
0.0 75254322.31208986 869.6962968033237 17717849083.717407 0.02915215809650243 0.9943837747304649 0.8894894514021296 -1.066378350607334 -1.8791683463127868
0.0 63471202.828219675 833.6394850867442 57034706025.51648 0.0009489852594917955 1.0 0.0 -5.6177228062684 2.245677314009511
0.0 63284986.44908679 835.5462328882886 23578297044.83835 0.03466116738081684 0.9986307409303221 -0.06922284960206326 5.8501432088937815 -2.838534899454602
0.0 68811611.67430657 842.5354939525814 62203612276.38809 0.02678266376927261 1.0 -2.220446049250313e-16 -0.5305673206594206 -2.43872870448896
0.0 66797371.64946805 855.7043372477899 34403492712.87512 0.001672902418669242 0.9999719438747378 -0.5787485562077427 -0.4410489353926978 -2.312308796537873
0.0 69921345.76093678 848.8480301536401 62447723676.7688 0.0970256123338033 1.0 2.220446049250313e-16 -0.7469649372355114 -1.8573915374326821
1.0 69705169.06380929 846.9177726475826 29407124827.70981 0.037028406861742885 0.9997762354683902 0.25957766391808024 -0.41171213447953137 -2.2820019895433297
0.0 60069536.22052553 821.5189867260535 60816607426.10034 0.07454642919029966 1.0 -3.3306690738754696e-16 -5.2137139488680955 1.1216684739212737
0.0 59595572.81736431 851.1385500901139 30978426024.876526 0.06835293206130177 0.9987027878294629 -0.7201355035233863 0.607833236782525 2.441662933660067
0.0 42264086.79602538 789.0439778389949 102178940235.16531 0.2296100162575116 1.0 5.551115123125783e-17 -0.6135185066126971 -1.4012176761331212
0.0 42935606.377589464 802.2608174603024 23297501740.90207 0.2840049389453836 0.9997193788818134 -1.4372544216887724 2.6359557739254282 -2.391215504311626
0.0 69235244.09232831 846.4198893829935 62382360816.571045 0.0019971761187407844 1.0 -1.1102230246251565e-16 -1.066811141739755 -1.7084595270611986
0.0 68479285.9294747 854.5752792869425 47044464323.984436 0.08317130401524593 0.999748982970825 0.22330357443990634 -0.9573109874651689 -2.078335576300912
0.0 71376709.85939391 850.6551255215663 61868196281.29242 0.025376035497619312 1.0 0.0 -1.7867309935154791 -0.3228387891961464
0.0 70526983.70089106 849.0342015951402 48125679908.674164 0.05991596772380485 0.998587112389613 -0.29266955783599513 -0.2135748151063469 -1.5631592523949394
0.0 75672636.4248741 822.025031748378 72764486929.68777 0.15127250268260123 1.0 1.7763568394002505e-15 -0.7421306694745341 -1.6404330368423325
0.0 75336866.20888086 857.0324725098344 57071826838.612366 0.12431282694347154 0.9989868840338735 0.4242906366706394 -0.6339756773454781 -2.1559042407381757
0.0 74235242.93506399 854.2919683018354 68378184269.23428 0.09524355757639624 1.0 0.0 -1.6457217232068773 -0.5876124149913607
1.0 73814141.62333703 870.2404935092302 41920672516.725464 0.043619588945543006 0.9998586042782082 -0.03986333016835397 -0.4484786199839249 -1.8284610321206636
0.0 74681634.79483086 826.0957977300991 69606807349.4054 0.14391975048572014 1.0 -4.440892098500626e-16 -1.4940858470213334 -0.618760583463354
0.0 74370567.11328773 835.2726803805866 39228810258.11856 0.07672309675501415 0.9987920143748208 0.6394060753523512 -0.8507927529369319 -1.8556587159388611
0.0 72896539.44610466 835.0271613169866 121825347512.36304 0.25516158346667656 1.0 -8.881784197001252e-15 0.5481685485094621 1.3473771562718082
0.0 70847971.8134858 859.1048946446821 7236430738.000366 0.4147302667869242 0.9996353597538981 0.9115403359796143 0.10062737853727599 0.7422916150253442
0.0 70645046.35905272 831.6946366045045 62677288472.31149 0.08426106777846522 1.0 2.220446049250313e-16 -1.5669086778499843 -0.8354774501238341
1.0 69769342.0811768 845.9878440966701 35769644102.55594 0.03734640830271757 0.9993653162296816 0.3674619913244389 -0.48437168516504037 -2.2737143961614645
0.0 75942570.58205289 851.9280171186462 71190767767.52673 0.13442965586419475 1.0 3.1086244689504383e-15 -1.637875824293933 -0.312753135990431
1.0 75128928.77160278 866.8615982658172 28659429675.80667 0.06373715944963868 0.9997094523651693 0.608393459286027 -0.702233643908551 -1.9662108138608259
0.0 71467207.19981375 842.5366770083557 65193257172.72211 0.0777961583843233 1.0 0.0 -0.9840885889946455 -1.6564770148489056
0.0 70401388.53212446 873.0977370436378 53662295776.68579 0.03440958600883598 0.9983694957177364 0.036948930114864 -1.1177695809103345 -1.761741457410229
0.0 43905218.19998692 806.0469781108103 112753221118.64813 0.261854301831689 1.0 1.1102230246251565e-16 -0.37455400162808244 -1.6623688087603745
0.0 44196438.51395115 808.0847092552543 14711681449.480362 0.2991039859726463 0.9999805816820869 1.25034491467218 2.5390443517728296 -6.1379653732870985
0.0 75849844.15365052 844.9873697958793 72068916143.57852 0.1521050744473213 1.0 1.3322676295501878e-15 -1.3776615051115297 -0.7622310161133491
0.0 74944312.58798459 863.6901066001205 42189631225.75006 0.09554290404104802 0.9994789930403276 0.4490921803497345 -0.8199177662279553 -1.8472837488925486
0.0 75076532.09244889 847.6928858725014 68500830065.92703 0.06821074069055673 1.0 1.1102230246251565e-16 -1.7514163979715136 -0.27584581454155654
1.0 74994058.24834834 861.7177662355227 24525956750.84259 0.011409804654448769 0.9999977916369633 -1.0472121028572572 1.0304782114092759 -2.074517966113919
0.0 71025730.34168944 835.2774217723309 61573702932.1608 0.024396321025918544 1.0 1.1102230246251565e-16 -1.788376216559671 -0.3755532679595732
0.0 69992910.3217642 846.4019405917741 51553085038.4563 0.05101317666096862 0.9987393962662287 -0.5425445942761637 -0.22750872734642236 -1.4413395258746124
0.0 70726689.6998617 869.5374415416396 63808221282.19174 0.036115449983539376 1.0 1.1102230246251565e-16 -1.370171037167804 -1.2584385733669823
0.0 70592543.73074718 884.3117010327376 57310618729.39661 0.001028828136700105 0.9996742756846717 0.07124587550373263 -0.9993134647344697 -1.738757243298249
0.0 46320618.205829516 798.0470099146617 120650390880.7822 0.27344619723983665 1.0 -1.6653345369377348e-16 -0.9504630412326103 -0.6098422724701559
0.0 46132898.48568531 818.2955243235039 21239653285.946136 0.22506180917050506 0.9999726242060487 -0.14240064972305388 0.9938813606018492 -2.204709331656997
0.0 61626033.1964612 848.7705231506269 68042920708.80859 0.09600554417918819 1.0 -1.1102230246251565e-15 -5.2882481218177535 1.007005418271059
0.0 61274338.07008146 862.8442565331007 44197455559.16812 0.10370476513795984 0.977946256153349 -1.472663635085567 1.0239631144207508 2.0540439287388836
0.0 73550999.2002174 876.1080846188539 67066240744.27951 0.12044568007559718 1.0 1.1102230246251565e-15 -1.6624205460329566 -0.44990701655218956
0.0 72843928.233504 873.7395659516936 39265407960.07257 0.06880546667008389 0.9987834481069136 0.6573755465501165 -0.9864831607868545 -1.7692694654805958
0.0 75822029.75298443 873.3115767198259 70146686703.06137 0.11618782509252361 1.0 -4.440892098500626e-16 -1.6993017029803332 -0.14043153551271614
0.0 74332168.47495326 869.5884349179206 24839463310.713776 0.0435794663071353 0.99900642428781 0.7869819009724626 -0.8845390056314608 -1.9227118722113998
0.0 60820425.54079577 840.4165398677097 64688040228.24841 0.11285685049139507 1.0 1.1102230246251565e-16 -5.448465880596699 1.4120967019936106
0.0 60492553.02850967 872.5113618943966 63292951769.51538 0.11157474712971809 0.9697140352386351 -0.11682451019718032 4.627579379734778 -1.4500127731710368
0.0 76404097.52007553 861.2499493020402 72249107208.25635 0.13899460852713877 1.0 -4.440892098500626e-16 -1.598860271198039 -0.3770866231865495
0.0 75516024.56110495 856.4229724440463 32330658595.939453 0.08931446564206749 0.9996938002804523 0.709317389597925 -0.8030031044126673 -1.8689889236296877
0.0 72957888.37353787 827.864144466034 65127670973.98178 0.019335636494506647 1.0 -1.1102230246251565e-16 -1.69735912250486 -0.5167805126084906
0.0 70102937.89738058 850.5019606709208 40731438289.83124 0.01679204243511412 0.9994962000042074 -0.7100213812586181 0.1541609529163288 -2.1775370344533713
0.0 31421428.973017283 795.4763726263278 61622017490.86783 0.04037096361231188 1.0 4.440892098500626e-16 5.663058269112154 -2.0007783298526833
0.0 31798224.81163664 810.9473929330679 30553491712.204895 0.17492162803211916 0.9998139583456321 -0.3461374539719514 0.8890553252501807 -2.2990513249691293
0.0 40548174.81807499 809.7750522815155 95835936285.82788 0.20204330025393188 1.0 1.6653345369377348e-16 -0.3844601972866725 -1.8866525083988162
0.0 40901130.08852896 818.9269698751912 17806771509.291687 0.2617549785408734 0.9996984252600292 4.711984551391863 2.5244105454494123 -2.259483673361994
0.0 39766714.15832634 785.2782246149455 89729757943.06454 0.17575058888045464 1.0 -4.440892098500626e-16 5.493944012007898 -1.3025782681111961
0.0 39979215.87649298 800.932758240568 21563322694.99756 0.25712083343833886 0.9997387186599538 0.981457848295674 0.0629755941992074 -2.5800672496871835
0.0 45012083.36048831 796.2313366129034 113700670767.70587 0.2573651280773709 1.0 9.020562075079397e-17 -0.9135578062869655 -0.7580763372550217
0.0 44872962.090176255 805.3308963123134 24517597159.197205 0.25167167993570794 0.9999778463745428 0.5547260357335182 0.4170363136907437 -2.335984596539615
0.0 67736461.51286802 856.4856715324121 109260902553.95523 0.2624853943148429 1.0 -1.1102230246251565e-15 0.418092357066286 1.3542935379595638
0.0 65039276.11275663 885.1183538044163 1135520722.2694092 0.37785696659274975 0.9996098793815739 3.9705906630796743 -2.2870395099154797 6.003147004052538
0.0 40615189.517092735 818.91992334786 95894138982.95944 0.20337573865873124 1.0 3.3306690738754696e-16 -0.41662317690181644 -1.8274446789169723
0.0 67484619.54009758 851.7589695642656 61656646341.29361 0.009507925980251741 1.0 1.1102230246251565e-16 -0.1870608032322143 3.456864385997192
0.0 66648684.34686194 856.8610278170092 48139312920.00107 0.136110405267644 0.9999985658060315 -2.9792229155963748 2.1130030877380803 -2.3216804639291704
0.0 45767233.175797865 810.3688977316157 116339997456.4249 0.2533413908604544 1.0 9.020562075079397e-17 -1.0237663954964602 -0.5221835679886154
0.0 45903972.67118874 808.8792375980239 15021134946.543762 0.19765782377384955 0.9999996796466908 0.9486505238578514 -0.13054802552981543 -2.162299218785136
0.0 74227879.62079039 850.3215537246215 70884349971.85028 0.13391048462094216 1.0 2.220446049250313e-15 -0.24482358553326722 -2.3352019179868484
0.0 73639394.56599258 881.1231924990562 44189612916.25006 0.11585725954738282 0.9998642506947575 0.021466498536489187 -0.2905518657782724 -2.2268842686165704
0.0 73639223.50279808 827.7988877090773 67835993152.6745 0.13782336837059622 1.0 -2.220446049250313e-16 -1.4446361521617903 -0.7432810061159935
0.0 72581787.24606867 845.1348164647105 41633776182.60004 0.10211790653539084 0.9994101129818437 0.4045824825558826 -0.851428620714259 -1.8262033244715865
0.0 69426951.01514614 822.8750272677762 113467497843.48404 0.26144778314114775 1.0 7.105427357601002e-15 0.32194765853007246 1.6024583623145303
0.0 69459950.51099837 885.3612517913059 52060214672.17163 0.105178116131573 0.9660184810208629 0.7999119799496093 0.11751970818815982 0.7346050851198238
0.0 43150423.366426714 804.1637698997417 106163884181.98059 0.24325755939089758 1.0 2.7755575615628914e-17 -0.6679400086878335 -1.25802860288482
0.0 43695358.253398545 819.75006335838 23617385228.091858 0.31090101558683514 0.9999701178694279 -1.499936334879513 2.78341746611734 -2.3403675078084145
0.0 70642678.72423461 873.9599861363419 116389772655.24948 0.2604265492714937 1.0 -4.374278717023117e-14 0.4641746739052016 1.4013547970818212
0.0 68958156.41819695 869.9625694671362 29738876168.93396 0.06464678707124147 0.9997176858966702 3.236409278820803 0.44008210600217346 -2.082696544900717
0.0 42134914.98055358 808.5126239294386 103480783877.03375 0.2305408383511773 1.0 2.220446049250313e-16 -0.3734396320292629 -1.7898767589575837
0.0 43476717.085916534 803.5656988446115 14909726641.19049 0.23315623107584962 0.9999572638149314 -1.437949308793392 2.345057420437881 -2.292885331959476
0.0 66484629.853590675 848.5295632877027 106614872365.14474 0.25690771904095006 1.0 1.1102230246251565e-15 -5.691260862898337 0.986125494488552
0.0 65646073.58448131 882.7192927976974 44232512380.13013 0.00448226582932465 0.9756685363042519 -0.9024803302239025 -1.1823355813595997 -2.0532988368172056
0.0 74309606.3685241 853.8217451408941 67440357809.30914 0.1026102047429029 1.0 1.1102230246251565e-15 -1.7582821556452082 -0.18366982598485793
0.0 73300150.34093244 866.5884367108468 32743810284.317688 0.049522183790548555 0.9986239085054373 0.8108470923121787 -0.8860344597470524 -1.9668688154018683
0.0 69319984.28243653 859.43260763551 113231485531.24759 0.2619503359461156 1.0 5.773159728050814e-15 0.33839221622404825 1.5663088184402938
0.0 68926332.76630576 890.8657481455745 40425247756.785065 0.09746853115002446 0.9764419905161523 -4.594545718937516 0.9996758734306044 -0.9537989378777514
0.0 42057697.779568106 807.0551585228213 99431933832.72275 0.2131952041071621 1.0 -6.106226635438361e-16 -0.8418047677486691 -1.0704680818608658
0.0 41915323.91975837 812.4445840864123 20488760464.213165 0.2777263756786893 0.9999541515600996 4.387331678744347 -3.161525981990595 -2.552108994760184
0.0 74907241.88035858 852.8677120550476 68281865939.528015 0.10355242623591218 1.0 -8.881784197001252e-16 -1.7423130931800521 -0.13070821150036926
0.0 72626025.68650344 877.5044491576957 17049718677.531738 0.011521421006990412 0.9932150050048675 0.9319422210069387 -0.7703332053574206 -2.177183696117579
0.0 73676996.427488 853.1039346441228 70083016514.83798 0.1257765283106892 1.0 -4.440892098500626e-16 -0.1655471435698701 -2.479388511402539
0.0 73631393.59496634 864.9451795018103 28231596662.893677 0.07097219043518063 0.9999945519610433 -0.5605746081034071 0.2215307514057447 -2.2212398414722623
0.0 72571390.77041022 851.361545347932 66036980876.2865 0.07083290880658444 1.0 1.1102230246251565e-16 -1.5487778707564481 -0.8727731404202386
0.0 72296940.4059162 863.6942457344312 50408322389.35925 0.026793435186145936 0.9999475198414519 -0.48375593271588074 -0.10500692458903624 -1.8759249974371524
0.0 67366950.80601978 863.0504858983696 109017195601.75064 0.25982184415520365 1.0 3.9968028886505635e-15 -5.721781503738099 1.0723508534106094
0.0 67268310.97095306 864.28525107351 36094293763.61276 0.08826668948193868 0.9786215808543455 -0.28511823279504167 -0.8602765560811094 -2.349843799314329
0.0 68029317.12293787 829.7567200762585 61801020521.13846 0.03153208133095718 1.0 -4.440892098500626e-16 -0.2017846253288007 3.7224682780266014
0.0 67283725.05129868 836.1348187713445 10961096354.856049 0.04075068018410338 0.9989737828082059 0.177267242795907 5.95880942371379 -2.8218595158716777
0.0 72095966.88110119 857.4965330154383 66948149299.78143 0.12446902547096546 1.0 0.0 -0.2022757765220221 -2.409016061407482
0.0 71217091.56797335 859.102039403774 20703358649.34378 0.07271745979900365 0.999378318984761 0.16518821463448763 -0.6143102398294564 -2.1103991554956125
0.0 72322500.05746174 849.6110840546293 120020993349.92212 0.2578120757007663 1.0 -1.0103029524088925e-14 0.3997991811942209 1.5988079593489866
0.0 71898150.0760885 907.0912155396624 63902747310.04901 0.11461682421460753 0.9734867085609422 -1.4094512004811866 2.6198842751198 0.4535811959288567
0.0 77080125.79023767 835.1123796962405 77538354454.45538 0.15284253113308421 1.0 4.440892098500626e-16 -0.08140547412129706 -2.512863587375768
0.0 76686062.4050306 847.1170419823532 34394140676.700165 0.07084473886298343 0.9987405358850097 0.2209140691159135 -0.4999594240239571 -2.336930054858782
0.0 74402082.47786689 835.1625926149189 68627360502.6485 0.13076144815283366 1.0 4.440892098500626e-16 -1.634197428532898 -0.4261645280069345
1.0 73739931.1349892 857.8346392212878 33350575506.49698 0.07945508972407106 0.9995815726388652 0.5026464305586742 -0.58795325065045 -2.0122079245384885
0.0 32858409.82796403 786.2496166700024 64792338894.44971 0.045520310397609065 1.0 0.0 5.453996247746549 -1.574218644855913
0.0 33204266.83575194 807.9003730094248 34482889704.0069 0.17586446886406443 0.9998819051356632 -0.5077359991569814 1.1113608984001884 -2.197336650341966
0.0 75675217.66277784 851.7489938252266 68822325774.64383 0.05920458515579653 1.0 -1.1102230246251565e-16 -1.7290242264987736 -0.18060082961984336
1.0 74147606.66025737 867.4421332521811 21628090648.14908 0.04158362597156899 0.9999999882805116 -1.7781851738067023 1.8324713514041016 -2.3759318610514346
0.0 70089693.27174452 886.5667281268948 60005396947.46365 0.011092277771834594 1.0 -1.1102230246251565e-16 -1.6679408813788044 -0.5453340332675514
0.0 68799802.1733548 887.3441963860382 56609632702.02704 0.04516636446718243 0.9984318347026925 0.2760254797738193 -1.3238357500600535 -1.1983241483435356
0.0 60907970.7296444 847.5559574115736 62574207748.49115 0.09437487818463014 1.0 2.220446049250313e-16 -5.399681664423748 1.4461208749450245
0.0 60462158.83926389 846.6577514419047 64324527683.41559 0.12325370479174104 0.9745064716834829 -0.060512719271397675 3.8388705266257506 -0.650755884663857
0.0 69597008.53406328 851.8296452503979 61843589149.64856 0.04590545248568237 1.0 -1.1102230246251565e-16 -0.8616717034089626 -1.6917658357413232
1.0 69097260.70309906 841.782492558445 19529544923.81839 0.007914882076207191 0.9999920192845 -2.4978724878090564 2.347924217583099 -2.5552427492621295
0.0 76589818.9521545 857.0009348883076 73843765449.41556 0.15022492000974697 1.0 -1.3322676295501878e-15 -1.1973332359033628 -1.056496458289264
0.0 76549454.80740309 869.3336629441818 45650419486.30759 0.11101674933637225 0.9999985744162715 -0.11837748772468215 -0.12566250942422214 -2.00887025994821
0.0 63950479.86291439 807.4834714948049 68630012800.73343 0.10349465942527761 1.0 -4.440892098500626e-16 0.6008067962644073 1.9160833988450665
0.0 64071203.28106045 875.201046153367 61236191546.91312 0.0600281922287728 0.971000964080285 -0.3294626782423 5.363042265192666 -2.204594439442685
0.0 67870294.37245649 836.9231436027325 109963112747.18744 0.2624841973865047 1.0 8.43769498715119e-15 0.4803997448585582 1.242173099805253
0.0 66052310.060483254 867.4303495978479 35300959377.57474 0.06417054702117317 0.9649977787657535 -1.5287152598429719 4.338042231415332 -1.2838462314752663
0.0 76266001.73636952 825.7023239690592 72778124449.44019 0.15036341215725385 1.0 3.1086244689504383e-15 -1.4061260780946188 -0.7250033596113787
0.0 75863181.59572846 838.3533181790119 40853782119.9498 0.08754224451866333 0.9997048694202122 0.5144194250666247 -0.7561799264035307 -1.9044597209440366
0.0 69804682.70262799 848.78594497955 61322317494.49484 0.0573617393034141 1.0 4.440892098500626e-16 -1.6440441452468502 -0.8122497231068554
1.0 67993260.52682795 850.1035471022994 40051998360.96924 0.03557062880428706 0.9996388132340916 0.3513026684056718 -0.61798745838701 -2.247558273911033
0.0 34994016.88953522 801.2445288502454 73073266128.45132 0.10198500700113242 1.0 0.0 -0.5697195446222629 -1.9403817543985826
0.0 35329546.461809054 801.507434300594 19869334378.082916 0.20206721638491149 0.9998596578584351 0.6442855174382038 0.11802365393268177 -2.707220849930684
0.0 70452129.67925537 836.9704853137172 116119260731.83301 0.25887208252417576 1.0 -6.694644838489694e-14 0.5334131002756208 1.2672505211497025
0.0 69352328.18777646 853.9895626344597 33292648790.47583 0.011038089264128192 0.9952049978671293 -1.465498898034964 -1.2268624558005532 -1.8891171162739773
0.0 66703668.2937858 846.8787635332761 107559110051.85587 0.2557740856341353 1.0 1.9984014443252818e-15 -5.661209599224381 0.931926517569833
0.0 65504969.02485247 887.0841811933643 31940001373.87259 0.1088629618786785 0.9714140115702486 1.3318240538657304 -4.892437978869973 -1.2930211353458687
0.0 69461485.01490785 835.850849146758 59884016665.30652 0.0024757743197759974 1.0 0.0 -1.6780889616096535 -0.6700322840397142
0.0 68788364.50324705 857.2920266590547 56750755985.881195 0.04135403882124775 0.9992257241039502 0.12305605190076352 -1.2143982586453927 -1.2301684088568483
0.0 72998749.01154678 836.241955843823 121834175139.5054 0.25647453556034827 1.0 -7.993605777301127e-15 0.48918106766220765 1.462220749105324
0.0 72034715.92235689 875.2694898946971 43714141151.566895 0.1300080460346292 0.9752640224079295 -1.182285198167757 -0.8895735593041143 -2.293446942454404
0.0 36519094.683585666 799.8778141774596 78726870192.98334 0.12989668557722572 1.0 -4.440892098500626e-16 -0.5007545875642445 -1.9656044374793882
0.0 36696019.85353048 806.3299245177283 18741991440.532562 0.21167912579209017 0.9999531670855007 0.13463220164287004 0.5941523442090295 -2.5777854319214235
0.0 73850565.31745955 851.42697751614 70123215905.91974 0.13168459090600815 1.0 0.0 -0.2755788787966966 -2.3082790509513584
0.0 73405594.59343387 833.0629909897352 18015267609.0 0.03282573609264655 0.9990702606633256 0.14843837744659316 -0.40894866686089926 -2.316430631239213
0.0 76619667.11271329 840.4449031084852 71659765043.01721 0.12091489485018697 1.0 2.886579864025407e-15 -1.6648711380469843 -0.14635599498553065
1.0 75814937.00377165 857.3331462149816 5414878644.233643 0.004864706046118494 0.9985236399290769 0.685083492707812 -0.5340725692166217 -2.228829698567056
0.0 35568717.69594436 784.6320507692234 74800277602.1795 0.1097757091361294 1.0 -4.440892098500626e-16 -0.6221608941074561 -1.822085865201281
0.0 36254663.154310696 799.0817192654174 21099177034.953278 0.20217174705819935 0.9997608942927988 0.5387279828736884 0.23269547874511298 -2.6143618757611278
0.0 73526867.50545862 849.0350922191608 66679720157.03772 0.110024894366769 1.0 1.1102230246251565e-15 -1.7285918897095591 -0.34359725037477395
1.0 73238372.30197439 861.8803238775225 29938877844.735016 0.04439234655092231 0.999886539816258 0.2627831800589411 -0.4376901492882189 -1.9396714987862906
0.0 71697959.74756521 869.8784394706357 62887489940.38046 0.05161186105150502 1.0 0.0 -1.8165059556864118 -0.32224042480695836
0.0 71210914.771118 860.1336034920837 39144199351.324066 0.019816815826736764 0.9998615190122203 -1.0192058451450632 0.6060270788361546 -1.677134418208178
0.0 32394163.12016053 791.8954232191788 64251585141.81528 0.0519357449972046 1.0 4.440892098500626e-16 5.597872114127247 -1.857981261668172
0.0 34587134.80201958 814.2942731197116 82081782473.10501 0.007561193682014827 0.9995457799225639 -0.5663659791295161 3.591628435753524 1.5849048305295572
0.0 74473533.00212216 836.5716238564634 125607822593.09354 0.25565194982657213 1.0 -5.88418203051333e-15 0.45888179579411154 1.5729339732521832
0.0 72709916.28430834 874.8480573324397 5548301724.773132 0.4296754514904324 0.9994564996501478 -0.9497390458209771 2.2582966566886893 0.826370253990186
0.0 68330361.17732857 842.6091932993139 59224898012.092255 0.004813548158270231 1.0 5.551115123125783e-16 -1.5363528343286812 -1.0005659855708111
0.0 67461085.05173522 846.905285028759 55496514885.800934 0.07748356274877155 0.9999349704628241 0.45105582953593737 -1.4991890183638077 -1.4130341653036318
0.0 70633759.21374494 848.1680308619685 116750948964.96133 0.2549537463637243 1.0 -3.0309088572266774e-14 0.6058694503255023 1.1420251279412916
0.0 68012488.72762007 881.7197982880548 6761350168.514679 0.3505686965178775 0.9999881905174345 -1.722831356689535 2.5803643824046314 0.7085083867567414
0.0 68020929.60122095 840.4947521127658 111014604230.27469 0.256101239862322 1.0 -2.220446049250313e-15 -5.656554940693596 0.9766780067535942
0.0 64989850.79830944 843.4342904684117 25824598826.748688 0.05709895112300975 0.9771261452428637 1.3419715095391829 -4.144218632588735 -2.0127249974970023
0.0 74253743.44987765 826.3625553666537 68399246199.161316 0.13039444315783544 1.0 -6.661338147750939e-16 -1.6282011452275778 -0.4466230764530421
0.0 73922179.34494728 826.2408302900964 38775675572.50479 0.07407265375466764 0.999739451495774 0.36278640559061825 -0.4054036417677668 -2.0340534670203905
0.0 31571585.891842395 794.4974870177887 61813226424.72656 0.038774741676139174 1.0 0.0 5.611821770683032 -1.9018571799499793
0.0 32300851.96932106 810.8000801330815 31221790822.00006 0.1514958402476026 0.999802921422677 -0.30208351681656376 0.8112275212156053 -2.339205812553843
0.0 73067088.52533099 823.9297835775986 67217738087.5983 0.09905443484358345 1.0 1.1102230246251565e-16 -1.3302825565084855 -1.1002876697028672
0.0 72286380.52612327 873.2538545460158 40918178899.86258 0.029202534911523817 0.9999690572911464 -1.0442054941736985 0.6947478216570154 -2.16816700828974
0.0 73395599.01940545 864.9505137576067 69673785454.08643 0.12096254150585004 1.0 8.881784197001252e-16 -0.1343166495280701 -2.547699312901572
0.0 73234104.15267538 867.6539275642606 23973908909.696228 0.04524959320749669 0.9987560795260554 0.21570437874930937 -0.6613411584757456 -2.1818164876112385
0.0 66105959.059560984 852.8981006128205 57982573212.80954 0.0356564886818654 1.0 0.0 -0.27104331097955947 3.821004154722582
1.0 65310933.02260247 840.902810333307 29076369515.54373 0.011682476499451339 0.9999876946987495 -2.5933550222076254 2.6158559597524906 3.545449427248945
0.0 37878472.247679755 809.3487843649488 81601368835.64612 0.13330647757132857 1.0 4.440892098500626e-16 5.394798343490615 -1.260030149622382
0.0 39027572.59339019 816.5685593423855 24319029493.16095 0.20570172623466298 0.9995033807966716 1.0961440716623807 6.140225662418372 -2.5578889059216383
0.0 39610292.867148146 815.774873126583 91535215871.8866 0.18525459393529642 1.0 8.326672684688674e-17 -0.4042081929716116 -1.9204518484410333
0.0 40035704.90005449 806.3522248915222 10829542282.368652 0.2053184190786836 0.9996542367854432 4.246124650636812 2.773521589387177 -2.3740271360359273
0.0 76855220.48477253 851.2567785555227 75879724274.3204 0.17765337638703654 1.0 1.1102230246251565e-15 -0.41389810057569987 -1.9147419181105192
0.0 75702999.83184329 871.0025301311885 44428649185.539 0.10306591751152912 0.9983873396141089 0.2636477210285908 -0.7730992109137375 -1.9945952135600453
0.0 72959703.83143869 841.9092636785562 66700577562.199036 0.13161470465032268 1.0 -2.220446049250313e-16 -1.40717725266166 -0.8364749495605371
0.0 72011403.66876729 856.239115384794 36204010487.757324 0.10627441286495863 0.9982830195964686 0.6325937986126438 -0.8466817064261067 -1.9635866050756896
0.0 40991716.21317159 822.1039688784239 97558523005.16928 0.21016862777671746 1.0 -5.551115123125783e-17 -0.4249510601570151 -1.7865390437682773
0.0 40841054.34999304 813.1950885365154 13734900414.920898 0.22757799239226503 0.9999865348911768 -1.9613744521314338 2.789414170494617 -2.530304653641267
0.0 65887463.465583324 861.7305180063415 58002482012.32849 0.010605969520036 1.0 0.0 -0.5693810977784758 -2.366054063448823
1.0 65800983.265306935 864.3348653587516 35487115985.64792 0.008632415923025077 0.9999082478370184 0.08382957895472742 -0.37579593954604845 -2.5916994112163527
0.0 73078176.65131287 869.7921440884288 68664662128.088776 0.1182048148536134 1.0 -2.220446049250313e-16 -0.2873392353900137 -2.359042305111112
0.0 72609549.42732713 861.0769832807811 26658893142.28885 0.02699057537326413 0.9991596393323438 0.15357694669308097 -0.5693704984624471 -2.2734089130507735
0.0 46914054.85267095 819.3643587617755 126524196520.98755 0.30012997604603786 1.0 1.1102230246251565e-16 -0.7690589182509182 -0.85929036045629
0.0 46673372.49813102 819.3576980483526 17654997220.49771 0.3146076445010637 0.9996052215015729 -0.85811844127869 2.153735537748588 -2.3394284155064056
0.0 75153521.8479462 852.3496439868848 70873365551.10925 0.15293828774645304 1.0 2.6645352591003757e-15 -1.3245074797521026 -0.8396813152664646
0.0 74425901.52180657 845.3448850586059 36351553798.55194 0.09473967234843846 0.999268252838343 0.29578156462469596 -0.45509005787780304 -2.0322576096702063
0.0 34831874.448349476 795.4419567680723 71578545772.70139 0.08809498493114132 1.0 0.0 5.511663074119721 -1.6138167594725557
0.0 35127301.552743174 794.8663853659444 22802697721.60205 0.18314687926673937 0.9995235796699917 0.503880022345458 0.2072846616617432 -2.70322271388372
0.0 42659748.45132664 809.7350147190845 100383327823.71732 0.20235280384120885 1.0 -5.551115123125783e-17 -1.0262431311623479 -0.731782722804751
0.0 43367508.1404231 806.8819493401999 20137639234.79303 0.19380207646051953 0.9997578328965334 -1.4457165350718308 2.3225190495977155 -2.3303548812704946
0.0 42965566.97352284 798.5821460241991 107079902166.1937 0.24554374558951364 1.0 -1.1102230246251565e-16 -0.4424428839734095 -1.6169531740772123
0.0 43490689.52298578 823.7096675147644 20571973782.902588 0.2446752439331076 0.9999273026198011 1.3619521739585472 -0.5728301845380898 -2.272759497320111
0.0 63330128.54928038 878.5293407434297 56687809723.7052 0.005287940374056728 1.0 0.0 -5.5858983902264825 2.177986304393798
0.0 61228121.93509476 839.168333503401 48888094332.07901 0.22995718800964526 0.9999589225273341 -0.18034868712809926 0.5249494075239851 -3.5393477139325773
0.0 68202956.89253144 892.7978737937237 61854944016.75156 0.02454417101475665 1.0 -2.220446049250313e-16 -0.4094327147176592 3.857551229194055
0.0 65293349.99139537 866.7947909694954 27051960506.490295 0.06954402520063958 0.9999681454272633 -3.3529294092095365 2.814165954560546 -2.864619917986495
0.0 74835896.0383861 872.5283387761918 127063834995.09698 0.2553749438295125 1.0 -1.0547118733938987e-15 0.5201572170427944 1.4644873318589222
0.0 71168404.99058414 879.6593148172142 2259782378.9838867 0.45069062250756187 0.9999931138646786 -2.549772806540056 -3.7041050225245 1.6282410623918115
0.0 43271716.017389104 803.717699093141 107645684374.32983 0.24909836248610795 1.0 -2.7755575615628914e-16 -0.5624827510170396 -1.4086384074980525
0.0 42477317.82707366 814.789296243965 22933996752.45865 0.2318860904163944 0.9994475581909447 -2.5835737136990677 0.20690993105099542 5.901452506261224
0.0 76189842.0557884 818.3944947497554 74426477965.21228 0.17015078529711614 1.0 1.9984014443252818e-15 -0.43174714791371893 -1.9239441564700401
0.0 74356998.76966684 838.2112104777553 41487108455.28836 0.10009647211948049 0.9986027175802054 0.1193636819004853 -0.7280232949076464 -2.050700693134044
0.0 69499931.1766358 842.3421368762075 62112192026.78995 0.03319502842590321 1.0 1.6653345369377348e-16 -0.9710186347296867 -1.6545840918679533
1.0 69040901.96432965 849.5580290087086 30932256078.693512 0.032601501808609185 0.9999895824935975 -2.5007919785508523 2.299474961298529 -2.5082380912777986
0.0 71232183.35071868 875.7493611617159 64608346659.10095 0.12086115637921205 1.0 4.440892098500626e-16 -0.6669669136579954 -1.8384337380031963
0.0 69642785.03988992 875.6286739802407 38166128629.34091 0.08596465114159395 0.9983091004119978 0.3498911367209161 -0.8205097829219901 -2.062451533995222
0.0 47207159.66940305 817.2234548390775 127981935746.89246 0.3019991509672647 1.0 0.0 -0.8026283701849584 -0.7900286198568336
0.0 47425976.16145904 821.1775653565652 13076422595.016937 0.35186027298029676 0.9999998003258237 -0.29392495282463327 -1.0084637210249918 -0.0831999336402296
0.0 58982234.06496907 846.4322054821486 63941538272.950134 0.09658777463813692 1.0 5.551115123125783e-17 -5.225180259958592 0.7944197747999774
0.0 58727336.76004429 865.1262307707335 21114888970.1745 0.039660628080475324 0.9970394865564449 -0.9876322342210058 -5.458114987473696 2.233811550815172
0.0 68517847.42701262 844.1679478854776 60402534192.29553 0.06512583233922092 1.0 2.220446049250313e-16 -0.9079488789957361 -1.8087114074660695
0.0 67875620.90382016 863.210098185992 38558251166.57834 0.018617384655524302 0.9997299578995378 0.3814638112945866 -0.797665456011303 -2.092487457699362
0.0 63874574.25973021 826.704019218152 56225253129.18292 0.016469682050724695 1.0 0.0 0.29318220800863415 -3.6540339473235504
0.0 63481070.63333128 813.8121040175486 22230822209.868164 0.03629229323955127 0.9999999840484766 0.007632765902287897 -0.3744784973607258 -2.953983064178855
0.0 72630031.65293974 853.5235975545044 65229820317.1637 0.09920981609448935 1.0 1.3322676295501878e-15 -1.7366188314035362 -0.4172545372162413
1.0 71794273.72241227 849.9446043795614 31854785304.302917 0.03858165202110951 0.9983005701561065 0.632897708490507 -0.7463901067249472 -2.0631131672931096
0.0 70770971.8481603 849.0827559361999 64744472766.35016 0.07365559259223338 1.0 2.220446049250313e-16 -0.35283987203948575 -2.486126336709008
0.0 70207005.73743245 848.4234714764901 23672122929.2424 0.0821322761478863 0.9999615939474923 -0.5974625224240608 0.263087180807544 -2.6484341921358783
0.0 74764118.19990695 884.7984284841967 69651593029.20676 0.14217603378216273 1.0 -6.661338147750939e-16 -1.5300333253602965 -0.562790932661545
0.0 72418993.82369882 882.8916439017133 35908938558.65997 0.11825282126377301 0.9984827927153964 0.4936826300685191 -0.7319243305925751 -2.0447667054830005
0.0 73849811.7997317 830.6451175463609 67648181465.96634 0.08394417433734157 1.0 2.220446049250313e-16 -1.6651349184844633 -0.5935594201073412
0.0 72484426.36079003 855.2515236519698 40176957744.43515 0.03208395603327635 0.9999827959088777 -1.212156267800364 0.7751310894147715 -2.0559589688022015
0.0 70025015.4091843 841.807110986741 115165678969.16354 0.25981314801701144 1.0 -5.773159728050814e-15 -5.758397469093927 1.26199322462447
0.0 67543348.8822558 845.6304984984633 27172730992.00702 0.04733327827278938 0.9994229724681467 -5.024997847847445 2.2175948419932316 -1.9324539663799583
0.0 40319025.81767969 799.4969857205331 93350307516.28635 0.19518041542268422 1.0 -7.216449660063518e-16 -0.5939744307305985 -1.5655231133075622
0.0 40676579.81608013 800.9071248075768 20718695735.252533 0.2536519327417356 0.9999261048071381 3.861532419862619 -2.7479955939184397 -2.6335648269664946
0.0 73850330.76815265 845.6951137537526 70236174961.95349 0.1324552821017203 1.0 1.7763568394002505e-15 -0.21623872177124126 -2.3741628937289976
0.0 73192939.85222365 848.0436406381198 37568583761.72162 0.08131336028745256 0.9988755500790523 0.21916806964060775 -0.7149433053981498 -2.0715412426131588
0.0 73971054.49505812 845.125072269065 66112433873.18097 0.07799158937450865 1.0 -1.1102230246251565e-16 -1.7766494970318778 -0.1139203008143077
0.0 73255950.50799869 853.9697876022001 49471968541.60654 0.11474514322137497 0.999218586893268 -1.0494894380937794 0.3975470663143993 -1.2219054964886606
0.0 72524426.52746709 889.9799356646046 120725415029.14438 0.2567820169786954 1.0 1.1102230246251565e-15 0.5027154504818929 1.4177267056360618
0.0 69568170.27140148 899.3194733725611 9621392233.40216 0.41054959344304737 0.9999610095580512 -1.4935389424061225 2.449474396364054 0.5939087902251989
0.0 62626566.100196086 836.5180816495929 62293981091.974304 0.043559029659276244 1.0 -1.7319479184152442e-14 -5.2379461670630505 1.3184544181956586
0.0 62747250.65933294 858.5934333419865 46602663939.26465 0.01892275764818732 0.9882145639609795 -0.4547551739057729 5.885726735870621 -2.6950989626445634
0.0 44739493.75439488 797.6175398971866 115073871994.09036 0.27274530665849106 1.0 -5.551115123125783e-17 -0.6209877572056832 -1.220403970127139
0.0 44731423.47637194 816.7573975021027 19996895905.153687 0.30539888605396626 0.9991060956989471 -1.1501685526637737 2.378427283898069 -2.3334386497938544
0.0 67503189.98023412 833.950504874792 109164415222.85312 0.2613091179758953 1.0 -1.7763568394002505e-15 -5.761745603421371 1.1523551709829436
0.0 67162178.65325515 848.0090509969497 34409587359.70398 0.06448795406882041 0.999580133349665 -5.073162962991587 1.914962847837733 -1.8879674541611202
0.0 77294151.82655302 878.6929432470191 73594474947.07846 0.13261286230232738 1.0 -1.7763568394002505e-15 -1.6114535291144712 -0.3119592144279233
