Label M_f Ep_x Ep_y Ep_z Ev_x Ev_y Ev_z t_t m_0 |Delta_a| |Delta_e| cos(Delta_i) Delta_Omega Delta_omega Delta_theta
0.0 34.42085866669652 -57616245757.82538 69133877847.2294 8538065614.232157 -3752.9528952577 7460.151143145093 -78.74186822894993 63236002.19459208 781.4208586666965 63786165771.38556 0.04111149442564123 0.99948227096692 3.9946459975623076 -1.9985189991582928 -0.624057459858386
0.0 25.270711502296763 -782721777.0290527 156748926.0660553 -900516933.1101708 3963.059585330382 3294.6538368377805 10661.729153903294 58857433.00521772 772.2707115022968 51150081901.63928 0.09541579716408395 0.9377342501487301 1.9780158632953986 1.8828280988764234 -1.9144025154962534
0.0 49.50994457854233 -263571640.4107666 192157848.1352234 184314495.22828484 -39.9481294740508 503.7607903834705 601.5678399767304 67528114.6505602 796.5099445785423 15194791758.331696 0.017386953629610832 0.9997947051243828 0.6422886974429743 -0.8524247976494732 -3.097064335875338
0.0 48.14017093567213 -3884525552.7898407 -2432979113.15773 -4261667884.017253 2520.882671676336 1807.0411752502005 -1841.6522852278463 46921233.579539835 795.1401709356721 46091316491.981384 0.13923816556464202 0.9996038182186061 -1.4968101617573881 -3.9147910132354617 1.2335734196805186
0.0 33.673316587741965 235777143.08258057 -239734401.88946533 24580172.64193368 -2180.0571724469446 1577.1189591116981 226.4821128193164 40863376.65926015 780.673316587742 59644325434.49191 0.04929381224782593 0.9999842492698084 -0.3090752026046901 -2.915990902446652 2.1078316390639924
0.0 103.37116544865046 5852343.320114136 -14425486.835266113 -62191845.441527605 217.65036761087322 915.0186171446785 490.25182293749117 96626010.16674455 850.3711654486505 69396541368.93369 0.042254353589057964 0.9997008575199222 -1.3427507989124823 0.07492609460886324 2.410188554704152
0.0 99.87551056973734 -246761931.65689087 -389728200.878891 209718516.81433296 608.3310976643388 -2541.1281285207006 191.14982699798406 93545620.74572912 846.8755105697373 90477687717.03635 0.17144348077631305 0.9927285709495615 0.1889943679167958 1.3942850839373198 -1.263067867804858
0.0 88.2161728112377 135048713.63832092 -1045388979.8500366 -221853649.60287905 1752.0854916406315 -435.2267275048089 -683.295005380131 121485565.3862862 835.2161728112377 108041097185.18552 0.1020000041647545 0.9987573965708435 0.5113572736657964 -2.660852070776072 -0.6949406004521561
0.0 63.536788596881934 382549322.4584656 -31375551.888275146 -252190368.30545425 409.2217130145409 483.7430879470994 -1794.2628596326003 104704797.44453733 810.5367885968819 19131761279.858734 0.005378287633392875 0.9925859373393908 -0.1663567497491627 0.47845754288367853 2.630418584479757
0.0 76.5912888077396 398551637.2274246 -619963052.7080383 -355213815.6755686 861.4560181636334 257.02277024069554 547.1184381671699 113582763.57294807 823.5912888077396 61319368494.66403 0.010738778148605129 0.9990926207374644 0.47519907859934163 -3.177469296086358 1.9555150551586968
0.0 64.76435432779374 31227427517.830475 241901789356.70255 435480657.9794878 -31534.826928598828 -15923.66895187995 604.3354378135388 82955857.82860266 811.7643543277937 30624435066.965973 0.26868217029063646 0.999424712220452 3.583618202055443 -4.87026497697991 -0.07065628206678953
0.0 102.96142055888924 -267272701.39375305 -796860539.7145996 -383266599.4300175 200.66455438131015 2607.7539618935552 1467.6841604992376 114951343.88044332 849.9614205588892 78074926766.0321 0.032389698819311946 0.9921187324498371 -0.27924793056823355 -1.075516990639364 0.9105679766786031
0.0 81.70035137702587 1045403173.2742615 -1021541453.6917267 1502831555.0749474 660.3331101996373 1970.4309962987463 -2290.7628160578934 62517202.72443935 828.7003513770259 67033107823.59927 0.13600739677544268 0.9885982157340782 0.3504472097862785 3.618470165533587 -0.3535746483025215
0.0 46.149089152277156 1376229824.2961273 -917758731.2633057 181160084.35936737 1806.2700759975378 2113.31626879302 184.4699789026294 36302129.05273056 793.1490891522772 65619102868.64743 0.07924575867082613 0.9999291744799593 -0.4402383023317691 -4.1193758967400615 5.13783309055732
0.0 18.535731388469912 26607210804.242126 16681722265.825058 -1262264518.3851316 1448.5019918320013 -757.4179312595479 733.6614476978255 21828442.8777638 765.5357313884699 61902963275.87106 0.05053326265258123 0.9995448501734543 -0.872477069002724 -4.381646633284074 2.1536894200576118
0.0 48.330153356112646 -282873305.0636978 67871305.82629395 84104962.82263279 -975.844251297629 2358.2492229872487 1299.2815677897906 72468978.4595968 795.3301533561126 24587401340.09662 0.0018125253552263854 0.9979666388369118 -0.5880726890678134 -0.42570979405839565 -2.2503602446151567
0.0 49.53005604858777 18041908274.868286 -8179516119.375381 -7323432356.210158 -1352.171941557548 1313.063255994548 -235.54937506514443 38725747.30860752 796.5300560485878 102484161276.7309 0.16101779839754593 0.9983795568966642 1.632234127647866 -3.5882027192269326 1.1716325327502664
0.0 40.72873208952774 -63434953966.03067 17831838549.072792 3493659870.4893975 2322.6452621035214 5034.99271207675 -604.8738535071125 79036433.58420162 787.7287320895277 102846896287.02467 0.15657280290158263 0.9996724570821138 -0.7523578826472936 2.6006734077401457 1.1815642308873668
0.0 13.996338693181542 -26223990352.0141 18077149084.521713 4943771630.107444 5851.693048687877 -1190.1920507516952 -201.95715978844711 55633900.357832894 760.9963386931815 48164721024.85968 0.13848610573013226 0.9993415339860924 -1.588579785772606 0.3277130455713251 -0.07690890534571215
0.0 105.15842275668706 -4482297.262794495 489663926.27789307 267915888.55575752 -419.4815764906234 63.82395022650735 -25.88710661969224 106909502.65343036 852.1584227566871 64780691256.54288 0.037119061234929335 0.9999507646860208 -1.3872675593837025 -6.039158837917947 -2.5785528286273487
0.0 30.8372058423098 167613016.85420227 240563713.8286438 -101352463.54621696 -2145.713941562648 749.5528588425987 631.7816214558633 49879537.44522928 777.8372058423098 55430244183.28082 0.06920237386153943 0.9996596773964033 -0.08892334679470582 -1.3367333672880188 1.2959442152972698
0.0 103.09118026722922 -4643574021.914547 -7391157860.745819 7448592329.983387 796.5688385851281 1046.514964705783 1001.099338780697 78154063.51297309 850.0911802672292 82561370428.95139 0.07078637692796254 0.9944694850944805 -5.913014343573634 4.354973617494358 -4.1718806743352985
0.0 81.59025544699318 -1547071772.1186218 925158874.7924652 374643373.12710094 -4194.777952166837 -922.7651214641555 453.4574877316289 79696660.59354465 828.5902554469932 64030995611.13052 0.20034908168787718 0.9999116951127406 2.6633507203895297 -2.8584423640324856 -2.1422626120826522
0.0 36.18933574928258 135795135.92340088 442449105.91020584 -89327890.26004982 351.5822206823159 3192.236964333173 -1090.4686293456098 37239354.63758032 783.1893357492826 63484409245.68555 0.2184018495717927 0.9983589988705608 -0.336724764103987 -1.3363747253519385 1.5346686737114177
0.0 24.546086817018363 -19065939042.684845 29123757056.858795 -467536157.84469604 202.8136496578445 -27.355420198717184 -85.49375266255726 96314080.31276833 771.5460868170184 74417745280.22241 0.05061593562375648 0.9997707966312366 0.2668416725135687 0.9616402347625572 -0.7363724362569566
0.0 121.31233276244018 -673645242.8835754 -1099653559.3634338 271736641.1673032 2508.281389141259 2171.130515451563 -796.7995661817649 91131528.37480798 868.3123327624402 76990986297.41287 0.058936770650531364 0.9995620522166225 -2.253270614500626 0.5516737919256809 -1.8980503762241725
0.0 1.3156356551215822 8936005286.106049 -253686818864.9577 -1632728791.1766682 42019.00202998291 17287.930971539485 -781.9279803438162 24357597.989008956 748.3156356551216 76359506792.86752 0.07948805903549577 0.9994831117195709 -1.9955946968832088 -0.5689571880192458 2.4074506467630545
0.0 50.804979209234034 9495755.37726593 -293719983.28559875 55886149.103952885 2737.5040408461355 -2912.627569753902 1242.757257418464 37140295.956173874 797.804979209234 27707406879.439697 0.24032547238566143 0.999482297111589 -2.3839643768173384 -2.8081942002762617 -0.3339689899100504
0.0 96.75416990467363 -13384432943.668594 -6702835697.768402 2126546424.2961674 145.1076957516234 2065.435774026708 -541.631610472464 73757251.71227151 843.7541699046736 82993489547.48926 0.06515634937338767 0.9999076898103603 1.6863790177938354 -1.1761909382011344 -0.08336765210051
0.0 83.11137231970554 118006768.36620331 6682109.133178711 -125557943.80702019 -718.0092181218861 -118.88735699037079 -129.93741902356453 86160730.70785362 830.1113723197055 59455886089.112885 0.012488892219633133 0.9998036369707695 1.4030334319508535 -0.9218485815962789 -1.1575789837513657
0.0 117.9199007888875 -655175299.8742218 290122727.085907 383699427.98121834 -650.9095870982455 3261.301954315879 -952.9680893329846 115782499.07687064 864.9199007888875 57393231712.39102 0.07184393252757927 0.9951687724388374 -1.9534343974000725 3.8446884055028123 2.2674588110799476
0.0 96.21004733460484 -90665510.51010132 -52775604.09770203 -97923764.04274273 2292.502061932475 2033.099634370261 -1186.6552925413348 127486786.91819435 843.2100473346048 87038199644.91928 0.10387954781624573 0.9956671210876841 -0.35933056523502915 -1.8675410915754747 -1.1141550815207304
0.0 65.84567304274128 267194872.84407043 83307609.48989868 165541996.28351212 -1069.8381031671888 34.09099192231224 1445.2859473546696 87855940.09820358 812.8456730427413 51709118949.83115 0.04223330384288747 0.9999484073124381 0.8010925492451006 0.3576189278151729 -0.7210521666257408
0.0 46.27017719866683 -67507872.53588867 163653277.89569092 204642539.12534904 1848.318849082057 2925.953024678918 -1185.305600997667 50774211.31636817 793.2701771986668 71203822423.41995 0.0861267577552156 0.9984011716410318 0.4158813683415118 -3.524548598699387 5.184084391012378
0.0 89.94627725526868 -7220219965.24012 -6862102405.363037 23498075692.606625 1112.6293231419477 1863.2416351848851 -811.0310240481562 68503132.00662628 836.9462772552687 66040148142.74246 0.15689462385139594 0.9603262727692728 5.382224973448423 5.4678206268246115 -5.375451257952877
0.0 101.35753137456231 -9664108235.623505 7921310068.101074 3015060317.1587453 1407.6002124633706 1815.695258136533 -177.34862662751655 95686451.19564548 848.3575313745623 66412110104.26535 0.05277524900837713 0.9995136458263005 3.9123297591667825 -0.1680244646625043 2.0467315406479014
0.0 57.30427298878624 62344640.8883667 28725630.869903564 -82201753.39619255 3826.3819115774904 -117.4546634942999 -654.5752685177324 108618501.27054839 804.3042729887862 17833665797.27603 0.13067116608592222 0.9993035552489655 0.5921039343492212 0.31468039469973563 2.908290847542544
0.0 95.96959406681856 2118092.744659424 34994983.200653076 33802829.31989062 -183.50511929070854 -922.1865358124451 7666.898122861597 119171599.37553774 842.9695940668186 99401735529.77307 0.0068752197408371366 0.9492835492676148 0.24133574677896075 2.2736470017995183 0.9674488610691476
0.0 79.48608744363491 407172107.5498047 557837304.4762726 56208781.105957985 2953.3380035435307 -712.0414325209676 3869.374443493381 100702682.50016207 826.4860874436349 16806902851.92566 0.10526448980221395 0.9791040278593182 1.9014040501345701 -2.168388003659279 2.11074092331896
0.0 19.592530978713057 -76295347.29535675 -132741597.71133423 56968153.24882746 3259.796061414676 678.851060900759 -888.8956506869655 22241462.770199884 766.5925309787131 59113723826.80017 0.24464281600144205 0.9997352263726059 1.2704828715567404 -0.8407765786878376 3.762722531124557
0.0 111.46449324811647 12492258497.111511 7340114801.990234 -853765749.5071603 3401.6763115745125 1421.6515466337078 529.0114150423176 104973303.20059092 858.4644932481165 88854102089.0473 0.12491974197301177 0.9996414078230622 -1.94896958887314 -4.504104662073448 -1.1381214571126117
0.0 76.61574848293958 93620268.7631836 -76949721.56861877 -126042349.63694763 -3967.368362368903 -562.1540830354461 -2224.569423719612 70202886.01204918 823.6157484829396 17752021632.291138 0.0064430809963862135 0.9976276392128697 -0.9729873907624946 -0.9551685181600766 -2.2907115474457287
0.0 75.05803679548433 -14586052707.84291 -5592942827.070877 -6430923338.527121 677.7275589222336 -80.6886314766125 -378.5802475618846 96417681.25080651 822.0580367954843 102211385359.62686 0.017092459925727665 0.9996860918953947 -0.5681599858851905 1.8350798305219538 -1.2704606070825726
0.0 60.95207370685057 11128161.05532837 4347957.9644470215 172103623.58401012 -922.2319277909683 817.4618825031721 360.049401182305 76282209.57145882 807.9520737068506 33287455470.68692 0.08031384959161308 0.997957292586724 1.6214089322426837 -1.7500803686815394 -1.0839605709360018
0.0 77.25859413851333 -22673484384.16121 -1187862885.0282745 275143248.28498113 330.48538416365955 1004.1904099480416 -329.8309543627 102913607.80591662 824.2585941385133 88555856224.63419 0.06682083473482386 0.9994915678021368 -2.1520025540985017 -1.037109483571098 -2.1113952458546463
0.0 48.493009009763 14807741350.829834 10949388563.62178 -1929922260.97185 1164.7888355437867 122.82382449493889 638.307274248289 31455152.08649479 795.493009009763 68737827953.42264 0.10459483909271677 0.9994797275246475 4.009218158790677 -2.1972056356347425 2.919597053399072
0.0 61.15972979182936 268817665.84091187 -29494202.119140625 -111348375.6053276 -1918.773513747441 -1863.5468973275147 3234.5163993352608 127710682.45392253 808.1597297918294 28316769086.160736 0.13868673296601788 0.9943666169045333 -0.4175801862973809 0.9923779041011471 2.2746990121012955
0.0 15.543422737813557 -26609896174.2632 32538081819.044098 6343103763.130354 6642.920901996749 -1276.3822026428352 -29.18895034678132 58049174.44472716 762.5434227378136 40986212976.949585 0.1905254973238008 0.999284295847951 4.042672617133402 -4.604295872935449 6.002500353285509
0.0 61.959887099041794 -303288597.3853836 369409522.69647217 373121455.70779616 3928.528504536047 12321.184305961062 1005.5987126586754 79622229.24792674 808.9598870990418 12001101523.999573 0.4586904205006952 0.9998120319117897 3.8141136130485482 -3.9611365341722395 2.3813896457328925
0.0 30.404095215450752 -96249072.26675415 -28940528.526514053 26844576.27911806 1273.213207406523 1881.4181829598965 145.1838985493049 25391791.65927683 777.4040952154508 52557576528.68048 0.12175308751712693 0.9997653343878661 0.2988099329178444 0.9471858936916386 2.827819230272366
0.0 0.3090716822697459 70833741.07305908 -38787206.0651474 21898096.22237301 3685.078958293071 -868.0691518892527 6219.204908177728 35041062.53652844 747.3090716822697 31563467447.3006 0.15438750985970817 0.9864936479444456 -5.600080764440065 0.257101044023958 -0.16320864007006008
0.0 140.6857137619919 107178056.79730225 135482307.30778503 142363019.71028364 11724.609098755222 5959.8961483319035 -1177.7401626111077 107264029.1190125 887.6857137619919 13385645767.730042 0.49630089931602567 0.9994940325899327 -2.476448154382738 0.9805001247283616 2.994899884814651
0.0 85.4626058750024 -4418620950.590179 -2854522176.267639 -307903516.92403686 3406.6016077065105 2210.4025667816804 -899.20649074599 107801877.73887005 832.4626058750024 70713319301.38126 0.015346910630206961 0.9995803582789673 1.7754521663852874 -4.476345637309161 -2.5576653924506902
0.0 85.62231895925277 264616795.5245819 -5588772855.59404 -2711447722.3184185 93.22916769977746 319.35430744706537 55.53702732802303 65009583.27240462 832.6223189592528 71857433361.63116 0.052632516325432206 0.9972948223055748 3.4954532800932787 -3.134145526543287 3.4103230198871914
0.0 14.241910812287529 -183873524.72802734 209400032.5975418 -36465083.94376087 1203.5748193898553 1335.724036550444 -10057.074831119506 49237744.93523547 761.2419108122875 41444930828.44379 0.10352024652795741 0.952390187563184 3.990777872123142 -5.7259117731399565 2.671049353633412
0.0 105.01156892804136 72579064.87005615 51086752.73265076 177204651.45893407 1862.612142165417 2386.820778365949 -56.799775066446216 114881370.09671594 852.0115689280414 83501154167.13184 0.018924606820578352 0.9999405875524551 -1.3347840293062632 -1.1845354273273472 2.492029275678722
0.0 0.5303516559429227 -247918094650.76572 26479385027.049774 4773838259.116773 -17107.88843071786 -58080.90526472416 258.5495555052171 37578526.64763341 747.5303516559429 25740256252.811127 0.26765645862460924 0.9993218931292875 -2.063913338769413 -1.8460505247822452 -5.852377455635388
0.0 41.16880238520389 465388666.7993927 -544805090.6199188 -55166140.358762264 2967.656897088342 1239.523075964249 -1702.6905282518633 51471945.58887385 788.1688023852039 49834667598.64099 0.228964193654701 0.9997699447185111 -1.2313085149555913 -3.334309207047814 -5.648393083356531
0.0 6.379444969064934 -87725387.05197144 -270609902.6392212 7474649.466306686 1006.7122200992017 3514.8198708257896 726.9932089863707 66439964.313225314 753.3794449690649 8350499265.521393 0.1402885202204221 0.999993393305196 0.7366852091894716 5.127867017470177 3.120541123576926
0.0 84.09082795288703 -243458898.08946228 280909829.2041931 220593731.55976915 -2480.180451338365 1253.1191039040987 478.3575031000127 80993713.05286029 831.090827952887 48609792755.326965 0.14120743483141934 0.9998079319860682 0.6651105989254027 2.5236917398087977 -3.7681552349675433
0.0 72.09476210330843 21949467.7918396 438106838.8296509 -733591580.9571981 4701.745877406118 -3789.2127119043616 -4137.675065214273 97530952.67599925 819.0947621033084 29082626812.068542 0.2285501896632979 0.9856415726401944 2.1768467771624054 -1.7537786291127513 1.9275832163705822
0.0 48.144426649055504 -378852581.20666504 -280560.1824836731 839918814.2108417 -13020.969153212918 3619.64612626873 282.344461528779 86513891.36703256 795.1444266490555 18611721670.80249 0.3690827644850918 0.9999988269803803 0.08428397364124464 -1.550292447993476 -3.634327000345696
0.0 115.88314428799936 193788607.1955719 -407838002.2522278 100948812.97551537 663.358816816868 271.19365532990946 -783.256344803759 120695679.86654311 862.8831442879994 61804769759.647156 0.02101986636106306 0.9959160103117103 0.5977474127666595 -3.374115564982641 3.21537386605661
0.0 87.69884414190017 -94060140.19769287 -788583166.8756704 -1492444777.7430344 -38.515356016668306 1989.05771440834 1618.5896842979969 67014090.22806207 834.6988441419002 52275729050.48117 0.1402806661684075 0.9846546355423408 0.8418175290376354 -1.4692593978540127 -1.6664965372435219
0.0 69.83285194607424 34226514.078121185 -136616176.3158722 25288469.594875515 5122.44568118218 1008.8865621037548 -1339.0051607847179 68650012.824671 816.8328519460742 65979669793.811676 0.2735759262403631 0.9991820286683876 2.078384787144554 -3.1280800771356674 -5.4361359758756125
0.0 112.91213698039269 -1125876048.4518127 -553472590.7080994 -777219709.6282102 -110.96102863172564 6677.097314785486 850.7521953390478 114878026.2326752 859.9121369803927 45973279759.89844 0.2457551132587041 0.9998736039566344 4.106966735499338 -2.0153550551426234 0.6164205862919028
0.0 13.892710644941076 -9819658889.35199 11301133480.91127 1287110500.0929315 3714.6538647105644 -3534.2693991315573 162.40853089135078 53669418.3005543 760.8927106449411 51813200020.88179 0.0802106380135261 0.9996777844135853 -1.668705741559176 -6.151918512056315 -0.03981346909020278
0.0 107.48823216387257 -112527954.40911865 268576206.58602905 147584425.573339 -1404.4491460746867 3123.5461602027453 186.5507362936584 101565240.98085013 854.4882321638726 60495480785.85016 0.1584351179211781 0.9996273791612066 4.5647492524828595 -4.886105576290159 5.62004721426572
0.0 4.83907314866417 -4313745.047393799 31704020.80102539 -57177256.9810127 954.8083630583114 -3078.2924450941646 -1108.650299770124 24242186.655950867 751.8390731486642 39072849711.838196 0.21765155775785155 0.9996085252397662 -0.15206098878450713 0.15793254865561313 5.260410054056845
0.0 60.45814016728298 -1008223476.1927032 2171772707.630478 1236394073.194687 -257.97186340781263 -2194.122956562591 580.1415931873732 87122813.6310122 807.458140167283 78249056723.16101 0.12109944585195438 0.9995665051390275 2.4648392954865903 4.6772997116166 -1.3772147253765508
0.0 85.49426352941498 2555873895.2086334 2668846913.8563232 -705240925.0355719 7754.630541566072 -5472.728783281702 -1308.9582895781964 95545705.54091273 832.494263529415 32644081683.482513 0.3050647308853306 0.99910251781441 3.1376640445904123 2.868712265379028 -5.766838070478911
0.0 58.14755552596819 -91129746.8321228 -230698087.29592896 317760839.88071895 4429.437496275761 4071.5983063371204 -769.0168768386917 113647494.59941384 805.1475555259682 58600276615.56119 0.18790848414136746 0.9999525392350442 1.1823529023927453 1.1488048370138844 2.2429467698095586
0.0 17.522495674326706 -3198197063.9096985 -915113797.064579 4621281204.37841 -5180.3340078839265 -745.7847004134746 -417.99127935291733 68136498.75037855 764.5224956743267 23103464763.77127 0.10511015330433515 0.9996824658227123 -1.0015022603457968 4.678770976924749 -1.9905030994883859
0.0 14.735429528270174 28615986.604301453 28112668.411071777 -122726072.38169408 4214.396031284661 6026.811192672019 -7040.970143485341 33515421.779905118 761.7354295282702 53683674831.02554 0.31072507681423667 0.9788266317731652 3.477457389750224 0.10107584783404056 3.0892710485803923
0.0 83.37564368926553 871151832.5240088 -402684713.7174988 501538795.58251953 995.5681323264398 -1564.6125749947992 -583.3210849255164 111856350.83368134 830.3756436892655 47436880651.611755 0.013812779052862129 0.9971002067762614 4.8913313242076555 -1.7958719977128836 2.112669446725182
0.0 31.739302378927164 -62706345497.88956 61173273962.40712 8240103889.005795 -5601.21090397208 7335.282936375443 -113.33552983410593 61812797.37609701 778.7393023789272 62061673571.277954 0.07889721875994474 0.9994784974717608 -2.257249369074967 -1.7873400639060728 -1.1162632584047805
0.0 30.154440253788266 -56993751.05229187 28727463.137573242 108309947.15234625 2684.928837323405 7290.858996755243 680.372030539649 27641468.855081312 777.1544402537883 13721251032.3367 0.3439426903285068 0.9994120309850983 -1.1382735936096895 -5.442003325980608 -2.92627485867344
0.0 23.73341995713588 63111335.37259674 -105748683.71548462 225604725.56828117 1657.745041930968 10469.833510784174 2875.8365464383637 47163334.84733541 770.7334199571359 32640335301.71747 0.263073675562175 0.9959700993245308 -0.03545222069842996 2.475201879964494 -2.596715461994665
0.0 63.591249349112104 -181278745.7268982 43613788.58227539 -83486848.8272047 1951.2437572157378 2195.658947535132 -6595.300612504129 58024677.54184682 810.5912493491121 56008750749.201416 0.2281134087182789 0.9723264989429828 0.199931037838879 2.87997666228455 0.3677213470588043
0.0 109.06130405100498 305278128.7077637 211324677.7339325 -56914794.53432512 -1484.6631063918303 4418.287375617438 250.03466713779454 109727450.49915338 856.061304051005 66070719747.46216 0.36569065635123366 0.9999624354445791 3.77237251249943 -1.6246578488592358 0.21210396636502304
0.0 64.94309203052092 531599627.9524231 329213900.7090454 402231832.27168655 2459.351854906523 2803.3670980482493 -1831.2902974249894 70944397.52233322 811.9430920305209 74056160257.39423 0.04747843900151934 0.9986047744126761 -1.106979615338303 4.958419636708663 -4.7217612804139
0.0 17.5347505658234 100108703.36439514 217730891.33330536 218527125.7683735 6209.8607289433185 -4335.184803488668 109.65749724084333 32729953.748758804 764.5347505658234 28579951624.128723 0.27481337653814775 0.9996632577157245 3.5890460732094818 4.531588414703057 4.919982935474939
0.0 34.28846309754829 -71909101.10934448 39628850.74825287 -23515218.84371662 6586.028233011672 685.5895139047498 -690.7951277678453 45263309.71523809 781.2884630975483 48680143634.95 0.2630252976689494 0.9989962321940636 -1.7201566181746482 -4.458970582396886 -5.260422196454341
0.0 87.3628441434413 -14406639.994003296 -38131187.20178223 1177386.612678051 -309.0974030963007 -175.02903596838314 -11.38423752700183 107276116.8818411 834.3628441434413 64592241162.81265 0.006583552482535948 0.9994457827876394 0.515095058684049 -0.9024771864938455 2.760346445651144
0.0 66.60224843974288 2996756225.677765 -4990975061.002213 3759082426.7273254 -1453.5304254095263 5487.137063146747 -25.49303001985811 101395200.46297127 813.6022484397429 83401236346.47623 0.2446233750202201 0.9999273911863865 -1.3717873816061306 -1.4884314137453538 0.7768002900275586
0.0 82.43126841839398 -506106773.1347809 -817468722.1302185 -34064944.60623169 -4620.6156663849215 5488.89003647891 -740.6971149865129 112435751.52045631 829.431268418394 40538712318.84671 0.241507646888992 0.9981225450482034 -0.11233671325679462 -0.5840052965036839 -5.416974638231551
0.0 55.951247510110306 936657055.4014549 6274765344.669525 -12990979011.49768 4318.563875738571 2498.911452034933 8195.789727499774 54478777.59564525 802.9512475101103 45053661769.417114 0.2809357958207353 0.9664090735598349 0.452997332590915 -3.4547030356331265 0.1631416182635146
0.0 65.98721981788162 2763302469.949524 6173132474.651154 396736272.09302735 522.0166814713884 1654.2441703798813 760.2463924631502 63246127.036337085 812.9872198178816 57499310304.960785 0.07926216839153533 0.9995685115555407 -1.1990095195645127 -0.05066827743975816 -2.221945135317605
0.0 0.22042159495492797 461757605.9651184 -11389262.99023056 -89365191.61353493 10452.992800784563 -2219.0196560428412 1593.8934632204346 39108681.48307845 747.2204215949549 22423661032.021606 0.3295722341907727 0.9999773411520025 -1.2516501785772847 -2.3378615616605525 5.457134926537668
0.0 56.054717055358765 6196450015.656082 13846592660.056152 16584085703.58302 1663.6999859510724 1309.3866261744952 -2059.6517029803613 71964108.7908917 803.0547170553588 60588661687.51877 0.053655092512613425 0.9869822159688811 1.2996332940006352 4.10166578610373 -1.153390752193128
0.0 109.27465918167616 -109298245.85783005 -8703585612.841858 27788979280.351944 80.60468222038617 -62.07544740746289 7.895041629643288 83818032.2084911 856.2746591816762 97158454387.1152 0.04349402101699537 0.9761414960694519 -1.5764796982112288 1.137063553439968 -4.212923072284116
0.0 10.575269611406043 -72188652.24871063 98649745.81304932 123451662.96127081 3900.5111220976323 1991.4161680622963 -3874.008212587791 30442314.214918114 757.575269611406 50905369668.786194 0.25448341075755987 0.9980065307957509 2.5179287119512193 -0.17173989133471856 3.3302250608152626
0.0 32.89948265354951 441558277.1323242 55032825.0292511 429318553.86077 6918.382446807231 -2064.3664996658044 2508.636802778269 107767850.23026541 779.8994826535495 32382458070.452667 0.2415152752671562 0.997059244343468 0.21792068863391068 1.5827494599325473 2.2292472400004297
0.0 46.62136150925687 -16148145.325073242 -133943226.06891632 42910798.85027027 355.1741063239451 2423.4641257524636 1682.8972620935303 41174999.72176787 793.6213615092569 66896795474.02597 0.18993966773984292 0.99959509224298 0.9255646841383733 -2.242992411864851 1.8788476306854633
0.0 68.15703908997216 -18762484.742034912 21049101.617744446 -35181471.36210632 306.67367711561747 2355.147588729724 3516.280774128394 56282456.43799849 815.1570390899722 62601947871.87158 0.16601879081235638 0.9870919956894093 0.001882305678342782 2.492310470255072 -5.761226449313902
0.0 47.204791939971074 -15412942471.475067 695507999.0328217 6723161072.384025 3558.6273418820874 5290.521413121445 -389.9001705634056 60826302.89807446 794.2047919399711 14213314496.760315 0.33374383313760536 0.9994800085945444 -2.301334905409935 -3.1420783526663945 2.9500256615765865
0.0 29.67164960491027 9970963705.65332 4749469271.838516 -1918251816.1882753 2878.07974490404 235.576569532539 136.6626219017345 28468136.457017194 776.6716496049103 47646367581.70294 0.1931436141515845 0.9996819218741161 -2.2159321825367173 -0.8582760358017196 1.6105245406580107
0.0 44.058210176319335 -193463965.669281 -124887099.97242737 141603769.31581926 -537.1867190612174 -1939.8924302357627 -273.47422073540827 85161912.67016445 791.0582101763193 73037101583.40839 0.08406998719502928 0.9998725230688692 -1.5382294626178168 -4.246233993238299 -2.0403910492378734
0.0 53.69374677904966 -78877522.80923462 -19605624.278076172 77698275.15889263 -338.0417160617526 451.55185320835517 292.57720717046305 75878648.29517914 800.6937467790497 46732446786.22748 0.04468052743191994 0.9999459749636218 0.0025659380332059 -0.079711629255239 -1.7297568069479685
0.0 51.9613693033549 65698287.186798096 68571178.57788086 52140832.30792618 -1223.2324744776197 4594.670985115725 5314.833420483731 39909709.54163458 798.9613693033549 78064463645.78503 0.22420661495817729 0.9814769655171628 0.40342921296911816 4.088988983829502 1.9623685628736278
0.0 88.27340389165408 -190515237.7973938 13247285.101959229 205650633.44893277 5603.624589122852 2458.4144398932112 679.1545483919708 124018753.72497676 835.2734038916541 46611715489.15256 0.21480034333468595 0.9996675140569856 1.0420288783859797 -4.023396545012538 2.7443564142572234
0.0 91.6918700454587 -274856868.5596237 -139624906.45343018 -66416609.14647317 -1270.0345380995204 402.21107204870714 -83.7764695114586 122118064.6172171 838.6918700454587 40372351639.75513 0.15587164550996435 0.9997270242779069 -0.12527202396796752 0.10135082758602554 -4.548342754594308
0.0 119.80931300423651 240989854.89593506 120908259.7939148 -213141755.27238274 -960.1589516099339 852.1078411893068 599.7915144166609 117284870.37365562 866.8093130042365 63410074358.200714 0.012373044463065669 0.9989735977605646 0.8098311438050959 0.2250488370729064 -0.8273686292399842
0.0 19.153984608196083 130050252780.29779 56367204611.41879 -5023959510.665194 -16247.317069635264 14870.508322787546 149.07167168747014 18986220.423567485 766.1539846081961 66066229873.694336 0.10072023464649073 0.9995411211880556 1.356280114055815 -2.2475868601475084 5.039347954049976
0.0 150.54723355961107 -132952895.69804382 -35265046.669433594 315796122.6373024 -208.6934254546759 660.2025251102086 -1068.0843219222256 118894096.43262824 897.5472335596111 70586932281.45288 0.011243835108157477 0.974988321256637 1.1487622032168654 -0.5276182127120328 -2.769064480792972
0.0 85.80034347052765 -203026817.66833496 -54687901.09396362 -242645193.4475534 -2665.9576071890006 5914.009226844535 3415.03166565678 100183283.00960886 832.8003434705277 38592691764.933105 0.2650624728549239 0.9969773901462244 2.681818142956204 -4.088492302175153 -0.10100062407402977
0.0 59.67059136360206 68576862.96690369 -300806994.9095459 -585793648.7069623 -845.6578906622053 -452.9987021504048 84.26668194878351 104535225.62064643 806.6705913636021 40522998629.03171 0.06652403596508112 0.9999823445733923 0.2600978026829951 -0.09485678674550271 1.8196122897025027
0.0 117.90764232476454 176765185.72317505 -14476738.786376953 -438259177.86953735 3017.6175466404384 1921.824201914922 1199.6754130178288 110652080.27498676 864.9076423247645 108938799741.7348 0.15957225320055918 0.9874678237478204 -2.0415946674377077 -3.207891896045087 -1.190043611135375
0.0 51.065990398042345 -626847329.7855377 -358051545.2601776 572492816.6402416 3097.287961722468 -744.7704718780351 -1284.641450857392 125292577.31585012 798.0659903980423 36390829055.813324 0.21230057777109082 0.9991814195212235 1.608677278989773 -2.4127653206115927 2.0008892527873092
0.0 96.57589007858928 147447067.28300476 150103101.84262085 -115570689.8616209 -350.1954085069119 323.3210059424928 44.96357938005815 122535922.69608398 843.5758900785893 88375456965.50827 0.005972697429107839 0.999991782880386 0.8326630010707167 -0.05619437145619166 4.4370938402189815
0.0 72.95936156950006 -204653055.76741028 906152870.7026062 234069141.6788876 -32.370025483032805 2435.7806999728455 841.0781219418826 93748964.265738 819.9593615695001 62386114074.187775 0.015284006966618038 0.9998193317662738 -1.1906106894485011 -4.094073339980589 0.3517988969531534
0.0 7.046801529781646 -159485440.4727478 144193443.86650085 -81819236.52454376 5648.448709531469 5216.606432345114 7061.502373785119 52718709.854315154 754.0468015297816 60033464992.214264 0.19667376560572603 0.9986366291698103 2.5484735257235003 0.14008044454905488 -0.33791025629446114
0.0 28.011122102395916 622278019.716919 60300740.4859848 -116346694.42306495 -12323.002093571598 -7002.121252428795 912.0837465424161 45687543.173767745 775.0111221023959 2252515644.758362 0.4038631009151411 0.9994924232014385 2.792191393991846 1.7459725970620303 -0.4538069556328366
0.0 91.69231159821834 -3652157831.040802 13360051770.608948 2973457643.1133466 171.9556821319784 -119.6106083937957 129.22023571614324 116833191.70522413 838.6923115982183 33238384475.805496 0.10986392817233906 0.9996083782593863 1.7269391114765693 -1.6885060568122432 -0.01519919389419222
0.0 0.28123768599243704 -192138961475.7567 -237323552906.49582 2978986124.9746065 42389.0919556142 -17742.100164442716 -690.3060876393286 19897117.36462474 747.2812376859924 60340778440.17215 0.04431158206354942 0.9994392393701579 1.6149125037669267 -3.029611145028609 0.2910164221875764
0.0 120.32137709698816 102605706.68423462 128558222.57235718 -43752565.72528577 -651.6715241106394 340.58753152540385 638.1252998382031 125824882.45977123 867.3213770969882 89805138811.90881 0.031365379708077915 0.9996317168761335 3.2967945681099007 0.8882215976680699 1.060375830399597
0.0 25.402756950163393 72653586.09004974 231062306.05529785 -18418274.10471058 -2213.2733452378707 863.0689899832496 -547.8130974155804 47812338.369567044 772.4027569501634 44229483660.90744 0.1080599460799875 0.9995614740891793 -0.5946809469164858 1.7647411517472817 -1.8587709266523778
0.0 82.38837933755451 25100954.93458557 -318141372.7152405 -274014700.8149748 1639.294682274758 1701.4661987037598 -398.7143204003106 64526518.382495746 829.3883793375545 77772312066.18005 0.08259047430545707 0.9985668251174964 1.2169983712367347 2.075294611722066 -5.579098560642684
0.0 110.0600101551064 282807659.366333 424710188.33405304 -231567223.43261433 3201.8952034760096 1285.4416273878815 -8330.288131170742 112950510.85680541 857.0600101551064 92894713725.1319 0.022480790514757827 0.9429099057573521 -0.8584160626560045 -1.8621335265138284 -1.338186753275561
0.0 26.87278917067306 136838513.2153473 93707977.1073761 -23768883.36626053 2199.808503032822 1338.8523084645112 -12054.725354249662 43922494.68945078 773.8727891706731 44397650378.18771 0.11903626512118406 0.9610591171643506 -1.4850464894010251 -1.1556822888828708 4.33972117701241
0.0 55.00010713098857 -2762026.721923828 228256051.2210083 13679422.374452591 -1659.3669034200475 777.9070479154434 -717.1438986225999 88843064.25711375 802.0001071309886 50092386277.52603 0.008007560622474923 0.9999959285795023 0.39071814782815983 -4.273183192841087 -1.5338865772161179
0.0 10.313211838666575 92180632476.62567 69147886041.18282 -5300684909.55214 -9182.52222598722 14703.077879330334 33.88126596396149 20101249.721961938 757.3132118386666 40468727059.89108 0.25663113430335205 0.9993246393879813 1.237880548923107 -2.721835929698697 -0.5256238134947617
0.0 121.67157661416536 36437274.396698 -120330498.67817688 24241496.836484432 4585.043636526894 5903.665928494898 949.9107899362832 91099922.5521484 868.6715766141654 56586210655.07645 0.23851963151358635 0.9996389135721049 -0.21640269411014035 -0.8262317718660376 -0.4752493729330092
0.0 40.99494948577569 31107341.665420532 69386060.77251434 -451591617.03065586 7521.88011776731 836.8483919493447 1889.344137837632 42162040.15599294 787.9949494857757 30589330184.079346 0.2517687394452421 0.9988514556711028 -0.7569606640758505 2.8602414545237003 0.1031263803590532
0.0 48.02740408067439 347121694.63661957 -6608658.248764038 -394063529.71609044 3152.987912248769 1943.7182907235747 -8028.433378748596 52231587.026523635 795.0274040806744 49477086436.96216 0.24002098994011073 0.976010644017966 -0.25784914802928904 3.3715754039134955 -0.08181328311241298
0.0 56.28468038155427 -27563139.986297607 7669975.3266067505 71624635.03780842 8033.545561092228 4381.57254735332 3229.3817134012515 48508604.3598592 803.2846803815543 50910852478.681 0.328174259364513 0.9998794036467085 1.6697723052958575 -0.8661328284683062 0.42892307988195855
0.0 95.3802516500034 153283334.9019165 172368161.89920044 3615357.636291504 2723.580005970921 -1239.712483150568 -601.2780471540934 72620744.88460088 842.3802516500034 311399160.4798279 0.030421220032905344 0.9915372130689822 -0.08906517658468172 0.9499464034056994 2.4472137864153054
0.0 12.613432399969042 -28274819.712036133 -362929842.3778076 89647391.83361971 7133.1115892738235 6253.716924552493 886.3798004361593 21364502.502409115 759.613432399969 28181621851.740417 0.36583822492442963 0.9986069056034176 2.095652529277624 -2.6196000097441727 -3.081416744375688
0.0 58.314716563091906 5545079924.206375 5549517917.448196 -1533764836.4855556 370.5785041301824 40.340361798174854 -10.950725480265305 75294437.45229864 805.3147165630919 59089535822.75534 0.021610685935103235 0.999997453594528 0.6332949021151929 -0.3377104746459162 -2.189010494195493
0.0 67.83713057197872 400130525.1431427 181379945.07611465 15435311.587927818 1388.7511600986563 4275.244262761669 -461.5066827931578 77773130.23360077 814.8371305719787 66909388589.985016 0.30115865889131765 0.9951810630536942 0.04850365624254993 -0.7847730453416677 0.7424476117454923
0.0 7.4842017398158305 9619970159.729874 9683775538.080017 754699318.0884843 -1062.425297308775 -974.9374725523412 792.0546492609533 24191500.93959997 754.4842017398158 27906851519.168854 0.08084460702225152 0.9995085453114243 -1.2475130646794543 -4.613424285426372 2.785885009051938
0.0 86.20936561624069 2760777574.646881 3037517171.230484 -15477768828.970608 1096.0615083763078 -282.8794003703806 1904.1557629451345 66068971.37610089 833.2093656162407 33836471274.05902 0.008381196259101859 0.9804551632964107 4.820825886640921 1.9143010378750525 2.5726926934779666
0.0 30.35044209366265 170441110.54034424 121222314.56466675 -256388577.6340294 4056.2904317503126 10820.75726469648 -131.10815663274798 39557938.84232126 777.3504420936627 34418257197.72443 0.3451929830236848 0.9999898581704754 -0.7447588792918297 -2.6530851376069324 -3.9867570293064847
0.0 94.75904633113919 -275994105.0743408 254265932.86965942 -344338896.348307 145.05528481173315 1604.5444889216233 754.5078167820506 116396703.43859464 841.7590463311392 82953747124.88394 0.08254751534672902 0.9995541388495164 3.8169488924296933 0.40633541729443756 0.43588109064542757
0.0 45.753536338386766 -102530270.63557434 -143069723.4412384 -150590709.51475048 1606.366363928586 2627.149360524574 8352.152659555237 53827046.30639398 792.7535363383868 50766610233.6915 0.08662050788295467 0.9560858863887718 0.9827913412149638 -3.1860920625598683 -3.1319909674748856
0.0 110.10482480647659 -119540694.57313538 -135070569.50463867 -642259796.1619654 2595.6748703131016 268.866658515597 -2688.278699304089 88589059.68636394 857.1048248064766 43205582199.39508 0.03927720521901397 0.9997922846541635 -3.9405161375064814 1.5587210193442729 1.6392550842065658
0.0 43.67078063399799 16452431515.268646 12077917236.280937 -2802936518.4046288 75.14422211655096 -70.14355713418263 119.99619563697291 32274727.109051447 790.670780633998 67961335366.17197 0.09965468513166108 0.9998809184875893 1.1938362396816848 -0.1950452719945508 4.5730642241241375
0.0 91.97098296689501 -62087132.06576538 116343612.36242676 -50446745.42133224 2711.560533402215 1626.0692840313955 -97.51087428872859 87615690.57806294 838.970982966895 48265589104.34512 0.09777975766877738 0.9999939693331725 -1.2008177984641637 -0.9779756938376717 1.0671310364228201
0.0 64.74174887988886 -2028926747.6517181 220080484.9290161 190656785.249691 -77.67098720769354 10634.711123653953 2510.5596204372405 83183290.47612399 811.7417488798889 6772221040.664978 0.28428078611409635 0.9996752771295905 5.032111254914891 0.11232557096753926 3.319750824067282
0.0 31.59451316766456 15897936.094940186 94570345.1234436 -33067890.4167614 -1588.6551812621765 200.23646717600423 1607.295176698985 29303820.71435414 778.5945131676646 45225216816.32782 0.07402917329262429 0.9995181359942079 2.0572305857865363 -1.0655074464875753 2.8180071783278375
0.0 44.91360846285636 -349487146.38482666 338084181.97250366 -355601151.93407536 3152.3923601688184 8469.815434627993 -1650.6914068046674 43206397.60212898 791.9136084628564 39721930467.36612 0.26337101833271537 0.9947778954662202 5.537874169139391 2.963066688118079 -2.7507189268553596
0.0 127.06943814995418 -126784693.13623047 -198449303.3430786 -56711258.54736233 722.7258139048063 2752.7035246267424 1069.2836750196552 103820899.91450037 874.0694381499542 46300446058.60202 0.10309545969063025 0.998116253440619 3.735105543903755 2.0079562403175917 -1.5634768158610768
0.0 33.655061246689456 77462188547.73763 98320653433.4789 -4012992670.374513 -17465.048815187754 2945.091054490258 556.6775124915018 26519778.82265056 780.6550612466895 73168444728.05225 0.10132125927023163 0.9994775682706496 1.1836621131955216 -3.558039989099318 1.036162257641486
0.0 130.4169109154068 102036323.9854126 -383408310.2698059 -4343951.231279373 613.65219658153 1964.730292023356 -3167.541197510534 125843900.0608892 877.4169109154068 69449769802.59146 0.04060297216817209 0.9832631582494247 1.4493788563531496 5.946030569262014 0.5784744319183239
0.0 78.8185814807764 -13705359568.651764 13163282811.473236 2302569690.903037 1603.075379615826 375.11212197819987 -17.769598726797113 100438959.18926802 825.8185814807764 84942022471.5635 0.027702454318407663 0.9995032098587404 -2.330876834555831 2.2990345795012908 0.996741229196303
0.0 50.73015446951638 479203056.2762604 19159958.25984192 -72244778.35241318 -2215.9984709672262 538.2876498534824 3739.2335877508463 89509809.71471229 797.7301544695164 52878363941.83209 0.03805787395733077 0.9977631517332753 1.0275963165946715 2.031346927835777 -2.2115908994481486
0.0 77.37172638129562 -151394914.29779053 -69078906.07548523 53260881.87055683 -701.0545573934069 527.236903655783 693.4262405889051 60669726.11239789 824.3717263812956 54398563237.09708 0.07020094992583922 0.9994510007147237 -0.8305533028234726 0.2865785323991729 3.127442872906276
0.0 46.136825821360844 -32415624.01184082 98654220.65255737 -118073362.5745058 2776.123161975953 1052.713723388315 -7525.314027629241 50204984.89569946 793.1368258213608 55038427088.17493 0.14870449332154723 0.9848937862731272 -1.0662492051335708 -1.921319022570917 -1.108231746516022
0.0 90.92401967820797 -369963939.13905334 132755458.99987793 -301435384.4385822 1782.4840423171154 -129.564096664737 -438.36361366808364 126762075.21634416 837.924019678208 65252484763.98245 0.046636368304656915 0.9994661448317967 -0.41611290587101324 -3.0561861534015047 -0.9524185112552244
0.0 74.2302108990632 -315527953.7257366 84260261.36669922 -131706075.88376546 -623.3389857142429 980.3628901306952 554.5266019871839 70766509.50335759 821.2302108990632 44835082846.91562 0.08103183917468462 0.9996209076794406 -0.9993912301799164 0.47632187165752116 -2.0757300553984948
0.0 57.78656762037133 -18733313991.213425 34576391995.89694 3839733982.190171 7229.115233740293 5612.105457118622 532.0935378970047 75115446.17355448 804.7865676203713 23004291640.626892 0.43460859030250565 0.999608208685371 0.3840804879891008 0.9308062355685442 0.35682492711746194
0.0 56.56061022996232 -390185773.95028687 -286018167.6765137 -281204110.6093749 -144.58688102780434 1096.8826833963794 -7490.60846176969 54845738.02730512 803.5606102299623 62682953115.95123 0.13431018287702487 0.9629713272145496 1.7886776640909352 -3.3645183597885553 3.4758602420751656
0.0 16.728421085118157 29655429838.556305 16437177372.406403 -4040646268.8050756 -235.0677891929663 1650.8510698098944 -36.40813983567293 22315447.229890056 763.7284210851182 54400711326.71498 0.23701563532542663 0.9993993490079123 -2.1158248489062808 -5.082652871863358 5.430087096685613
0.0 104.76351069615555 90876734.65278625 15069640.23512268 -143189037.0819912 2408.8013324789863 -4060.5123418085423 -881.7202471674339 123050773.0813835 851.7635106961555 48970568467.96011 0.20677669956841163 0.999943749259793 0.43201554632989814 -0.5839689126543854 0.6224203893104336
0.0 55.63201129883953 -1430754403.7599869 -849819586.8930359 734766662.9439812 2364.3550698342224 2754.5217851350535 6870.07657219875 46164911.521231845 802.6320112988395 41491588370.20868 0.2424119890380287 0.9839146925604075 -1.4757269598087681 2.21387864580744 0.7964987357817366
0.0 55.506383689770814 -66387731.60702515 -4817317.106315613 119783783.7774167 -1925.3628475350224 1608.9909907785113 2877.1437320459877 95599998.23499647 802.5063836897708 44838627899.2139 0.06758434698978566 0.9962690107056051 -0.7499609060591551 -0.2616975927616332 -3.1166571812172994
0.0 21.694958958988877 2502326.9429779053 -78509135.83283997 59337597.652160406 3316.837334781696 18.31818992290664 -708.3104167515892 31937189.471417274 768.6949589589889 39999511227.634384 0.19398745200106912 0.9998685963500394 0.22988895417753896 -5.782685359137677 5.910484943389577
0.0 15.9502310706348 175030833.89556885 145388438.71427917 126023747.2807312 3777.299990575684 -2842.3955875106094 585.2021758666444 32737626.379106585 762.9502310706348 32429606501.44458 0.18123783655482695 0.9997719091544089 1.0571204111198547 -0.45193142722232515 -0.8196648018406583
0.0 80.88040989023466 178068501.41557312 181686303.25428772 57137470.423599124 222.9370477748671 425.4272157097221 -348.5490126039878 111632280.66064267 827.8804098902347 41330559903.723755 0.007125126120915745 0.9999616530023552 3.2538807023741114 3.1452478192387483 -1.4240819397277966
0.0 33.28146910345504 61356242.033187866 -125926979.3546753 56779884.14492679 506.13717064888624 901.0765126872229 782.8561706174185 26394340.240063112 780.281469103455 23138356446.634277 0.040251335113713316 0.9995239336641153 -1.3061349281918653 -4.746726835505937 -3.1171107069909385
0.0 33.55567883246192 -561449541.8203735 553944697.9992046 -96489920.04593432 11818.792945797024 3583.523806734276 -892.8750810225386 60209605.22839772 780.5556788324619 19209588616.6846 0.414848198700545 0.9994941623868909 -0.8968298333843716 1.8838835646111336 -2.771648249621886
0.0 63.25286057479593 -467098371.8223114 -85595243.53018188 1127523526.7459137 -349.03304189933624 11.98761945714432 287.510420177346 121975232.76408604 810.2528605747959 58137051357.87674 0.0003721635241597798 0.9997043712551361 4.263678287045484 -3.998708037469692 -2.712041393073553
0.0 1.2508809850664875 -270057558038.75485 -143710769767.27792 -3463479000.015384 10609.315845684736 -25427.899436494612 -627.8565772980287 55954615.623072386 748.2508809850665 67985575002.05707 0.07109874543042344 0.9995069891593665 2.0026613156582584 -3.4307709181438595 0.31685994740383383
0.0 26.068788112949278 66557074.68481445 -1717440.4107208252 73962001.91844797 5581.8408697119285 -113.24845964231281 1373.1113471608319 30635036.013418995 773.0687881129493 43276392741.36551 0.23960423941640896 0.999253937242168 -0.21870695431330045 0.2204270878681555 5.736617610184789
0.0 81.59098610733918 -136984546.394598 51574306.34060669 37896323.383802176 -8.757466093309631 644.7953879154493 336.75160262775864 81117825.16838428 828.5909861073392 54425869450.90875 0.002868639203626122 0.9999065242101984 -0.11189518910055263 -0.125220792325038 -1.3445467805689377
0.0 108.17900396496964 -473330148.17962646 298558787.47473145 -61128318.031882286 -3062.541122074399 -604.3910460792686 -167.42266925346144 100959789.26892814 855.1790039649696 59908792435.023346 0.14209133575731137 0.9982907447457069 -1.8873480009551222 4.116861027890277 2.202051457205712
0.0 36.4977791609208 56728581.44418335 32243496.073562622 -7654055.748306274 3295.2234485622976 2626.783430907435 6316.410935156938 36167359.37769466 783.4977791609208 51031192855.182526 0.1733915034643589 0.983600449528517 0.5402647647839829 3.115363279718947 3.1613174029116045
0.0 8.016631422659202 20158071.477279663 189198194.07621765 107244137.30790997 3805.244200409601 1563.0071677084197 -317.0331765365627 20396180.9424652 755.0166314226592 67507364653.14429 0.2849500504523264 0.9999850913950004 0.9011433858873912 0.04315217390197024 2.7962905419021125
0.0 71.97444118767419 -11243229370.980835 20051586054.794403 3589021378.342409 564.4210837198552 466.961363749022 12.378580769185646 92556052.16580224 818.9744411876742 90383714890.82053 0.0038282560288606313 0.9997143019057401 -0.3083028167119578 1.1873584179179113 -0.5849753289384186
0.0 87.48916659428937 -87139041.8728981 -120036429.18499756 -116457773.97747087 898.070647278837 1888.8133113975928 1556.0919375708306 98207112.48424779 834.4891665942894 69110446007.94254 0.03577240325284675 0.9985542828566969 -0.5160111780812267 -1.6270680796150163 -0.8649153193092123
0.0 20.764685828543293 -31296216.94482422 -194751961.43597412 29286426.43213573 12161.56055028701 5273.970672551171 680.5693359131083 17954093.625504106 767.7646858285433 6344920788.74942 0.44650328219885016 0.9996735699773943 1.6907660106650741 -1.8812225982914168 2.765091913976292
0.0 76.66811535394606 -5272104.266677856 -75510046.57110596 -18417174.78186512 501.64717158225176 2572.459529204014 2240.173862728074 64989174.51376175 823.6681153539461 42730569952.194275 0.04355929020213699 0.995255449813808 -1.1176349224442303 -0.20935450808206657 -2.705819754302777
0.0 63.042213475138965 -6700068663.440289 18942011805.104523 3485234309.696587 1708.70526416567 1946.8878198599205 428.20531413727684 81774707.3865697 810.042213475139 40864318440.28909 0.10719953501077281 0.999599500583057 4.021014389966323 -1.9186178494453239 2.184434807282352
0.0 54.29241850462745 -272623936.41516113 166079281.52990723 151746086.36660385 413.26064588448935 6424.278395063836 853.4175080843238 119088176.15936866 801.2924185046274 40237479562.71173 0.1558311921399586 0.9994374828077764 3.5442989585353577 -1.7440422494729053 2.599578782421497
0.0 84.27867124277043 252663433.6977539 283950486.6052704 315161761.2898693 -2969.2671994191805 3211.8619924278755 530.4265405190886 77362352.18894933 831.2786712427704 48355730756.84302 0.32837742655331736 0.9899797613598367 -0.995640735346528 0.6444483865148802 -0.4852349858558922
0.0 70.21827365959666 1773353900.7872925 11071864659.442383 2249576013.8484693 58.81051876012498 505.88693371086356 696.9951768123391 90676598.08206534 817.2182736595967 63645903099.8725 0.05991534955595072 0.9994397731302065 -2.083103069840488 2.903593992618031 -0.5917110248236404
0.0 79.92364997433651 496007964.76535034 132181036.04560852 -155404979.8359635 814.3531172232542 899.2474346889212 965.1429512282098 61270220.56592245 826.9236499743365 58801661332.79477 0.05561926149956217 0.9987785149753023 4.165444252658906 -4.377267788606467 -3.016993734386917
0.0 25.412158025663985 -74511766.09085083 41922918.803604126 -117772739.5868144 4059.4501582621306 273.5098053402453 -2498.8446021757013 27714605.191370238 772.412158025664 44179760019.18045 0.2548954030101513 0.996322010121878 -0.7483970704616804 -4.862649093877124 4.744003716459916
0.0 102.45417295328753 -38070858.62590027 -42164947.624191284 -16607227.69194746 6250.768271122557 -362.53717739873537 -72.63423990277933 99428111.82966453 849.4541729532875 101217772555.84076 0.16789747521720452 0.9991760781819464 4.655922661842176 0.014921166218763382 0.6289354024113374
0.0 29.347603981557654 934808746.4082336 -70596250.30984497 179145854.02649403 -2580.278026526601 2752.5480010262654 129.23399580903668 35290930.0656946 776.3476039815577 80207305157.52518 0.06741362051263505 0.9995059215183761 0.8447431196719777 -3.512508322215615 1.2545891646764233
0.0 54.327197571659326 -27120685.796875 254455221.17852783 -137457797.28849316 1262.4841465653426 608.6440150726266 1197.7638218820987 103320972.29212177 801.3271975716593 42681927634.96762 0.03957654147004826 0.9985529227919384 3.1630289568283834 -3.16111952803195 2.9532362625126902
0.0 121.35923558808815 -180756583.11110306 -148844124.21606445 -126361557.3406961 6191.052334612534 1020.230289514989 802.9549715773662 128495899.41362068 868.3592355880882 25184366613.436325 0.4322158855946001 0.998009520470669 0.17495949049153126 0.11881759154800786 -5.963581332782178
0.0 56.418187121252345 -1527406967.3841248 3319822397.138733 604018967.2142015 7113.526368345843 10629.519978051921 823.3073659257037 73393844.11420187 803.4181871212523 10317986240.00064 0.4945126579523803 0.9994602019364623 -2.2107608524049582 -4.496604407176352 1.7655347423249732
0.0 99.82698811464411 -58524295.09088135 -82334995.41421509 16282169.180051804 1936.3539865610765 1357.2581182842114 1675.5056793782967 77083785.45265748 846.8269881146441 16422372153.967743 0.07542316419844264 0.9875089251592356 -2.3815174071951777 -2.9369875969681476 2.796157335497482
0.0 108.08808623688344 -485597787.87753487 -1129215927.554779 290563043.72941303 3142.558563368104 1991.8826307791874 2001.5543144872986 109912675.11486408 855.0880862368834 96238080864.54787 0.002343128329920924 0.9989267058764029 -3.421044077858564 1.4281546331945256 1.5742190774636675
0.0 71.28599010124196 -201155556.43457794 585122145.2941284 -597584362.6470971 -5495.072687727617 -2891.63512122449 852.3405410578786 92499631.60019991 818.285990101242 39412574881.6514 0.11068123681915433 0.9998240540604683 2.295503820922849 0.8900124469378159 -1.9482014536333354
0.0 93.8601370897569 22167235.079467773 -71490573.58270264 -110012197.45985496 1158.82373729541 2408.0590954445997 570.1670199712039 120337698.98438002 840.8601370897569 77601137143.84451 0.1644247193818005 0.9997670813219709 -2.463487057908354 0.08038604225556345 1.4174857765893758
0.0 4.853927616905139 -278333471.84931946 -685614366.5874939 -3003195515.6172657 1524.9590327907717 3014.2345066516755 -3172.1082551470295 43247349.001443334 751.8539276169051 53785625922.12424 0.14287058954546916 0.9954682223729604 0.48373376460517337 -2.761121565328023 2.9810160196594158
0.0 61.887287158803474 15655237.84753418 -129928159.02304077 -60891060.4915638 838.9082584028765 3816.046814940515 8387.37735804442 48343872.14488418 808.8872871588035 39275825110.17096 0.007052140950675911 0.9460104975145398 0.051761724074603555 -3.249741991620522 -3.077968352988603
0.0 22.107598036562422 298537844.3759308 -464632800.4886322 61501879.45320773 2994.331468098673 618.3005157326061 283.63755570551064 29358375.196002964 769.1075980365624 51235369413.28642 0.20588601667369183 0.9999713372434583 -1.5758986293109238 -4.258067526946684 5.45018124597914
0.0 69.10766962543494 27899174.205421448 -32001548.149597168 -62734242.35431814 4625.783710902102 1527.1532141906773 -566.5146941798305 58444437.887202464 816.1076696254349 80783914204.01912 0.025753915590861293 0.9999221977955454 -0.026173699948661366 -2.10496314873275 0.3910517177435091
0.0 60.38372318291226 -63532874.036865234 -101997797.67520142 -257219627.07273504 23.963695393260423 2641.622779130761 -1049.9566473549983 57479858.538797826 807.3837231829123 62767088303.64627 0.11208829108856959 0.9995502875894043 5.555558151456498 -0.7202029737688813 4.497266460028829
0.0 86.3568101230054 -103160839.8449707 199907170.31758118 -183928338.54355907 -1102.7551508327015 2020.3955199348602 1252.606046688089 92515976.9385298 833.3568101230054 60881611236.62283 0.000580497480056591 0.9982467560647265 2.343705823759391 -0.8318081597375618 -0.13549693132777885
0.0 12.29613752397222 28997645.29951477 498238280.0722046 -237552546.70744485 8685.358043096066 765.5063783107362 1618.5143318917374 43875272.887580805 759.2961375239722 40453541956.4151 0.3431347877165463 0.9990597035576374 1.5257782001541336 -1.093922211847811 -5.934859944636543
0.0 94.90505673947644 345713265.75774384 882691488.1141663 -283200143.55347157 -2928.8203317016087 -707.9216514645605 -948.0660754479818 124782148.18577039 841.9050567394764 27797436809.251007 0.23163169978679576 0.9990327644036654 -1.7797435070139276 -1.411832595620282 -0.14494759373243982
0.0 50.0054988195368 -1074326531.296997 -1261092426.4414368 -160970273.4277159 -447.171266056328 -2624.99017725086 -736.2979866447163 83580431.27252305 797.0054988195368 42860618761.70792 0.11037033539960339 0.9997598877048511 -1.3158324533510435 0.7096568733473982 -2.1340789069574972
0.0 20.556490224839422 -4154447.4916381836 -34615624.03048706 106893498.06793845 7218.274363598615 -9128.323045256173 256.27055042329374 41319785.8801192 767.5564902248394 1419412857.8188782 0.40174670854963945 0.999927398422243 0.24463616687690726 -0.4961982859047136 2.668014288965171
0.0 38.6642180900601 -73244571927.2944 7804677970.485897 5085363478.899241 6770.376822227421 6580.332808261304 -434.27433145171767 74638720.66402103 785.6642180900601 61833092126.339386 0.16181776456056218 0.9994928274026185 -0.0198286899185528 -4.647488164945119 -0.21313914731957073
0.0 84.95338587496906 -1839973595.0509644 -405095368.05737305 309814793.9057288 -4623.032793026388 2183.3696245840947 -580.5801247815141 85777836.75457416 831.9533858749691 37433333381.848694 0.22172510501542347 0.9995086255768869 -0.9956508992721225 0.4195179179258257 2.4118337415993842
0.0 0.3083092124683162 -149760793.38954163 -660280136.9926605 -26338496.099315643 1363.3494312787989 6017.556962921892 -2332.3028571005816 26136961.444237504 747.3083092124683 86103998317.97736 0.2609550681048568 0.9997371015377391 1.1876902393169033 -4.167345934538271 1.19532549107593
