[-8.13048459e+09  6.79085548e+10  1.95525453e+09 -4.79574499e+04
  7.63803059e+03  6.30109802e+02] [-5.48561466e+09 -1.06971478e+10  1.16852675e+10  3.02441042e+04
 -1.72673856e+04 -1.10972422e+03] [ 2.30660465e+10 -2.88811381e+09  3.19677733e+09 -6.69694431e+04
 -2.17689945e+04  9.88399527e+02] [-7.57395858e+07 -6.20480587e+08 -1.82339232e+08 -3.63954140e+04
  1.02674522e+04  2.64343235e+02] [ 3.28294187e+07 -1.02346528e+08  7.07753856e+07 -1.45937424e+04
 -2.78528607e+04 -1.15048840e+03] [ 2.97961845e+07  2.01060675e+08 -1.14769098e+08  1.49987524e+04
  8.59803208e+03  8.40495285e+02] 
[-3.79098672e+09  6.52514602e+08  2.39162614e+09 -1.04068004e+04
 -1.84231510e+04 -5.52754430e+02] [ 1.46161385e+09  4.36570880e+08  2.21897709e+09 -1.19826824e+04
 -7.57771120e+03  5.52801820e+01] [ 3.32607454e+09 -1.01655514e+09 -2.78000064e+08 -2.30029264e+04
  3.31010284e+03  4.13551310e+02] [ 2.48396564e+09 -1.84704080e+09  9.51045472e+08  6.97766511e+03
 -8.65500515e+03 -9.65131610e+01] [ 1.23927160e+08  2.14471139e+08  5.32473309e+08 -3.46071682e+04
 -2.08499542e+04  5.83168724e+02] [-1.23300086e+09 -8.57868282e+08 -1.09607918e+08  5.98704685e+03
 -1.15978498e+04 -1.40205615e+03] 
[-2.44990933e+10  1.51480904e+10  2.24928480e+09  1.22032494e+03
 -3.38998018e+03  5.31079328e+02] [-2.81909716e+09  3.40305444e+09  2.38535806e+09  2.52963230e+03
 -8.50106245e+03  3.67889888e+02] [-2.34908670e+09 -6.33265299e+08 -2.65736698e+09 -5.62113629e+04
  5.22264919e+04  3.90030066e+01] [ 1.38288474e+09  3.36207540e+08  2.54832008e+09 -8.88602011e+03
 -2.41765325e+04 -1.93030424e+03] [-2.35890811e+06  2.39097947e+08  7.08658734e+08  1.17982849e+04
 -6.10741105e+04 -1.11178502e+02] [-1.22418586e+07 -3.75117747e+06  4.34471703e+06 -7.18961292e+04
 -2.31257497e+04  1.11912015e+03] 
[-2.39321483e+09 -5.17697120e+09  1.56385467e+09 -2.00077716e+04
 -1.60781161e+04  1.20879754e+02] [ 1.32390540e+07  1.04496652e+08  2.19788354e+08 -2.04837720e+04
 -9.12340049e+03  1.95582267e+02] [-1.27729806e+07  3.12834208e+06 -8.17239409e+06 -2.12032903e+04
  1.95234185e+04  2.71336511e+02] [ 6.51062985e+06  7.94026162e+05 -4.62846664e+05 -2.15972054e+04
  2.65572254e+03  3.44839723e+02] [-2.04844874e+09 -1.96866434e+09 -4.09496496e+07 -9.29001562e+03
  2.65031460e+03 -7.12309882e+02] [-2.97299111e+05 -2.74476782e+05 -1.44464431e+04 -2.77118800e+04
 -1.53282614e+04 -7.90288690e+00] 
[ 1.96300596e+09  6.63305141e+08  3.84627457e+08 -4.28274934e+03
  7.69363380e+03 -9.06691296e+02] [ 2.39403117e+08  2.37928885e+08  2.30141390e+08 -1.18683295e+04
  3.20109267e+04 -3.40412542e+02] [-3.79039497e+06 -5.36419719e+06  8.95703418e+06 -1.61767416e+04
  2.14462020e+03  5.18914443e+02] [-1.91995050e+06  8.37610858e+05  8.33028161e+05  7.62437988e+03
 -3.13555592e+03 -4.72299517e+02] [ 2.88930849e+07 -4.25579272e+06  1.51601844e+07 -2.82102776e+04
  6.49368304e+03  5.42844236e+02] [-10376.43768311 361970.8663559  -30298.54006508 -21295.70282908
  -7413.41526553    427.76954183] 
