Label Ep_x Ep_y Ep_z Ev_x Ev_y Ev_z t_t m_0 |Delta_a| |Delta_e| cos(Delta_i) Delta_Omega Delta_omega Delta_theta
0.0 -3148839.6880722046 3280943.1356506348 -6693915.076934814 -1069.6525984532564 1815.0746767912335 -159.6070182769863 71731832.88239725 842.7963680533923 36651945511.71997 0.10198874844842166 0.9999942517638244 0.0032298107722166236 -0.5220241424262436 -2.060209980845286
0.0 -4427982.782897949 8330770.569580078 -1570021.0541114807 -3167.107804728681 -2166.5093009555967 4429.501959865107 71958812.75000954 920.8809607569907 49859903258.89249 0.112696481296088 0.9702180839601406 -1.191890714846406 1.611349265492585 1.4915199333551135
0.0 5493609.077178955 4900761.618774414 4558794.873167038 -4427.683555712696 -190.08618306751305 490.82982330878224 34595467.777636096 816.0249281670177 83805636078.56903 0.0007242777745386508 0.9996832931673192 0.27144811834145144 2.781098821675295 1.5927205053566729
1.0 820196.9699707031 -4006206.2032165527 -7368353.461198568 -1191.578285301879 426.6502763590379 -400.88065141510697 74582646.20016752 862.7697949143712 32606883346.27649 0.08211644220066988 0.9999751577828909 -0.02033757814509296 -0.20937234135012428 -1.8267664671997357
0.0 -1553215.2655944824 5106498.971290588 2869605.324463129 1145.9182275980484 1634.8592618930597 623.4671078050962 69598092.2813874 849.1241718247356 49944894589.45267 0.052787993502623407 0.9996762969510442 0.009075618057506785 -0.8024785065965132 -2.016989701192702
0.0 9741878.050476074 14692418.593322754 -5644005.117394924 -1748.824214933793 7115.65075815294 -14.360424034804538 37411777.11183709 798.6052926795345 19141751495.92856 0.20578701826127485 0.9999912042347474 0.1522648921230365 -5.645253015095207 -2.778474157207447
0.0 3261054.376647949 -14610184.29711914 17218724.82046318 -1930.6032093531212 879.6620620654594 439.9140650162226 75432773.81771585 848.2487012230774 48266602663.55548 0.10044736158307252 0.9987998669805125 0.7188477987470594 -1.0477424295452715 -1.7964682394076747
0.0 -7861911.821594238 -504688.2296142578 -3302208.478096962 -2065.6057201133117 8354.555429048254 421.90595027968226 39790934.54624291 804.6611778937123 19385313666.91107 0.23578946641933718 0.999870867021538 4.143717696024252 3.167940682218722 -2.659557915239063
0.0 -10493002.882324219 1470241.6986999512 -6635869.764871597 -1573.5460982509849 1435.8257976967252 -62.106506968613076 65615479.79068311 827.0085699705326 8139201373.630341 0.07326301816440048 0.9999120666753903 -2.415045045834213 2.4726386746218605 -2.8097752132018967
1.0 -7695332.481628418 2261617.3189849854 9415298.816028595 632.238169450522 816.4649457655069 -633.4280744031139 75119616.10442749 842.0653735306136 27493441436.510498 0.026392912114806988 0.999833905913539 -0.9500518793287349 0.5966591231322248 -1.7051785603631455
0.0 -12146019.384094238 218439.3154144287 -7573324.285042763 -4480.366454491443 -419.6923886679433 4628.8840344666005 69300960.54419622 877.680692373135 43972930916.73059 0.10411458858686456 0.9735744702340601 -4.4952196207913735 0.557026152585403 -0.5047997732800269
1.0 6534756.012542725 1915886.8177185059 -9212494.83286333 -1003.415338161873 891.209568298349 -1289.2518332085162 67747667.18697768 829.7608888575326 26363380254.1008 0.0646979790800848 0.9985548124483417 -0.018678526458290545 0.007736024792847462 -2.4190207076364842
0.0 18055657.82284546 1763516.646270752 -3257793.5325889587 -2256.559696117405 9530.763706820146 264.5880519266842 40350048.687440805 810.025684827476 22798523123.392975 0.265769620836051 0.9998303467800003 4.118710345753046 -2.997063538715337 -2.6567297917026904
0.0 -533062.5189056396 2978954.8078918457 -21155216.60761261 -3503.5540425312356 7247.423763021999 376.4812845502007 39938758.32739806 827.1448037123074 19034645331.761993 0.22661418580056986 0.9999504108363119 -2.1649640888953128 2.9524952063824754 -2.588808867001763
1.0 -5650063.47428894 176160.7481994629 8512765.409376144 -494.5795985616569 1090.1168971422412 465.8113878783772 70740576.98950881 856.6040797769052 39662098419.20828 0.08154893448166195 0.999626122276992 0.30960864127095844 -0.7156574308477774 -1.9738389629516135
1.0 3812561.32106781 1418871.6163330078 8080671.9545612335 -563.529779522898 1812.4576030587477 251.321262749168 75894267.98947236 869.282495780692 29764934097.525116 0.08279419856644779 0.9994475982476165 0.193580179118364 -0.5698322490604936 -2.0518892055063773
0.0 13857610.796875 7635303.043106079 24376459.493899345 352.59015728336817 1890.6502368049478 -735.8042132526708 71966944.89748442 856.8592687141002 47784546419.7648 0.06291087686967624 0.9998955503468386 0.6313556602070778 -1.3345949078755557 -1.3727692721257618
1.0 5056860.811706543 -904772.3826675415 -8555242.267819405 -553.5708500512552 1152.6179138505613 481.3675156847496 65775882.84407013 867.0616973393837 28757412914.562256 0.07741132879994848 0.9997065233776076 0.14210528208062012 -0.39391060372344744 -2.5740033590604288
0.0 1211315.79397583 -127568.27420043945 755779.5262625217 -2454.8308593999827 8815.787143669866 -93.80210331401786 40607705.5104733 802.5587759750762 21476109900.123627 0.24994489445364892 0.9999527704310623 0.8271255431252749 0.21117375728030163 -2.5461855925667383
0.0 22384138.13191986 28484380.283935547 -10610483.65223658 -282.18933339664363 8783.213838595811 147.01845345834516 37585414.69814479 800.0020648215652 20734775072.61908 0.24230983737653736 0.9998941857023389 0.2760279111877346 0.6892747422222048 -2.7120553878704188
0.0 -10910310.811218262 -8544105.786895752 -20309565.478063107 2669.0576772720924 3977.093245209566 -1014.1618746666973 65146485.33669472 860.1145379448983 50574265230.449615 0.16040748917467323 0.9987795691506209 -0.2462279284681559 5.26418721341804 -2.120551018013603
0.0 6037579.067565918 -383075.6548461914 -4873779.534386158 165.62675413365287 6634.713896392828 329.38090058447665 35185246.30026103 796.7962363917532 18688806828.410706 0.182761235293548 0.9998493661761961 -0.16262508080315174 -5.313934717386231 -2.85099771171269
0.0 -1718942.5918273926 -8834737.908538818 -6277523.581962109 -1435.2615685291785 6990.987875748373 -79.41137454282034 36699335.70197886 799.0305008964614 16772891853.145996 0.18868165453001493 0.9998485753802349 0.4874782840995646 -6.001736353245404 -2.7990055135334537
0.0 -50899.242851257324 -2955680.7570495605 -20596975.902444363 -436.6163081937011 -243.3825632188917 -567.9318700404798 77327332.4903905 872.8082305923201 23039562279.572754 0.0358311732925255 0.9998796566664605 0.7945566828137933 -0.8452992938737575 -1.7853082228822768
0.0 15611136.14264679 -40537786.06628418 30175814.75321865 -1672.067177243487 2313.3266749154886 425.64558610561926 77474684.37687515 881.8335418432249 47113618062.29605 0.12641452655761326 0.9994616668903789 0.32246955197447447 -0.7656729160624165 -1.7290236530142675
0.0 16248514.176208496 4445082.618225098 16205547.172816277 -531.8395981217109 865.635876889999 247.25278124294528 72078343.32639603 847.8756237016615 40871451880.213776 0.07482446906781393 0.999793219586623 0.18554550828984362 -0.3470292985051231 -2.0875280644476675
1.0 -5092286.254272461 -5400965.823188782 7070203.153095722 -329.1134131850549 -460.94889357020656 27.829332217545925 74991767.64371705 849.7961222195173 15070363849.577972 0.020062278667103278 0.999996075089889 -1.37955680705628 1.6744772034789543 -2.4091579729227197
0.0 5099766.710784912 -2158806.256942749 3117665.8345680237 -2745.3618743327806 27.92377163927449 1132.6932647849899 75784156.1309818 859.5666506348407 54535334705.57413 0.1035429653211283 0.9974338768641772 -5.697485273746548 -0.9259116191430383 -2.0539237092579232
0.0 1238036.3431396484 -807543.3460845947 6028783.705181122 1206.5330141797167 1584.4508320541245 -4711.224630312672 59745234.30177251 859.1289079533957 47285513380.08096 0.02005335457464509 0.9831938728620613 -0.8485179525829509 -0.03904922550846024 3.1365353379241356
1.0 7548760.290115356 4559919.41897583 12802510.941307068 -718.1478193642433 421.4436983094911 468.86328850177756 70767806.01940255 865.8094418076022 24932987953.35495 0.06679507836380524 0.9989022073403651 0.24834867801340077 -0.49523379035163745 -2.308895233727058
0.0 5525147.696990967 -2502495.7173690796 6750034.973278046 1914.3993067324668 1506.4047278844882 -2470.952829549742 64382079.15595066 847.9385563444248 48966692574.213806 0.022207827493280125 0.9926845115143758 -0.34935902864325685 5.449624806785362 -2.2967429092851344
0.0 34477137.25921631 -427078.1827316284 24057917.330788612 83.21509905280163 309.61456966841433 -115.66250657188891 71268887.28465837 884.0028251366799 33254495344.995636 0.003913664319294324 0.9998151233721106 0.5110785088825673 -0.6636447806135519 -2.0276878568061893
0.0 1780694.790435791 2946318.5325775146 35915856.40881348 -2654.288751639966 642.9346713807136 1654.2488630152202 75130750.12414311 883.7886048225397 56010639721.53259 0.1026574238414045 0.9972958647704561 -5.7529124645208 -1.0162764640900024 -1.8952860449284863
0.0 20948800.946868896 -1678040.4452056885 37970048.69233513 -598.8772416477368 735.1387268141698 68.33512632235875 72510709.80756539 863.0657436646499 32167435364.102173 0.04736547940800791 0.9997641760613197 0.4247362758224922 -0.6141496874559879 -1.9566691721957394
0.0 -2793433.1149902344 1503455.2905273438 2883505.116125107 -2369.0507506218382 708.7676231897203 1024.9831657103787 74806775.84838529 855.0994407748053 48729715456.39572 0.11201562872818012 0.9997706688529464 0.1422068151306881 -0.4651833466411802 -1.9823452783243598
1.0 2734673.0540008545 -12130502.027404785 9388026.519543648 -1230.201294500228 214.57247395870223 -104.21253124866712 74924286.06130804 823.5413704888581 33004938930.708374 0.08503802877843741 0.9998822763386055 0.39595771483850695 -0.5954749346025108 -1.9142625205898958
0.0 -3646903.537384033 4588573.486328125 2188205.024585724 -2797.8132860789083 -3289.4732702856927 4621.532336873663 73042996.5803417 891.0520891484782 51186536498.049164 0.1332538541058824 0.9750091292346328 -1.0925263866021715 -1.2252806727378216 -1.9715023157053264
0.0 1159855.8173675537 14587025.705841064 1698937.4213571548 -2450.2931142933594 9066.890196241207 -255.81158218148784 41211608.12804684 831.28999370199 23935140025.844666 0.2624099194996081 0.9987335444994287 -1.6593937673976609 2.7809648445759283 -2.556701856880089
0.0 1665758.6443481445 10467433.153778076 8818357.082471758 -8424.205375875888 8085.5769604505695 262.43124555079135 46207613.32776221 804.5755009995347 19160284428.911743 0.3179217764921285 0.9999975400330409 1.4572302301168105 -0.32797810186973875 -2.191753390377617
0.0 -1290005.8552703857 -5685874.598175049 5690244.333102703 -5164.056697732158 10211.001970928894 471.81157737403714 44346862.354992785 825.8154754222163 21037933665.649597 0.3193817383155769 0.9999948352833692 -1.4808651988558503 2.769893748909977 -2.390746103334753
0.0 -9121378.423782349 -2790569.632736206 1989732.4232933521 12945.967963721741 7957.792788805898 979.3824534665091 75076656.61970691 875.9397643709623 1476402217.8050842 0.4916001922157264 0.997711671055326 1.8026553481337368 -1.2260681181030015 1.5308431782798169
0.0 -3661149.0469970703 -9269468.15032959 5766937.313499451 1062.0472913909216 2362.5789169553827 -103.8139070564614 73477655.70638622 849.6284453092649 48549813340.16614 0.0560509335524238 0.9999092095853944 -1.72780309217289 0.8594865887088843 -1.6176505175855398
0.0 -13030432.668426514 -2711825.6828918457 -6190116.064754486 -3565.804082943234 -2038.6485260394256 4250.702504264506 72355371.38694096 882.9526200005728 46686359847.4924 0.1396831703342409 0.9760600572771457 -1.0437061730977513 0.28957657965103223 2.8267911784788864
1.0 -2171132.2492370605 6630449.273513794 -4769950.21073401 1319.863252023537 1123.5602683596953 38.79998079645998 72006079.39041929 861.294107761178 46364590595.854645 0.015885272666022923 0.9999987419704486 -0.7766493895690877 0.1669779008124322 -1.8686744140338156
0.0 -32604282.834747314 -2377155.6747436523 -19723824.744962215 1661.806444624177 1792.223661652737 534.7587431880024 69292982.8573045 851.7192606563381 54915864838.26547 0.0406307327895646 0.9995933884541771 0.02931958471882712 -1.042753604932431 -1.8388952509491479
0.0 -2782334.828262329 2792081.1999816895 -2305882.576013148 -3152.550984504087 9498.678846068105 344.1031080339207 41070211.553863525 812.5746541627909 20649300403.757294 0.2703828141145793 0.9999634667520344 3.5760250210215094 -2.4492973820889268 -2.6229190706979493
0.0 -1811795.084411621 -1941330.2353515625 732553.2336426377 -4590.348581764652 5265.911982944022 471.8962805605159 42807007.79834542 825.8629753019779 18921441335.790375 0.1814147601150044 0.9999131352383299 1.391926422789497 -0.7003897955799474 -2.2766134877033477
0.0 3236408.4676208496 -4628682.01701355 5945282.539989471 -3787.5817564367526 -1612.5436434759977 4434.490263748311 70802306.22174278 916.1899538925975 43581205665.941986 0.14241988162090846 0.9749455593706178 -1.246806898876714 2.218948226088765 0.9167892239601916
1.0 -2652743.862438202 -630631.2727355957 -4849087.049507141 -1133.9261847168636 673.8718545056245 -147.32808003730543 74838340.3782877 872.4162843439985 33132310266.687653 0.08137616953390407 0.9985942606992279 0.7558267751031775 -0.9725549513778133 -1.7914831372519595
0.0 -2710032.635574341 -1072233.731628418 -8126340.438633919 8.96037902745229 6214.546741461662 -5030.2532948370645 62180278.96767306 822.530543142955 42732206294.32123 0.26483155898442695 0.9887424882287327 -0.4595634884483544 -0.5366594371727849 -2.6690613219376518
0.0 5933019.308135986 5964514.553161621 5378674.831840038 -4547.9762256468475 -359.9366625422408 737.8971306241905 33457038.1239832 805.8014844483597 84326980859.68744 0.001061025488961198 0.9996143621494809 -0.35409961347257 3.3498940891958284 1.4715304897457302
0.0 10639616.553764343 -5740930.193969727 2492904.4482240677 -1308.8524127066194 5446.001170797637 -194.85443141492607 36858656.706660725 810.9157063165994 17427388117.078094 0.14260880796938744 0.9997626310710249 0.6033836393521175 0.03430825833735174 -2.674945929139112
0.0 -1547759.5676269531 308180.39670562744 -3896542.8834095 1521.6150971283623 3166.0761089807893 -1273.1546343469709 65863344.04632118 834.1300224599589 42615076323.148224 0.19063643970080693 0.9979212802203681 -0.09606861543855905 5.4738412219691925 -2.328525532829484
0.0 980765.9888305664 -2318951.6091918945 2555944.20479089 1843.1423807306373 1741.712959104967 -189.05736912111308 67972585.8282496 861.2305295026056 39360816252.93515 0.0968113305002255 0.9999985264458939 -2.550033785105075 1.960114745956471 -2.3310376700126967
1.0 7829854.606430054 8736536.884689331 1822386.4150278568 -1615.9080944348134 210.98116428670983 543.1508884911357 76327760.29586896 845.0612432741123 44575164207.77127 0.08200962713645567 0.9998340606440637 0.4280892723887706 -0.7936133136996754 -1.7460231483410302
0.0 -706292.271774292 5038016.2947387695 7463794.260320663 -7130.445491156857 10763.945444389907 -299.735043227434 46314280.87112365 814.7287407591144 18718240521.031464 0.34294273199001746 0.9997800363025466 -0.8821102165948294 2.4124305176983545 -2.4154992997472657
0.0 5990434.233154297 5415081.085845947 -5111375.498347282 -6100.714841892885 8800.709542838042 25.445108962627955 44315778.64532103 820.1307772586578 21598502280.035522 0.2990888963516237 0.9999017755253334 -1.270023118739152 2.4541473398904934 -2.410494534477801
0.0 2339414.250061035 -206894.2559814453 -2112105.842227936 -6453.355073361279 -2826.8897286075335 -4992.499121733065 67615965.39461306 864.7577942029204 33818816961.224518 0.026399673920979333 0.9845744780771111 -1.5127100398934044 4.875210865687099 -1.7952199091176455
1.0 11368326.233428955 2337206.810180664 13899330.994504929 -526.1121235067694 -111.30486213015865 -412.7138440427316 76108278.2114971 876.4026532417279 21263536407.480377 0.028104519164846797 0.9988907922060635 0.9349966177175377 -0.9052222596428798 -1.8849155018469612
0.0 -7223578.923187256 3490933.367980957 -9361267.830521226 -2733.8565965681337 8045.557203619201 -103.92128655278493 39746059.400139496 825.408205739182 18497944239.146454 0.2285686061729717 0.999997629969217 0.2545899473306097 -5.553719147020389 -2.7096931958608703
0.0 -5275363.74817276 3911659.0965881348 -29473815.59469533 -1175.2904978822444 1743.934659674279 -253.70682179723462 76766825.79028364 846.1802731927693 38519180076.83731 0.061686569784421025 0.999877930226649 0.11235953660588316 -0.6319612566310892 -1.3130344256684143
1.0 -2182039.0292663574 6664119.020187378 3617644.1089429855 1215.4355513238024 934.0299935353869 287.8197627616307 70548815.15682188 841.8644140445266 24050182960.2493 0.010937572858907507 0.9999896611894965 -0.17667514273517737 -0.37662058386967406 -2.351897186127443
0.0 5356957.384002686 -4236928.695617676 -6355444.73589921 2779.829390368932 3261.782411775661 711.7880792395292 32421816.444922194 820.8267862876149 32740225121.64444 0.14409180572714092 0.9996787941760112 -0.6381499205576981 1.1133411917293183 -2.296247237403259
1.0 -8782745.186401367 2227334.117767334 17658639.214712143 -428.43800544393116 862.964641221366 -528.3988491145085 67856055.00581996 852.7554596946927 36012116351.427765 0.030127310413949282 0.9991038906664597 -0.2599595398704046 -0.09455350267277618 -2.069382111358458
0.0 1081542.5679702759 -9110553.036834717 31305881.40728569 -642.6038346910791 19.268775796238515 -419.65858817629555 76699769.20275715 895.7019909053147 30341817771.835144 0.0432068607519471 0.9984472472669382 0.8865018105440194 -1.0132920023204501 -1.895041858702944
0.0 -633027.0634765625 -5903189.540924072 2330082.3272852898 -1132.5807831111197 5961.332081561678 425.0081407107971 37046432.9389269 811.0448744170689 21325462061.836 0.17310089388918698 0.9998313476661363 -1.1313476330429213 1.6627794777018468 -2.5702314301083886
1.0 -3336023.842727661 10502544.762512207 -2357318.8577690125 -946.9016804701969 402.0734480563224 505.3883375674073 70630510.04400592 843.5837641072692 21323874281.54959 0.083594407184702 0.9979955915374907 0.29225659766840995 -0.542258666365901 -2.2899274131140746
0.0 -23847550.192947388 16374211.76298523 -31058992.18711853 -2215.7065868007194 1131.1096786194757 -406.87126105590323 77129629.17729178 879.1116575338621 32221164109.956238 0.07456043097467768 0.9999580062980709 0.0310293928449501 -0.341735259020271 -2.3500147405625653
0.0 -985127.0853881836 5872197.7825164795 29952120.672308087 218.017764485523 805.0736492562319 -835.0411294721852 71733569.74481337 867.5803367263235 39155601046.04605 0.03158966774069018 0.9997152473512174 -1.3211798237458643 1.1061463952333788 -1.864966024801025
1.0 -4576249.71055603 -3766812.734741211 1001504.3954977989 30.699295439651905 1693.451547145918 458.3241966628801 74394135.32786986 844.7571674097962 33014605022.259247 0.06479954924828299 0.9999847232997672 -0.21310015887617406 -0.2456469870061045 -2.0587628470032335
0.0 -4128174.4783325195 2204969.0279541016 2459744.0354201794 1307.7119288696185 1887.0309922453016 -94.59204753121548 69363071.92259893 843.4830415217718 57575042413.389404 0.05726414508772169 0.9999236286702698 -0.07408021168871748 -0.9127052267145119 -1.7804331207468507
0.0 -1487624.2331848145 4474778.567451477 5575937.247440934 -6063.148479927993 446.1231935966862 5227.449083673117 67043769.53092952 850.549774520414 35685990213.45993 0.03843658974959076 0.9774280548575638 -4.757615403556159 1.5191087244803252 -1.4239652393499012
0.0 4029498.572113037 3271940.191131592 -3949890.14470309 5661.5989413631905 3748.1936750306886 -190.52432287843715 33531758.808573265 794.7438829885004 35614744521.36771 0.22242052662459433 0.9999951951512267 0.3727626986922115 0.3662794464284309 -2.0687531636292955
0.0 3065536.51512146 4421060.635025024 16899368.980021954 1367.2475096043563 1978.7573312011082 -1139.6966279959213 68967194.77010885 884.5827712605818 53925074326.703125 0.029533608295786107 0.9993356888005384 -0.1841827640650442 -0.7552394635274056 -1.4419582942052958
0.0 -6044405.810241699 -8093778.743835449 1061621.0018172264 -1373.553720539181 2419.5313043694127 110.13585592479876 76626547.11612916 885.1255884166821 44092482359.7088 0.11353365436732012 0.9997529085348712 0.09934078593656759 -0.598318428972396 -1.8400727477558272
0.0 -2802758.571548462 -1119059.6624450684 5869661.707265377 1034.488388175232 2145.0089420849617 925.0576014600231 73070205.87743928 854.9241002080573 50189572951.44736 0.054251291629144424 0.9991162965527371 0.0959565602512169 -0.8399582308932989 -1.7966302929026896
0.0 -40675.99527359009 18316952.35977173 -36091983.77530956 -951.3802311910076 1897.1460442639063 590.2350171820058 75579941.75582945 855.5781567711703 29815271792.295013 0.0721872196805417 0.9998956952011274 0.10095326239794078 -0.6500623477104319 -1.9908108618302818
1.0 2669298.5600891113 -4220456.401885986 10620489.570331097 -1609.7638935864634 -341.7441743803429 -223.00657805156192 76042209.38872345 871.5144938994725 36439372892.08264 0.08710266852650582 0.9999316669609324 0.3407513437582441 -0.5781602471529707 -1.9990521790480902
0.0 -1291854.073059082 30592262.993927002 4995123.788558483 -1343.140271449196 3318.4686498397105 1164.5415574199856 76360169.88316247 866.3336458342895 43142128339.60797 0.09776226852037016 0.9992297165243433 0.2840976534561186 -0.9253171204297729 -1.8262656962931845
0.0 -26751306.226989746 27633300.02939987 -42370169.41242194 1039.352968500666 618.936289317342 -186.14627575784885 70215286.09611927 861.9489889394943 46317925367.30621 0.006635787837432433 0.9999114886016656 -0.4462492617156504 0.02876585016881744 -2.1802797898224346
0.0 -2141304.218017578 -1196445.0058288574 6249367.4494524 -3550.150889597 7061.618072019148 202.38122889358476 40387008.769882 808.0844296607563 14692235167.535461 0.19252461097338516 0.9996898668163667 -1.5097521263448643 -3.894155852995196 -2.5992444464001783
1.0 5925195.826324463 -6530626.660232544 1755228.2640470266 382.01976097275747 890.7951980276703 537.9930136619612 17806725.04118817 777.0984015986041 24756292787.935333 0.040313136097859525 0.9998785816601691 1.4618177075965662 -1.090407080603254 2.266065677612159
0.0 -7143832.401306152 32578248.623291016 24094220.952188015 -2027.7319944343253 1466.8467713898535 509.44424574709706 74399013.46089554 883.3462345532811 43193400091.18094 0.09742463234286948 0.9990659967565049 0.32208836024388177 -0.8101383978906744 -1.8672741246335267
1.0 -1187422.801147461 -1633340.5582809448 7333420.2876701355 61.53372018532082 697.1053939397534 -1233.7947975130373 60198594.19327812 817.8520452497545 17726433095.98712 0.020697828732758244 0.9977854347324789 -0.6623013815962739 -5.898525396984382 2.6663725658206494
0.0 2308711.291595459 -1340926.44921875 -3853264.9282820225 -1151.2194309706465 6580.933835011884 47.82899085413453 37359764.40975444 812.8670141640564 18815398070.933838 0.18526428244780346 0.9999736911126051 -0.018044531222019877 -5.543896980195019 -2.679143687292539
0.0 2643601.900856018 9691378.723693848 6807918.94674325 400.61378669995975 8779.028717508541 323.2288582121922 37479689.84209095 794.0995949383139 18319651357.898438 0.23849701837395243 0.9998277033277134 0.24262792449215165 -5.444881138266881 -2.7587849116070378
0.0 5946606.746643066 -20345816.6791687 47188923.73721218 -1378.8211440969503 -81.38994515607192 -728.5388177619863 58452011.43533261 840.0095538538717 20868438274.220764 0.05149247341193536 0.9998964059502505 -0.9428734082680882 -5.43520601758622 2.04502145770908
0.0 7995717.154251099 -6608156.071228027 -1987750.8453993797 3451.58168941053 3883.8911629209033 828.0221636015328 32818258.04109917 810.5824341655551 30952768436.94339 0.1796308282782475 0.9995585534295125 -0.30441741539646805 0.8386609019287681 -2.2418613617927
1.0 1735016.3680725098 -10019752.643865585 1758893.6278300285 1380.974682345896 671.4332194595227 62.53030943766498 72952753.948995 889.5884199494485 40553456561.43054 0.005769376961235417 0.9999029242445069 -0.5183004584807485 -0.02476061851477268 -1.7715286917563051
0.0 2403734.319000244 7871039.510986328 11701323.316287994 2924.084543102541 2792.2026323054233 -5893.809141289923 63938479.67116629 874.7505468513504 55130875385.8819 0.03609427840693054 0.9669119539158928 -0.7448112647165681 5.221872285713827 -2.112941775851499
0.0 -874535.5274353027 -3600873.731628418 -7476671.479703069 -1239.1344379597394 6769.089276202473 215.6402964621606 38235897.42161376 800.17869499354 24479253679.14914 0.19550588021187976 0.9999834506070946 -0.22088760538637753 -5.303223566167725 -2.5893965737838314
1.0 2088229.1996154785 3190984.1782226562 -2873695.1951675415 1150.5533525750925 1189.420623611717 -57.95523509998452 66941776.752479136 862.2490736897164 46613319995.606476 0.014137756440676413 0.9999448160226759 0.10593184503513853 -0.8336419702228812 -2.0081555658354864
0.0 24671826.224761963 -4963634.226272583 18395944.08680153 -642.9103419006005 57.364107781806524 -628.3482857551282 59408093.565547526 850.8384927100144 13776451037.075531 0.03518566717144478 0.9991198048002919 -0.7697148591860152 -5.589858805096548 2.2965686667726324
0.0 4559361.580612183 545376.0757446289 -5684817.936037302 11830.452975596312 7269.539550446314 493.28199188643976 74534248.75355576 895.4299227021444 2421953279.841797 0.49547503356714473 0.9983174835520552 1.5621252687244012 -1.6835891313694913 1.967194359637881
1.0 -6229528.248401642 -54572.007751464844 2261894.5198936462 -1231.302388711596 278.9352730464998 -1022.5329691085192 77019896.49379472 853.143212684591 34351340633.0661 0.054999248744943 0.9996018485711555 0.9839819974320854 -1.2394684597400594 -1.6488994200535962
0.0 -6716130.662414551 6876236.627593994 8219974.099562883 -4686.105312374395 7326.373562125886 476.31983185287953 43077668.720954984 813.6859205560685 23171346728.09781 0.2521386109857337 0.9999725153538117 1.9063050729412823 -1.0158555212876679 -2.3091543959566585
0.0 4761859.425460815 1662437.4250488281 -5690885.506603241 -1635.21407509227 6444.981163750249 -294.16037425998184 36653320.875435404 801.0118808177543 13058396804.7034 0.16847356788938717 0.9995330661277554 0.6242023828145027 0.014228154722736974 -2.7498547958757453
0.0 4595669.922119141 1172864.4829711914 -3668576.9455890656 -4141.693297958693 3313.594851225087 4852.146990526825 69328075.20361784 891.8874642749513 48621940548.73111 0.05996918282584551 0.9697259934814634 -0.06101522662982317 -3.818982173317221 -0.2436008554051568
0.0 -5596922.401733398 9948793.172454834 -8608073.80411625 -2347.7403322132086 8640.001056202222 110.9579987430252 40016937.26638878 809.2036402386531 23357433611.329285 0.24799184728175627 0.9995253164435927 -1.976035131412248 3.004030537218734 -2.64024813045376
0.0 2094845.2883605957 -1057823.9589233398 2711962.2483360767 10413.231945290025 6609.805440190834 467.39256293272217 74225704.10944344 886.087997000196 3456497604.651184 0.4753865398073336 0.999791944402839 1.2754099901144436 -1.8541273711368809 -3.9855446569367032
0.0 11164649.389450073 44741952.08029175 635360.965082407 -2279.3078696709636 8726.582592624114 360.66008735519927 40343193.2190422 815.6776474452838 23224883364.95816 0.25777159052407117 0.9999379563836381 3.948367954703719 -2.9025449405176227 -2.625366615883353
0.0 -48666198.9564209 -12983.625328063965 -8395516.845543861 -0.4528397380331626 300.767837673091 -1158.1483408185818 70900899.61668184 874.2782492633174 39244850707.40506 0.01423350145220087 0.9988578057005322 -0.18649361412840604 0.08903285178675197 -1.9840526130315568
0.0 -5861815.71598053 -13502975.440002441 5793625.679633617 -405.8589842840265 8353.49405502478 -124.48891348355977 37805769.579229295 799.9388434009275 22516840867.758972 0.23448559684091458 0.9999963391252028 0.29328265293607747 -5.656286841433367 -2.6840920149049543
1.0 1232265.834350586 -2339247.245399475 -12960731.173085213 969.6396310380642 971.5793711461483 -97.751867460603 71503101.84868354 863.7013629370797 47308602668.69275 0.01781913074917353 0.9999565407044482 -0.31248727201103815 -0.2025561856660067 -2.037646167159591
1.0 -7701712.787765503 15548495.396240234 8895940.289286613 -822.026305885036 1298.8378572237434 -909.5115070205037 75774635.67923011 843.4374887898605 33719672258.426514 0.06410823629955184 0.9999936365387185 0.7419836408490894 -0.9750317089419478 -1.5591525334781662
0.0 5164867.896858215 -2174969.4907836914 11442966.77991581 -1572.9227534640158 1431.2059956866233 675.8392528610782 74444185.40676606 869.7008948708409 49181552034.53461 0.09750901230248783 0.9992621083054809 0.3980560292278099 -0.642330510044123 -1.9742839165647155
0.0 -440134.45892333984 2469833.2432556152 4284750.141709328 13598.957705928176 -4197.184100666673 -1658.9841629644743 69461017.03066938 884.7424172107188 1982459784.5786743 0.44119108104417515 0.9985383129510279 -1.551390619973883 -2.31089467959671 5.590873752778471
0.0 2779955.8012695312 7156340.766220093 1565526.2995365858 4640.1853048827825 3563.2814686399433 681.3487610274447 33128674.99915545 822.4105095040691 33993241443.845245 0.20559642799572747 0.9997045722123574 -0.08416267106791758 0.7793300790229041 -2.1281173517735184
0.0 2749560.1185531616 -1920746.332183838 8529550.160267353 -264.39643955925567 6663.889444204986 196.43144998811204 34913232.23045705 805.9576547431407 21083121277.382935 0.1841755527997333 0.9998806070544893 -0.06783252928589434 -5.509784161044188 -2.8637454179335564
0.0 1127060.285331726 8069653.199890137 -9553488.382344246 -661.40683380888 6940.7241166316435 -323.5500463975531 37922558.65437949 821.2192967001756 25036201686.13745 0.19999951434063423 0.9996477370276996 0.8762711515353869 6.1612736082377 -2.5402479878547357
0.0 25452926.87031555 3005866.065551758 4275964.35594511 -1844.0172709041253 9798.886129998076 128.84569027682087 41092361.747545645 817.3962798975184 22731378264.165863 0.2676357524346773 0.9995548765777159 4.535277215934938 2.903588025823979 -2.511324237425346
0.0 135135.8577041626 -2025364.4135131836 6263914.623749495 -674.2823506485729 7525.291714861083 316.6061824009385 36054589.983368866 809.4247609970533 18542224950.662933 0.19074328436520446 0.9998011340446257 -0.06153789187178549 -5.39033071015668 -2.833222360586231
0.0 -4227926.9125061035 7120661.543701172 1561843.7189674377 -2207.5132616712726 -245.69897485968613 789.3942994630463 75405312.91800597 907.7355324942465 50236388081.21707 0.12642371361338983 0.9998829730834692 0.07967968921592217 -0.33912316140603954 -2.1035894705144407
0.0 -10845335.934692383 5785245.287582397 -22593566.751808167 -6681.767045508197 831.9082121369829 -1065.3021663747236 47491755.573601305 841.9702210319906 22066230541.335175 0.17744230608919054 0.9981834152666093 -0.9512958733137563 1.6448298772845071 -2.0761811685033287
0.0 2214929.153930664 -7680492.947753906 -22729910.21409464 528.3794067595663 1490.5766851531334 -1405.5115344013298 69624801.08624086 871.7286693649625 55992158925.86148 0.05434691545916593 0.9990412723109154 0.06954561159005346 -0.9992217170135159 -1.324983374001278
0.0 40499387.02484131 13919161.956939697 -12158058.531662703 369.369529727649 294.58228374814644 -223.65917438282327 75396421.68484688 851.9859610097893 27242741082.917175 0.0025749216486697646 0.9999886466784854 -1.1319679721274252 1.0328459748621293 -1.9548085741100376
0.0 795106.8677825928 -8487946.822311401 44866312.513542175 1839.7735068142829 1974.6392482104202 -4560.695811744912 62388621.48279652 888.5868296268908 49227891221.76071 0.006620703194985367 0.9783724158198281 -0.4316971907344551 -0.5199179289361244 -2.6726870876685513
0.0 -617604.2109985352 -4448252.86706543 5823376.018258095 297.25460271273914 1874.8514642838345 703.5984592999432 73942782.78254335 869.7530584630045 44527331922.66571 0.08063660978921444 0.9994066990917291 0.2371355926725407 -0.8731192731680859 -1.7907569756142356
1.0 -4328650.657287598 -3461175.619064331 -11128379.426875114 1034.6872109932874 1343.6729850944066 209.95648350717522 69536566.96506651 887.5009220765761 45871866645.31421 0.052873265877225906 0.9997957187630303 0.07177917753926 -0.6611540403422018 -2.183884130274339
1.0 -2703014.6235046387 3573360.8918304443 13287557.192398071 -648.4432423618965 -383.1100362842262 -754.6646059412705 62223917.33629595 879.1459007784351 23205198312.675262 0.05300334960794975 0.9944663342160895 -0.37980071475283883 0.4750300159149301 2.5588234479091168
0.0 -8824350.246063232 13108749.244117737 20345848.767066956 800.8881071110627 1429.570608151149 -403.5322443504426 67104060.63103172 856.5736187270174 52063891284.979645 0.0214504427843107 0.9999931423255073 0.09270093079993347 -0.9827634424225047 -1.7936617376074624
1.0 -1369627.4508972168 1892692.9093933105 -6424535.857849121 -1080.041208564904 -254.6088601405154 401.1341950673807 73453723.3251538 878.7780500374084 24212349609.820557 0.06335269484302719 0.9999459023081176 -0.11704331191464146 -0.10585778278255459 -2.4053762355535686
0.0 -1599902.6270141602 -4564164.138824463 32792504.595920563 -293.49991726086637 256.95146505362936 498.09180040778756 65945385.42831594 823.9825488745151 23776078761.134766 0.01904227297445013 0.9991761663928093 0.01445478601924699 -0.08032243289750803 -2.809990979505435
0.0 4030726.5704193115 4344901.221984863 11213481.244242668 -704.3166098024049 6518.248766929429 187.75500935794474 34879531.46265999 797.304421624697 12545424888.379456 0.17212911252736415 0.999783475270425 0.1331537220787964 -5.811470377052952 -2.7993820811499046
0.0 3085353.268936157 -13906467.252197266 -1495347.2349123955 6575.688624975162 -1237.6773127942652 478.9159408683094 68410538.25127946 859.4458923023633 65027720221.47461 0.2087275155976056 0.9999968875082047 2.344650955117564 -2.406173552494569 0.5020243871097647
0.0 4624917.6329956055 -2531469.01272583 -647243.7167959213 -4743.866610000132 8332.034713049346 -498.6918321339072 43466147.83800615 822.282109892676 21839002271.4769 0.2670483321957502 0.9987794505160347 -1.3733008622095955 2.4812687096462565 -2.4177612328105624
1.0 3818953.7143554688 -2314198.060256958 1956770.6451604366 1442.3790927167029 1067.5491536318623 -358.80472617284386 69940928.0098388 815.4459098217867 37100071970.54373 0.011232635715951345 0.9998701603611925 -0.3898841753287364 -0.23155852283963554 -2.000885822570626
0.0 -9125944.812530518 616820.3198547363 -15097335.388742447 -8404.875768039541 5444.900075477113 -59.96190842091869 46757644.418295816 841.341253696092 17238900125.990112 0.2665354506568704 0.999985526044488 -0.019228881677074927 1.1496191152094333 -2.2831706693492975
0.0 -4960957.918060303 3873390.7032318115 1387882.7471880913 -2290.063106252179 115.24334616793203 1091.3137764946491 74629913.82300287 868.4459373406338 49269479921.087006 0.11571260248565787 0.9979803218519735 0.40112190547340854 -0.8151707016868041 -2.0430055506237386
0.0 27847377.963867188 -3186192.9506607056 46206283.96424246 102.22680338074497 240.27243615042244 29.672769451400995 73145577.84046264 877.8618205996154 25158488110.241486 0.005791076228032793 0.9998551206701738 -1.4791639940159842 1.4804820496199103 -1.9346433125188587
1.0 -10303394.728759766 -5389248.444381714 -6144505.938111305 -551.5803551908102 523.8501972703343 -568.2975320759602 73918727.81372015 875.0547966023768 20630147560.9758 0.059740561580912566 0.9999983572647986 0.5261918702315285 -0.6362017510632332 -1.8382852551010513
0.0 10537492.127441406 21893908.763824463 -15092911.35349083 -1726.8751864694823 540.6009110051036 1373.6987316470877 74006195.04319082 872.5542933797244 41679259292.84122 0.11278218182477623 0.9975468394511038 0.41344641126178194 -0.7376391690871786 -2.0985341551410244
0.0 -1585727.1471328735 508216.3504638672 20845894.633527756 31.79410077294233 6530.979689976924 74.18619716545706 34263227.4266797 787.4911422025963 15566748418.73642 0.16927717470515152 0.9991342653532529 0.45015204923405605 -5.957039493702867 -2.9530431916003343
1.0 181870.4035797119 -1403972.4096984863 -5167635.453434944 -888.5320660802863 -617.9818913444888 249.92317202615675 76920431.03799063 848.937080337176 34110191339.213226 0.07844836764882777 0.9998306200906352 -5.622057824801236 -0.7702735045081622 -2.025703059310367
0.0 283245.1453399658 -19958301.984527588 -5861132.002735853 2771.247222616359 5286.52172148096 933.9529787098959 65856163.0120912 830.0801854696774 47751305844.32593 0.1900782834204502 0.9996880492688246 0.14396289706318188 4.71263222778934 -1.8740614305895793
0.0 9235339.572113037 3692224.193145752 6850589.89322567 -4566.363473240181 8914.002654929413 -743.5287930113981 42796656.30922143 812.1159684995247 20352520412.865356 0.26792941076943644 0.9980148929727877 -1.451513646210135 2.5707735372078715 -2.476995010545123
0.0 21120206.605407715 10162867.684059143 522984.5469675064 180.62160825996307 1067.0633090155789 -348.4979991388409 71281188.98787317 849.452487802461 41173066414.44852 0.005632768811841812 0.9995164583399758 -0.2239863761799316 -0.2890596370125083 -1.5756199426235753
0.0 -13628123.596221924 2319774.798034668 12176360.684288025 10981.167092196793 7749.483244252113 281.86227069565047 75232844.72848916 906.4438797052505 2472217166.8303223 0.5036867554600084 0.9996630546831137 1.501062972853722 -1.5050879419466852 -4.340626855601367
0.0 487438.2144317627 361260.0014343262 -1244795.4121017456 -2513.230149943829 2014.0985421846053 1119.0277090864074 74468361.79666962 864.4608818162014 53950741668.207275 0.10875880356691307 0.9959856315410097 0.5959233433160329 -1.2037396276073076 -1.704502634379151
0.0 8631519.614837646 7166170.23550415 -18192920.184000015 1591.7055851685363 2592.1853736528756 855.9209192646911 73187585.48119049 866.4815476545356 50619984531.36673 0.05422081363582769 0.9994792909126649 0.1155497281265423 -1.09009588251531 -1.5467896123212903
0.0 -3770076.1315307617 1436893.495147705 1376115.7249794006 -2726.818966263738 10315.406847306738 407.43517048681883 41067713.002985306 809.9550214335222 17468676938.907654 0.28336529787112713 0.9999196119357471 3.941466835998116 -2.769240785942895 -2.592039322111399
1.0 1398695.2248458862 1495777.472869873 5508016.809396744 -797.2313496565948 92.39683398827219 -484.10266158592594 76668552.05880699 851.1550624103832 32404630049.91684 0.039990512657948035 0.9975642994529762 0.9353772904107376 -1.1642147025701655 -1.7741147322019355
0.0 -19034813.297683716 24006639.53945923 -5783651.258491695 -323.616637348583 1642.8266318494207 279.44057068000814 76501811.51338813 870.6839232060133 36602755315.355804 0.06273875322032132 0.9999848225454214 -0.5956060799863548 0.19080245736812465 -1.678363561242
0.0 -3944895.3815612793 1458855.8467941284 -13740690.063901901 1444.473097029534 1450.987738033713 -904.950439966589 66161140.83940934 831.8307141388766 41403973956.91177 0.035850393093234484 0.9992474687216806 -0.11406565153303205 5.57875482756128 -2.5066944662512345
1.0 -6008006.109863281 -709079.1076431274 8756765.377328873 -6.518993151536051 373.7587210454767 25.781404365487674 70230940.0086086 855.2578227952656 37773661931.77881 0.02076328607104408 0.9998120608602294 0.41586491781746204 -0.5948555509864448 -2.1160566222649133
1.0 1168167.3324279785 8064413.773193359 9993900.44287777 -14.953840357087756 1762.8441531402932 638.3078221182801 73906489.54591757 885.0643867526109 41902666389.115906 0.09477127290340766 0.9997744995775031 0.11024723112181478 -0.5825439455109379 -1.966199204865034
0.0 20191532.575927734 -1855720.6793060303 -25419286.39923191 -9101.224520802609 6166.306668745168 -1027.062592459134 47282097.294270895 828.6926927735533 15127089267.676453 0.2925382360387531 0.998387543208509 -0.8291222414785582 2.1042270150855624 -2.2917137256200633
0.0 -5737137.04410553 2311022.7636413574 -7178788.276468277 -86.46889939777975 2806.588679224962 694.6095840206979 76021094.10087383 851.6468086461606 53875254630.47653 0.08775649325482532 0.9986190255994973 0.5084775706717282 -1.1219276781378804 -1.6067723128864853
0.0 1724115.4250984192 -2824657.9720458984 -16322131.859524727 -1169.8768798392448 2700.4073073376626 760.594086077828 76936965.460711 882.8951998716433 40270447816.27182 0.0999606890976725 0.9996341886085858 0.059369711454186236 -0.6463059138300217 -1.7702237638216602
1.0 2125033.9761810303 -1984532.218536377 4249571.104257584 -825.41084010942 626.116744770934 524.618143414317 75968462.36430456 836.5094042352201 22339348017.503876 0.07328966899911535 0.9969452227223121 0.48787820233243817 -0.5787238237295276 -2.2100540184259794
0.0 -854601.9154205322 1599783.4118804932 -3396697.2010502815 -14245.621759172962 -5055.231721201428 772.7986285759531 44622185.852625854 813.4716204972879 17426545195.232162 0.2830267663863944 0.9982989814741566 -1.6967746212308448 5.515417916946687 -5.962613153530187
1.0 17073198.24107361 451108.4122161865 -2287815.3867406845 153.3063786697312 1190.1153169526733 -99.1124389772225 72758640.20492072 869.7804541265301 32525155494.955475 0.042077702248424415 0.9994428205758442 0.4937925833204537 -0.8567691951518656 -1.763895743804524
1.0 -1467936.8253173828 -249751.6463317871 -4055598.1570180655 -176.15684549730213 501.8428131467881 293.5684426026903 76953035.6651982 844.0564658048352 29962764826.80905 0.039588452102307436 0.9999460386490163 -0.3688302734317036 0.21297547902652375 -1.811350806962208
0.0 -19500701.088165283 -6731247.986968994 4169779.568411708 -980.9774202797744 1998.8649743379665 1061.9996816369048 76914426.74570914 886.8118992092893 43333959877.1409 0.11576665053301978 0.9997949729236122 -0.0861722560823166 -0.4299300905516881 -1.635472161709826
0.0 -2583422.45501709 6264085.360046387 6847896.700302124 -15258.796216053863 -4088.475985232126 -358.4174054631976 46861093.15656428 825.6833074338318 11493370477.301483 0.34263504674587253 0.9995972723617692 0.9578123766863524 2.912042948073823 -5.67736115052449
0.0 6505593.587936401 -5375872.082183838 -9307411.848962665 3582.091357488669 3640.493358739717 753.6537371622736 31769166.11952331 800.3910487224783 27740440592.83197 0.16866849227854896 0.9995736811997569 -0.19174979277534954 0.6577064473341889 -2.2956349121647417
1.0 6455640.297790527 4120371.3915863037 6870297.795152664 -30.37977330229114 1541.724745434345 505.25160702377906 74426396.39619985 874.611552047744 42575792219.86563 0.07469060052621254 0.9992115652361899 0.3026334192660114 -0.74877726229352 -1.9208550770730795
0.0 11797066.629425049 -4309423.629724503 -12428072.53358078 958.4237250948509 1177.3203609115117 -1496.3021003730273 68620893.71416903 860.0181613565219 45686418480.51312 0.025407520753327112 0.9984904279424607 -0.34948149296808834 -0.2493537139014267 -1.6973474676966507
1.0 3866976.1303863525 9521431.727371216 -9594592.076244354 70.22267886635018 1875.2592407544726 559.4964689867109 74506750.40243946 852.0225740997016 30072562369.35025 0.05104464228479144 0.9999856380755043 -0.058902376824370384 -0.31098031402336257 -2.181881518207881
0.0 14623596.644866943 -14196072.520088196 470570.35003852844 816.8322212662642 1610.0399426436015 437.4645697734761 69758359.33226712 851.8400824873718 42003335432.63907 0.029792548139761593 0.9998147675889948 0.3271435082330305 -0.8250775446109502 -1.8552251408319234
0.0 4744673.472167969 -31244.957977294922 -591073.5111899376 -4282.5304405691095 6806.675685903872 507.92507554825954 41071448.07715556 803.8999314641421 15936863137.453186 0.23145527267583815 0.9999397333071742 3.1100000369228105 -2.370941401927363 -2.458158599766163
0.0 33723028.0526886 39650886.49205017 -32943056.943896294 -1207.8529387868875 -598.7969426842683 -316.2401769092139 76479741.1619391 867.8986245321838 40996416244.4805 0.09143612135761686 0.9997190846608592 -5.627181966143824 -0.7717483922055715 -2.11502422404634
0.0 18349529.789871216 -29719175.877990723 -11224044.13727665 1673.7183177218394 6636.712029951466 -6126.803245904244 60126807.02387932 829.2588192126661 38852540058.16443 0.24098428464406388 0.9853187701302895 -0.6436139889903487 5.23886074709198 -2.120652193631043
0.0 -5131403.715515137 -1685411.8643493652 -3924770.1194133162 -3538.577789585517 6610.503683555935 552.1118927159681 40489168.24648143 826.3760838862155 20247999018.57611 0.22317276972398437 0.9999676362025303 2.8142156242740617 -2.0553766722612274 -2.518742343627799
0.0 -115721.3769607544 4666024.277404785 8119734.143063068 -2021.5575882053236 10314.804433128404 -9.656004870259835 41664690.01786011 807.8865234969776 17593894487.271393 0.26029340585309096 0.9994913157430554 4.619025467612446 2.9699733400364488 -2.581773493820332
0.0 -30396349.160461426 2022241.4312896729 -5609962.028457642 -3775.5377623490085 1537.5663617165883 5092.037655390869 67221881.12152779 885.7930661324547 37951998276.51172 0.11266464027569989 0.9649723267765037 -4.763934476596925 -0.4066328242995496 0.5061662019205246
0.0 -4575980.99420166 -1165045.2783813477 7083348.200864315 466.3637843381621 7136.937504375527 104.8673403699571 34234220.16541351 794.1943541445903 16849095139.187378 0.1905513859287031 0.9995028116156127 0.37646483551777643 -5.838456006930282 -2.926784320109468
0.0 2164127.6658325195 -642062.0279541016 18517410.335131645 2421.193260387574 2014.676921171922 -212.8358158914882 71185227.00504357 853.4973057449325 56096189224.6579 0.009534244251728496 0.9996820282561261 -0.14191470658733252 -1.0789802091096212 -1.3110570635414605
1.0 -4194416.25668335 4592058.88369751 -10388112.141590118 -1120.958421628944 69.30973511765342 -727.811877294975 76198711.10842966 871.3965574956129 31363286773.707855 0.06692935450508042 0.9987103395434284 0.9432154419358518 -1.1155722745793968 -1.7659062025384344
1.0 12420781.399215698 994433.581451416 -7254900.387353897 -862.0102837638951 999.3749289563821 207.0733820047701 71317029.1955144 844.5957285825541 23352464024.40085 0.06742146436520136 0.999734577823373 0.15647804348708072 -0.5120241125573323 -2.2556339491910458
0.0 19463796.04711914 -1808932.3153381348 10650774.040953994 1222.1024720274645 1564.89981347293 -23.63761738758467 69346383.71480009 859.3912977517995 45913238620.706696 0.06272739159960596 0.9999731078623072 -0.012929085853143452 -0.7938650282930978 -1.9631532019146958
0.0 9042669.453216553 12424190.386192322 -28198087.91135025 86.08900595879913 784.0211666930118 44.027053429627415 66007745.44773549 850.0800953219197 33232773987.217743 0.015106452290973349 0.9994199497315223 0.23368880800357095 -0.4649020216800676 -2.537514144070999
1.0 2856132.844909668 -1698584.395210266 3737646.34171772 -64.28064838782302 619.6498812432692 47.62986234847699 70692491.62195025 868.5831093192057 35932954082.97247 0.02202749569543934 0.9998372328564594 0.2704680693663757 -0.3387056779972087 -2.2347583840418332
0.0 2054601.8855438232 7677761.251953125 15702784.747441292 -323.5555801922892 3236.8659147857825 1207.7639678494252 74853309.78988409 859.8913189746343 42460373586.62964 0.08741505165557123 0.9986529699625174 0.24296053389682237 -1.0478731929684197 -1.6994083893799274
0.0 3717108.1767730713 -29033450.266082764 -17288362.711745262 -185.87944607345707 2156.590882676677 375.0578973772069 70565845.48699923 864.8397051698115 39850405592.7005 0.07478313745959572 0.9997684166257966 0.12297229133135223 -0.7762770052244888 -1.8782658877168865
0.0 -261308.81982421875 3634305.943511963 25903390.831492603 -3236.8865093723107 5468.900103243476 110.12821088303372 39653078.939190365 798.0397425164625 13149225250.260162 0.15918937332766897 0.999997272157455 -0.9447589615665328 -4.697053465273198 -2.538161989368004
1.0 1413477.7579345703 7920275.382568359 -5654231.60477972 -964.4246851126336 1168.6609047660127 783.9855648123454 73223649.4946529 857.8562493257302 34151072697.034546 0.08136769388275353 0.9990564955881652 0.24837466262592023 -0.5295299152605235 -2.0556278071644534
1.0 -4817256.379333496 3670250.628173828 -9605910.681509018 -654.4549710942974 1446.6187882879094 -574.0734587073705 69336243.39207073 855.999219388719 26908192198.680023 0.05528124543533766 0.9998771551279884 -2.5002377970899294 2.4015800905057354 -2.5292741053673913
0.0 1132990.4353027344 -16031073.563972473 11955432.540034294 749.6138928921805 376.85395508306465 -49.87016615697644 73706810.9987401 869.0031451275134 27559700290.32086 0.0008710855695072683 0.999965674084669 -0.43614348800342323 0.29275675909622456 -2.1743947026953685
0.0 -2036361.5030517578 8770195.632843018 4439780.407587051 2001.6197520796068 2120.7992000581507 -5199.9920936863255 64097155.93319059 842.7533191789682 61568561321.218414 0.10333771851905307 0.9811496466955001 -0.35006046098891686 5.248854014224049 -2.090078559337882
0.0 5276116.256469727 3902331.9153137207 -8564971.00718093 -4770.083735492553 7370.120040990894 523.8869782728657 42672079.93972355 806.8296166982544 17961033658.53775 0.2392417056175322 0.9999653632437956 1.9522041081709531 -1.0234753760066866 -2.3857895728747818
0.0 9886232.481262207 7619087.549713135 13146548.146208048 -7243.638114303743 7491.831994593851 302.0609983055933 44764097.53787259 825.2978540997412 23311074716.42038 0.29620727064831553 0.9999357909765955 -0.049180122536982784 1.1565650880113565 -2.4190025091611567
1.0 6261575.954376221 4020.3644943237305 -5563749.174538612 433.53371589269955 1085.4385419995124 366.95499986134973 71417335.12536322 855.3166346190918 36156355053.3038 0.007700967780325654 0.9998342661527675 0.007037260652954291 -0.5810100732635923 -2.143377325407141
0.0 -17408464.511901855 24990831.89614868 -26937836.85287857 -2783.2207701659354 5544.313593996173 19.65744380826942 39392391.930997886 804.1295770654978 19901827399.163147 0.18233956259794076 0.9993028436411154 -2.1486460754211665 2.753922636928775 -2.5382232338227633
0.0 -2273732.6676254272 4560872.452667236 -39275935.689502716 -1141.4216025923051 2077.5714371775166 517.5389656779673 71929526.71367283 860.5643929835492 40540570110.18231 0.07099263312485134 0.998150772936271 0.22108843973295667 -0.8098342191540226 -2.0477741359085067
0.0 6891686.176589966 -2208393.8348693848 -3716817.7621777058 -2483.616117517471 5442.934473499936 -84.424424953517 38707189.73018108 811.380667999738 19736946720.709503 0.1564290466600722 0.9999602090091176 0.5249553325166412 0.07188901545918691 -2.5731602812868175
1.0 -1786434.6692504883 7511898.748809814 6566524.861306906 335.2695027860209 1097.7045397015136 496.4326816701074 18073421.73582662 777.6247042813554 27821932987.615448 0.0451211868641232 0.9999416424272648 1.1701421012451731 -0.706489910284937 2.2060237693630182
0.0 -6313258.083953857 3390189.0559692383 -20423251.64250374 825.9534226642336 1197.5081664008248 421.5035530394142 72790024.05576235 837.5174466353387 23846439451.382996 0.0055445659985777496 0.9990672345991137 0.10395565371391657 -0.5990168976055618 -2.1944398058150685
0.0 -7208920.063537598 17998734.8069458 59850825.683000565 -342.005019823162 3263.911904479266 198.2934648170206 75674327.53541124 891.1198280147845 49798450300.27728 0.11977997928308463 0.9994876628857312 0.3089306283585962 -0.939441328930271 -1.6542905349495387
0.0 6294539.196792603 15935530.134979248 -11426736.476205826 -1911.2367741088456 890.3552732955741 284.91666020792496 75415720.04174489 869.5145277342841 46447722164.194855 0.09545839702155168 0.9979490167610855 0.7077178503106678 -1.058668329977527 -1.8129345404823614
0.0 -7554075.579528809 -918974.3647766113 -9890327.283369064 -4201.9684990623355 831.6046889555037 4898.474130518777 67904000.95423548 909.3210659242428 39892358055.793 0.11727258818034728 0.9676240246342562 -4.708127091991775 -0.29761141154265447 0.3748882966835215
0.0 -2759474.925338745 -3761753.1130371094 1562302.1297192574 -1312.1801681056713 4304.745159510114 -61.222356558494496 37767375.451897904 804.4341967344452 19113842000.946686 0.12298363149446409 0.9998265616086047 0.5747181582778396 6.137068757906038 -2.4557636820608155
0.0 -6559888.349822998 13701880.376098633 1367740.4849284887 10318.567020805025 6515.430411215288 936.7838818437245 74427675.89582632 877.4477262760861 4490486407.076508 0.4799719866162242 0.9986345910721818 1.438488916317364 -1.6809869781728881 -4.185499724404606
0.0 -1059182.7406311035 2821959.240447998 -6348125.372919083 -1803.48378304984 6406.005747814777 68.86975683364409 38627605.848856024 813.1774634489069 24510305145.917572 0.18401223252878723 0.9998456294637037 0.5479463366749258 -6.135328574247318 -2.5643823716355065
0.0 -8670549.310897827 1956320.262084961 -8296083.497175217 -402.39030142179763 -2771.3559591527255 5225.639891439797 70667653.4856755 904.6651200888841 60163815842.155334 0.12623564073153928 0.9655496279511864 -1.8473678577074368 1.87713201522385 1.182731697339413
1.0 17045403.638198853 -4137497.9187927246 6408613.036073685 -173.69943384667567 1419.3387565276062 505.57083838976513 71665347.25209276 851.0127355402634 15769115419.35202 0.040469958473869805 0.9992351700502586 0.08529737939767079 -0.45052962948856673 -2.226906052904057
1.0 758722.029373169 4484784.308242798 7650279.956705093 -1561.8354798003202 -311.8469850382826 -440.5459781198818 76352302.38260211 864.9205861332796 42338990168.8692 0.0773099444952161 0.9997375507536657 0.5368969931109522 -0.8169605300435905 -1.9330411085316785
0.0 -3418834.8954162598 -10030034.468856812 1811406.769129753 -7517.039419492744 -88.75174717795744 4735.223503976122 67956550.7401689 848.5790556735096 28745957998.215027 0.00026205586905089784 0.9826192117975686 -4.6142652327499105 1.8335591575191588 -1.7257693562022092
1.0 -1690847.5852050781 -5813581.231536865 1643491.4444198608 -506.1741942685908 75.235218695183 -1422.9688875945074 59229760.30860737 834.4633601930158 18859625492.5636 0.025462370382713567 0.9979289383488368 -0.9415345333101611 -5.492708318836444 2.2242701818070127
1.0 604121.333190918 10317981.708763123 -2758163.364224434 1020.3099510002303 1088.9530137168622 363.99369158019226 72455835.33735223 840.5987360430458 23722181885.57724 0.009981140364149321 0.999783179450821 0.019471845732365045 -0.34264861969378335 -2.322315941726667
