Label M_f Ep_x Ep_y Ep_z Ev_x Ev_y Ev_z t_t m_0 |Delta_a| |Delta_e| cos(Delta_i) Delta_Omega Delta_omega Delta_theta
0.0 97.12198442870488 22461753.85432434 2297187.2221221924 72498141.04070044 4619.514326790187 3253.3664299865522 3605.0340902736675 60749380.381157346 844.1219844287049 53262841440.21979 0.26399256199362664 0.9961440139348811 -0.08948026538567991 0.3303413372532459 -3.62234741176031
0.0 45.55180080850437 2016213.7341003418 -28258994.320220947 1183308.5212523937 1135.6693968110012 6641.403812467637 2904.2120549089987 32164044.876432423 792.5518008085044 62617789701.492096 0.2051709650950067 0.9977752188386274 -2.9951714767797775 -0.8730839140901443 3.7609903507101814
0.0 130.29742395283233 -5418722.354309082 11381799.439208984 -20708803.272781372 1132.4819693601676 1265.3095043163667 1777.7928557775624 72908267.88153332 877.2974239528323 73188411484.11273 0.07605005986631194 0.9999106670278805 -1.8365992261629163 1.4790666976217963 -1.4825934376162653
0.0 63.363255275626784 -28675615.059265137 3732374.9159469604 -8710467.34394741 7275.958031859562 765.9713827247542 -1614.0330783571478 49235266.28397431 810.3632552756268 4047366312.528778 0.27472785078102946 0.999979090416196 -1.6189129214448106 -4.746470395039795 2.423249287449334
0.0 61.83266750823361 -11489626.947509766 -8275794.415481567 15860985.62333703 7222.736418915934 -7760.319369832436 33.0990705741919 43263618.55665988 808.8326675082336 19572308931.350372 0.27055968710879785 0.9999718821693772 0.6586688074246341 2.235160679411502 -0.02113810124633897
0.0 77.6685637385176 -22373668.617523193 -277859.88565063477 20369499.512989044 3391.358579934171 5220.316592597941 10522.728707908498 55744856.907554954 824.6685637385176 48365734859.516266 0.24624057861002982 0.9876796807121656 2.1981240229297803 1.5767908926416798 -1.625297772021013
0.0 170.33272777920422 14394922.668304443 -25422643.984588623 -14027404.001983643 1515.4698236906697 2767.2806347992373 -746.6922468732032 83950131.18608887 917.3327277792042 78021884190.3016 0.09895145334774715 0.9973222190708031 0.9420855224622235 -3.764935055178367 -2.4641606454417175
0.0 29.212700836788713 -15988371721.505554 -3317843806.94252 -4413819697.835288 8734.462907951816 -2194.024769463307 -246.27476456781247 22097084.997409657 776.2127008367887 22712245226.32724 0.24099694156428852 0.9992842341477728 4.02034544454208 -3.8228703050894746 3.71132574046117
0.0 54.7100657986914 3226508.855773926 4640558.183654785 -46272987.53089428 -1829.4386957299612 737.464464856299 -48.593960088377855 41850281.988315694 801.7100657986914 40824272241.86734 0.09101088388682098 0.9995255531319097 -1.709776662137858 2.5690110715009564 -2.217640430300272
0.0 105.25783711999486 -691315.8758392334 -448243.5314941406 -642376.1674547195 5080.339300992349 6057.380409516314 -3556.910804883544 75639216.88090977 852.2578371199949 74041091537.00552 0.22933787375922893 0.9978095995387662 -3.7286100010708596 2.4051197051511872 0.7208265812232821
0.0 126.0113363634963 1183706500.9299927 586291747.4689636 -1871408518.6466713 3072.222708292742 3048.792189878426 6269.073015700658 69769526.91407964 873.0113363634963 88535090716.59756 0.010435957442159818 0.9859263680055743 -1.867449704283644 -1.9648656202687458 -4.29933499006796
0.0 43.2207373784388 15481435379.34935 22235575726.858276 -655141750.6772637 1262.0490112431107 -104.70197393799754 778.9440998249434 29461855.48256526 790.2207373784388 64323713528.35446 0.050359916374852355 0.9994969485615544 -0.43330756848585616 -4.425880576283937 2.701570539467806
0.0 204.7501921014657 -38745007.6244812 61265813.299194336 -377730.1834640503 11230.58186726663 2329.8491374377445 -1075.9878004163484 110642495.91196771 951.7501921014657 46460390901.62782 0.22286259048828794 0.9976842192806306 2.689575586496572 -5.707361607317351 -0.1604876521755476
0.0 116.19219508226945 -63676858.15420532 24466091.215545654 -19139778.157248497 3003.7018059631846 -9314.893616828209 -208.17638347914226 55941029.48885739 863.1921950822694 27645016429.15677 0.2806699904938476 0.999467785590995 -0.8433214827364073 -0.22172350758779094 -0.009435085860063364
0.0 213.0977610556439 -5656566.7784729 1586428.0759887695 47115927.04934645 3296.1862200592404 -1506.86207749582 -83.06251126029292 107688024.41527729 960.0977610556439 112245406809.21503 0.19429320721634843 0.993912619364694 4.074687014307498 4.565450501125599 -1.2421121066353522
0.0 61.269367262419905 2653646496.337738 4579147303.242783 -256703896.09424248 1349.2810176063813 3258.9516392220066 870.7192485402682 40504856.27558221 808.2693672624199 55710761890.58328 0.06812925244251038 0.9995072936135714 3.608670045826866 -1.360429477683551 3.3109860360715904
0.0 135.96321820078526 925370.5033569336 1187319.4624900818 54370963.02643299 644.259832009765 2145.010388763021 568.1012756228643 77263516.61139342 882.9632182007853 71375628825.1907 0.13348962822272384 0.9968652818887821 -1.0947649730863107 -1.7038859125255836 -4.549274621960315
0.0 165.69703480619285 176321521.04536438 65471293.296936035 -75013140.4188869 -575.6177622888063 943.6423960420252 3537.2737327088817 91106716.85192776 912.6970348061928 36519248870.07852 0.029464156075426268 0.9886589336886055 -4.228505434008125 -2.700937943140344 2.5823458175847533
0.0 155.30146056960336 23904530.979766846 -25969909.388946533 -71617541.07991028 -4060.932133191938 6182.610277493413 382.1682827768342 89299416.66794188 902.3014605696034 24572589104.504974 0.23732227068394263 0.9999568872179109 4.84694338213301 -4.3533948964789335 2.3758446726403797
0.0 48.69146115753961 -2277228.030670166 12690274.292877197 4991768.813440084 481.8753622735894 1865.0829601824007 792.8242832880591 26438504.152785007 795.6914611575396 43754237567.0195 0.04844412929128282 0.9994470531411419 2.848840337637879 -1.8770517901996362 2.7759315788971315
0.0 101.41328012962424 2263514698.4898987 -124225619.63454247 -952113962.7006721 3123.1037008723115 1098.307310880813 341.72702312828835 51309820.533917286 848.4132801296242 69845343382.49698 0.05754256332972802 0.9996108666072544 -0.3803486591856128 -1.7163116618025318 -2.6402445071538563
0.0 131.21815049031898 34032546.58647919 544322326.0371094 -180087485.04477286 1613.4426933804207 6381.665845811019 777.718756110866 65183055.51648005 878.218150490319 45729335710.36554 0.06610835074904647 0.999893776767681 -1.8881673045621339 -0.8491532936951935 -1.4250092493352702
0.0 147.35842991055017 21990728.0309906 -17391797.38168335 4190471.872616768 -2204.49145466102 1223.2901618984797 4210.7933322781955 81119736.02720684 894.3584299105502 44288659382.16867 0.058824317457047186 0.9843976770654842 -3.3092867666998105 5.160921206408153 -2.1411503986792946
0.0 138.77583779481915 -116333315256.26428 63617869905.44583 6632057618.104963 -9676.000545019218 5314.7522944481825 -383.7989375677462 73052947.20945528 885.7758377948192 84291338050.19577 0.0948495949241531 0.9994839728051235 4.006929043768732 -1.7685370175958575 0.46284755349992607
0.0 76.538714407837 -1212674.9508666992 2758530.480506897 14597713.980130196 4225.138735304508 4702.871500570018 -3220.958123997613 57808322.03956994 823.538714407837 57604337467.42639 0.28135276413976773 0.9980230829747008 2.0442806067785524 5.831748437342317 -5.558844550831427
0.0 101.25505191106333 -19060.789031982422 12980252.067100525 -23955760.938591003 1697.9493275595605 2587.3543917244206 -1610.0984100850728 56794220.81030083 848.2550519110633 67115690792.33121 0.13830951250877555 0.9990120855349889 0.5273975094812362 -2.89187473777221 -1.0386986645521326
0.0 68.80121282473567 -17784523.338867188 32743964.8201828 8658046.753314137 3528.481658464897 3370.2501869562366 709.5900808973481 42610173.97977553 815.8012128247357 61760333132.8176 0.08751122767227301 0.999526398248095 1.1368196179872583 -4.130548169350602 2.886236165968013
0.0 32.8662142400475 -15816169.839118958 11807547.299545288 -2784175.358397603 2094.5836089382465 -966.2469777367842 -1481.2014457278854 26147784.174292598 779.8662142400475 37058114024.063385 0.12094030594740532 0.9999844018308155 3.300460436641743 3.679452004928902 4.657784562150857
0.0 212.26081576830586 20633874.190490723 -21796577.949043274 -23252316.987505913 2201.473082732494 1385.0688891719474 602.3319614439316 115834809.64287515 959.2608157683059 95712197834.46945 0.13623736493329636 0.996804832270534 0.8503943965438323 1.0861375962349584 -1.2954092829215453
0.0 55.43961539100394 17203690.37876892 21976326.856796265 -26473642.40607786 4885.941938384778 -26.116373460048635 -790.1281462236591 31488000.857773617 802.4396153910039 43650792851.72862 0.23879711707473733 0.9989977411759493 2.3896130668263647 -2.172616550641602 5.766747741750095
0.0 142.3622212081308 18850340.575408936 26069820.255340576 57731799.12707007 -337.13839150292915 -553.9981736691152 1818.5828421424867 90257824.6256166 889.3622212081308 48504276799.91022 0.032787929644639294 0.9992482232854762 -2.214907685889044 -4.586969782420243 1.1382039058240458
0.0 260.82621638523005 10915616.610652924 23404998.11590576 19751899.129434586 4094.720458694075 605.0723668849423 1536.3749333836606 126023499.4914446 1007.82621638523 87272199051.19208 0.013214180356672545 0.9973786498902681 -0.8366462885319554 -1.4820758481157803 -1.9682262969030762
0.0 106.76621101763294 -1664616066.8623657 1022799638.2201996 241743837.82234406 3161.9090945856187 -2980.135421278992 -389.6821721731522 59049265.42689691 853.7662110176329 57151309927.012695 0.09562060256046974 0.9999136724587754 -2.0091841262624266 -4.8620459648258425 -0.22572807521704386
0.0 37.241420691043345 -11597040.577606201 -15052191.839530945 -3621240.7489995956 6778.9204196324445 -2839.952083281587 -849.2514775791625 25129273.50815449 784.2414206910433 22958715969.93683 0.2460017999687827 0.9999994551498624 0.9042266309748025 -1.1917102871982217 4.647753964592326
0.0 194.27347891063016 -9624002.44430542 -12394459.282226562 66189677.35790062 44.82632928477324 -1478.5250042348716 7389.66777147666 108136639.98114337 941.2734789106302 66711987064.62637 0.06773014777077611 0.9561788434901491 -0.970093757218033 -4.650228012046947 1.5957652457404392
0.0 233.17160677719994 -25601857.01199341 -18348123.127227783 -22062664.378403664 1242.3082313432333 28.6609266924861 -6364.24283202596 119278130.11387327 980.1716067771999 89233435870.71933 0.022218516130522843 0.9753640622057741 -0.3913723754077353 -1.8181858942679296 -1.3940695061599695
0.0 53.24643756896535 763853076.1180725 276583240.85012627 -626625630.2546892 3591.313642009749 961.7730475359604 237.52154574022146 30121260.5730446 800.2464375689653 50824132535.70398 0.15627149489482617 0.9995201819876663 0.9150822836454762 0.0911838245012142 3.834748833222259
0.0 149.621538171751 23133345.245910645 12310236.95678711 3630848.8108434677 2964.634385843261 834.7788851258192 -1342.1693909598848 82240256.45154569 896.621538171751 36006870617.42746 0.1553432889272375 0.9999889328728861 1.6177154701267047 -0.5790097176978964 -1.8318124228250316
0.0 41.132784479264274 10888411599.228912 3921730234.2764206 -1807692311.4566436 3107.9731787054307 1102.65973301735 654.4127751299422 24364929.308939897 788.1327844792643 53668477088.76788 0.14112749125123303 0.9995153191556574 -0.3794571986098807 -4.750585945190941 2.5076887350346184
0.0 154.62038475792735 -9134685.116455078 -3483797.986694336 -21336736.5761528 -430.7852145923953 -72.5303677510201 3675.235694967366 85309951.27658063 901.6203847579274 55889026146.49234 0.029695441362663763 0.9886485071190747 -0.17342640028798173 0.004769654163740755 -0.1935163268798335
0.0 128.02684379392713 -17297641.212036133 -23622568.82209778 13360897.758659363 1963.2575773965546 595.0454380691408 2752.0498805111774 79477594.61822695 875.0268437939271 33366884609.67987 0.1155860225804515 0.9999859439536966 1.9149685481762702 4.010188546347198 -1.388623260453249
0.0 62.063291527424326 -37179768.31616211 27736122.85015869 6011839.625636101 -2763.345112505107 1063.5739378232647 416.29424191650423 45948719.06129985 809.0632915274243 24983961427.385956 0.013899182957917866 0.9991243579211092 1.5233734949034314 -0.9444066080891133 -1.9029884507307844
0.0 98.01784741515644 -12368548.742843628 -17926582.215026855 12221785.971769571 2209.2286376417724 11857.395700984755 1537.1256890657376 59829270.309809655 845.0178474151564 48606566288.42105 0.3660265826336388 0.9987219431765132 2.7984288079147897 -4.575182175634014 -2.506312414678257
0.0 170.40497855641672 -9604037.00175476 9263105.741989136 13594635.852806091 263.0401408312937 3770.8942963636437 -3029.5202567402857 102426430.74723653 917.4049785564167 84625154912.4162 0.1036631852438703 0.9994640049457434 0.6153055851981846 -3.7030460289704696 0.7988560707470513
0.0 133.29727547079437 263104570.4104004 -103468309.36982727 250075534.12696004 6893.911023050261 1028.8568286997943 -449.1231377050425 101041068.38615642 880.2972754707944 17614824447.502594 0.25177359914657416 0.9999923106352141 2.2301893977420866 -2.274472633506123 2.417916279385092
0.0 174.35199269830036 33601253.49142456 13921977.02218628 34014335.35582283 1143.4659233754937 3440.4678592506098 -883.0070702414162 98196041.13354123 921.3519926983004 91876314014.18002 0.08965138722160822 0.9998341403856505 2.164737861203585 0.6943046301618756 0.43689121252667384
0.0 165.58431932809253 -29024401.538116455 -4516615.759269714 68707814.5844059 -9886.25488482129 5962.13768969282 1612.981972887671 101070849.18773627 912.5843193280925 19598892064.763245 0.31590519390964655 0.9851302417194717 -1.986185005077696 -1.9116772286690664 -4.325677170289634
0.0 132.01663696031733 5821941.007141113 -18269385.930267334 -13746469.425226212 3271.078897127849 1964.228002303218 -552.462989640263 110122941.60015728 879.0166369603173 100532701369.32954 0.02564370996830055 0.9997880069422406 2.1500611736648807 -4.400848500440655 1.7918441536797507
0.0 183.33441324036107 -3496083.0020751953 41935840.05944824 -80467402.10666561 -975.4983922565661 -2716.433795704019 7646.841650943595 99934045.49390477 930.3344132403611 55358373119.57175 0.01306601552577858 0.9710883460114146 2.0953130833306752 1.9467936977224178 -1.93779008406147
0.0 132.87291827344086 22980540.730895996 -36129659.22842407 -75261348.70760298 9368.118457319491 -1898.2134849552422 761.2813748873139 68797001.86042464 879.8729182734409 18121545381.149017 0.3043346550871128 0.9987441972329979 1.9065833202611695 -0.3244413343611914 0.036570686016724974
0.0 209.1267042364375 -8723537.755096436 10839731.047225952 88357788.82509422 -1906.148658983304 -1198.1349409380346 -5809.110953004246 117169732.62275149 956.1267042364375 119393640072.21051 0.06092464550522605 0.9875149222226991 1.2304947817563276 1.1824483365576122 1.806148223837253
0.0 206.5500921741808 22048706.621139526 -5661902.724395752 19193223.525575638 -3412.2777537259026 3170.2060292792157 792.0339068500369 104491693.08373511 953.5500921741808 44561672707.72464 0.16200349478397402 0.9990212298501732 -0.9184241885285443 1.774534071306509 -1.848204001449832
0.0 74.05132973439959 34412141.80531311 -70554551.1532898 -55010091.75755066 -1751.853067228356 -7531.9899701407585 1056.7019393696173 43523835.32204104 821.0513297343996 32933700639.406555 0.11885995060785078 0.999515230979799 2.456436982239538 1.7271405675376938 5.5700779510391065
0.0 27.610476769079355 -8966330.495574951 -2352310.0096435547 -34496372.205221176 11217.748149735056 4323.453431070986 -816.222315853309 26100775.486813836 774.6104767690794 22561817976.999603 0.3687411793959764 0.9997014877294593 0.017738493604988248 -3.551375088187707 1.1767138835943678
0.0 85.12674849501138 -29820095657.045227 22403759450.42482 4632036428.363119 -9436.770272610138 4358.189256105623 -257.0597332339762 65135842.49298262 832.1267484950114 51514753487.15564 0.1123365487044813 0.9994735326119522 -0.42557107240816516 3.367819299996218 -1.3784990752952344
0.0 105.03487914715424 953675.5638427734 14335889.22680664 -91007516.94274044 5721.99237234825 -5496.9645024475585 1677.032125294497 108068772.37196736 852.0348791471542 39140424922.54117 0.19212574211087513 0.9989353333957405 -1.0332436217459893 -2.8984031018120935 2.159914363654909
0.0 133.75257440403277 -111493766.32791138 31755097.706054688 -62417447.77721596 14882.307530721802 -2085.1344938905204 607.0195378066588 75043697.05257377 880.7525744040328 1705375377.8374634 0.4752899612271957 0.9999478260951461 -0.6806610986559635 -2.18821148634328 5.444087858847149
0.0 179.59789788282615 -8912768.860534668 -31489705.948654175 -24618396.053949356 -1596.6751451046875 -153.6236399352747 -2739.180284348878 120287856.70819396 926.5978978828261 54795975673.24402 0.07827259277207635 0.9924671783316049 -2.564355981091835 2.726072083667185 -2.938230989176867
0.0 136.4054432044736 46680462.93283081 -48610630.175842285 -28512632.88013363 1889.8113188352363 11939.379693001942 175.5344850726706 78557467.99866804 883.4054432044736 5177413106.520752 0.46552043315531066 0.9994935597248006 -0.7986735923025692 -0.006981083057520876 2.3999450645689766
0.0 196.2694077026382 -63633585.190208435 43762801.44937134 71342875.02762508 1668.0098712696781 -2085.743184806154 -4977.586310524388 105633068.82429299 943.2694077026382 57329674240.554565 0.07524615737789082 0.991203870760177 1.8009461769649857 4.1091202862422085 2.041422025908432
0.0 146.6991382556713 47584517.285339355 -74045802.10781097 -23708358.766281128 -878.0943389257009 2449.4332798340693 2469.8963596703998 87603754.45685002 893.6991382556713 69677136820.78549 0.10565475460956689 0.9999498291822799 1.3531657000705493 3.657905468648278 -3.925129173222219
0.0 162.3533152708585 -6942809.552352905 4209469.397766113 14927110.768066645 2183.984579346321 -1566.82411225155 2548.8511141102254 96089231.59358586 909.3533152708585 37108977827.56351 0.12666838128275915 0.9989253718532589 3.670362559596078 1.400206504191737 1.8000480324880859
0.0 60.68187092849121 12711897.997581482 -9742598.183166504 61622901.44775009 2021.9810797400605 3603.863844864063 -11466.1254492833 47319321.877260126 807.6818709284912 49074352868.486786 0.18966252113180693 0.9527916460052981 -0.8365126192766894 2.388092086028632 -5.434670343348225
0.0 200.60979903307475 20913743.01347351 -11112985.53970337 -55667222.53168297 2390.6724635357605 -2557.9610763957685 -2778.3834888785573 113724822.25485869 947.6097990330748 51724890237.61221 0.08235764702603052 0.9999187214414925 5.209432542441162 4.141147585084509 2.5471147748333753
0.0 47.20173674601199 63575615.43231201 28537777.666870117 -16469767.654911518 4198.370742956115 5644.75286307225 103.65024442591846 50718461.8295374 794.201736746012 23668374735.94229 0.22701124133090375 0.9999958135742372 0.000395875218015429 -0.48685715041344396 2.546552420823959
0.0 67.13131761368129 -16435903.494155884 12735559.603256226 71252084.8132267 -1708.4291217880145 1873.6984426365561 -797.200615580372 67409332.83998634 814.1313176136813 40476452100.0199 0.17326167498025213 0.9999481476345 -1.9238974528840531 2.4367343183339316 -3.0610731242514695
0.0 192.3637377069074 2630776.746826172 -15840581.970527649 27968595.35972786 7748.29581954579 5103.35965032069 -6192.872829828748 78210002.90566853 939.3637377069074 61812568187.54385 0.2005662577837117 0.9747621036828317 1.009180515447186 -2.8579635994090102 -3.518163038122231
0.0 121.82537173937862 -20928053.349075317 -9721570.188598633 26759785.082983017 2898.2047921514495 4326.527479313612 1669.2332664871578 62424197.03805007 868.8253717393786 50908694667.66077 0.03963760300361588 0.9999190352092026 2.1730312097396864 2.063427628583242 -1.6177696808128472
0.0 61.52183009484577 -30616835.389030457 -31377723.82751465 16743782.977257729 445.84587316414036 9865.223835654384 -655.9729799776001 39276053.717308976 808.5218300948458 13342175518.454163 0.24478296258373808 0.9966917383901519 1.4602533265209596 6.021530344401369 -2.577797146031173
0.0 26.867981088038164 3699628900.46756 6663652555.400887 -731833860.9481101 9267.114356712773 808.3605192146606 495.21748783508303 19221901.904826246 773.8679810880382 23890745830.490875 0.34388910191652916 0.9997882336885363 -1.0205018280798126 -1.785885372185497 5.827458252279637
0.0 145.6207400209072 34898803.969573975 -4377841.63772583 -4625808.77119875 1415.1998101395147 1902.5716450616674 2205.3477051523523 73710668.16051283 892.6207400209072 66853079118.26651 0.029189180182917662 0.9999536957952012 3.4568973917850925 1.6682162526617228 -0.6203821116266066
0.0 116.07797372185235 39732925.42767334 -2125044.774559021 -44548125.6295594 6124.338186435265 -1003.8051084843864 -716.3016378893317 52712095.337529935 863.0779737218523 60540660450.34924 0.07983379664104488 0.9998278859763984 3.379227516342725 0.9727727170017602 -0.20471877439031338
0.0 205.80851709923036 -37874921.55037689 -9311416.133117676 -17869411.329784393 1621.5811998287209 4320.112166214416 -5781.163929491383 112033391.8455231 952.8085170992304 76284099639.7655 0.04718782730193398 0.9671496488565604 0.65619627544947 1.0593662069386771 -1.0894118392693377
0.0 84.97364078176565 40523160.6390686 48154085.420669556 74836852.05529326 2938.693792505672 3852.927061598246 1063.0801863034278 47609452.920122586 831.9736407817657 60907547142.64755 0.12516152912910156 0.999379278288031 -1.3937848377321238 -0.8691168354336626 -2.9663503644753395
0.0 83.46733605249597 -150264269190.46442 -82875626488.37096 4517012679.734602 24560.94693623768 -30755.904327006632 -437.33300817521865 44571551.24422511 830.467336052496 45539188522.448975 0.07849982914449574 0.9994316675250118 1.1954106145545087 3.7837548855782024 4.794660738699603
0.0 270.96128895959953 -32779312.387786865 51588718.71395874 14276449.66602993 -2719.4191826061506 -430.4840353965319 -1769.4991967530752 127678408.45193689 1017.9612889595995 134017589783.7025 0.001932643957356317 0.9983662404783299 0.5212032432772855 2.72211935101338 -3.0076322781795306
0.0 162.59538202134638 -13867719.224838257 -2447389.4111328125 -9232036.839149475 113.16204587885295 3662.363066417683 10751.742256883437 96974289.72280611 909.5953820213464 67587451081.04025 0.05068791516109196 0.9805320295576374 -3.0115154164688596 0.8025654375200246 -0.8638964981646804
0.0 70.07782398247741 -5656888.735168457 -17727376.489196777 -32282899.468845367 -6142.576920969081 5618.042317796362 -1790.460039965328 52186727.04895816 817.0778239824774 27854512750.00183 0.10707584389730357 0.9979902782856527 -0.12447224329935125 2.0808333054833863 -2.230302423915893
0.0 143.66683982342613 15747261.31616211 9789277.497772217 -2814521.8999938965 -5666.5188122812815 7209.482166174857 258.2861952252454 93818845.36250938 890.6668398234261 10192226909.54715 0.38652210501474166 0.9999758665745979 -0.28400260967968727 0.022344294251627428 -2.7747643945024776
0.0 108.08276428102772 -1751516.0875930786 -3793174.2211608887 7302172.171227217 3724.3926764202333 1477.641594407909 -723.5093379418608 56487397.60453754 855.0827642810277 76639061327.78036 0.043705270330043844 0.9995686991028327 -0.5761959142484571 -1.8514741708910047 0.0308683381212842
0.0 33.95706764181227 99075408505.37495 54598639518.1886 -5516725962.287204 -10370.87185130531 15104.466688769326 9.903152869794773 18639240.404594257 780.9570676418123 46263038120.90375 0.19801514687780047 0.9993448396196114 3.9967032302918093 -4.134444077678218 4.246138818073888
0.0 48.03071264057144 16100358.01361084 -29487497.905715942 25588819.137612104 -3600.6075372546766 -13067.710193230549 1791.6364927228913 37076268.471670456 795.0307126405714 25694928235.778458 0.1779903895027158 0.9993231903649928 -1.475453789917357 3.618010477683787 0.3094927335105808
0.0 165.4353205738372 -2498290679.9769287 4498059832.297562 465740399.0514325 -252.46674021639774 338.31248135546775 711.1736225638156 93920654.28517021 912.4353205738372 79174432834.53348 0.006491973403851697 0.9996678188074413 0.32245704152379423 -0.5925334612795926 1.0282187607752322
0.0 112.8224952057177 14382749.227081299 69330656.66677856 -71884949.50323486 -1789.2082001239723 2703.767425533242 -4612.076376977955 63826242.02116297 859.8224952057177 43134782640.97604 0.10233231525980727 0.9831484199888393 -1.4635159777478886 2.8628115481282306 0.1387432108544438
0.0 263.1317475379517 -10058254.386657715 -9688736.19619751 20607075.015211105 -698.2296955390666 2114.65194755922 738.5484430181792 107376967.6925539 1010.1317475379517 82940247423.23468 0.035185324613366736 0.9999176195179985 1.550476797387476 -0.5728785781475387 -0.34517350002822456
0.0 50.24777803349082 12551455.5544281 9418881.890335083 -1239933.641635716 5822.431993398022 1117.1471774300262 -1291.539047708317 28206571.40350478 797.2477780334908 42568785003.87918 0.2622525404426485 0.9999206731591893 3.4409563811797916 -2.732156219023278 5.501005124302705
0.0 109.85921140925825 -11848096456.955307 -12959780015.81958 -2380999153.329699 222.55652330416706 3820.234356838024 -1591.6455526443342 71486434.47791234 856.8592114092583 78227769522.76144 0.05051970796378631 0.9998656323888087 -1.5704551747315716 -4.12977398198764 -0.5193172524233916
0.0 192.99756116428875 24954197.405540466 47456146.78341675 25407936.612815857 -741.8172906947002 7314.374572408475 3863.4247261166806 121521239.15875383 939.9975611642888 41898681226.30243 0.16778387873568046 0.9990495121156672 2.7146994684473276 1.3652655579463784 -1.5877376945056676
0.0 132.01330656440598 8579289526.125748 4465626015.298462 -560264556.5240449 3414.9197099481535 3287.1848868661073 840.4629021291471 63158998.89015904 879.013306564406 67400766174.851654 0.09862443399962559 0.9994657903727369 -0.5418900545754819 -1.2254784401944192 -1.8486568697403731
0.0 141.9598221745439 -37358118.8074646 -48151134.63773346 97067392.89543009 -5384.475181653393 -262.88628237113517 1036.5264717501095 95873830.85701148 888.9598221745439 41188430642.63547 0.2123119012442094 0.9970478798852946 -2.848533241081809 -3.44124638206345 3.4235757161265052
0.0 201.24737186686423 11282660.781707764 -9600885.01473236 -66657836.84129143 1901.4661029930503 1500.9801259841443 1287.1968468860218 124830086.25403963 948.2473718668642 77229321197.27133 0.07823663918550253 0.999045909767864 -1.4268496824919266 -0.5841937519966857 1.7915875956203005
0.0 50.63156229136507 -7568027.649963379 16686494.535949707 -35418988.85109919 8939.498584583043 2354.4571183321204 1300.2057114142463 41358637.083993666 797.6315622913651 39217919542.54599 0.3408589318321314 0.9993516103443076 1.0749529878800046 -0.037620105697577566 -0.8321193862481042
0.0 55.66401271289351 8156088561.195343 -171292759027.38574 -966384598.0935466 21485.152233422654 20251.23438389152 -787.2718611199349 29574519.790596005 802.6640127128935 82366396211.52051 0.004241875214791677 0.9994802834222803 2.598876743013598 1.3880536024324934 2.3123334192192453
0.0 223.9797389233944 -150443617.81340027 61170130.56529236 -333191500.2643528 8724.637838277706 8430.54389697146 132.51100970425864 121017179.30688104 970.9797389233944 64821863827.64731 0.37416322124279716 0.9998361362102961 -0.6995247926259216 -1.4727229645768372 1.6509202800738443
0.0 125.72972249611576 -5522708.8439826965 -48402722.85151672 35634641.237304926 2661.59658744817 4972.502218286091 903.9885704669346 78884334.3764574 872.7297224961158 78998615313.55779 0.2124019023886649 0.9997183232159209 0.043876476487105354 -5.675114120933786 0.4912459142335326
0.0 136.03826478413725 7345440.064178467 1691643.624130249 -26916258.429436088 6093.219440601093 12208.759943304409 1937.7064753625314 101284217.33790433 883.0382647841373 26606107506.513916 0.4031559468331598 0.9991335534375396 -2.5443756524500927 -2.5005043048731013 -1.4362984738367712
0.0 175.44790858654346 -19250307.104553223 -23655229.459136963 5137652.9644498825 1975.195006972357 -202.8461923411851 4185.13311318188 102614091.55502471 922.4479085865435 20589628766.254883 0.06460182450248592 0.9835118348062268 -1.0659465968755664 -5.7844875681280445 2.7335244964826755
0.0 120.49506043006306 1548578.3169403076 10348545.435684204 90782398.28126049 13872.62201743551 -2907.1778293484276 -2326.117955181146 106131603.01933809 867.4950604300631 3530530346.5634155 0.4670313079569549 0.9998092904470495 -0.6946940759770439 -4.709059928046221 1.8427447304280484
0.0 176.14136396484218 424665904.7248535 -1180827.3546905518 -1540778133.5640945 3324.661679005112 -613.1842041751916 -4331.245674817973 82760336.4843127 923.1413639648422 29020243690.469482 0.01052888329359375 0.9779220943455961 -4.106546970167491 0.27022362518069637 2.958332900565164
0.0 147.08645089576112 -90016118.6418457 48515375.90078735 -79179038.68201447 1199.3245920892332 3223.805457051818 1479.248648830814 83496766.74100317 894.0864508957611 82722987703.14362 0.14051165084556322 0.9924667388850249 -0.4225709132847127 -1.4573713315647292 1.226287262434427
0.0 219.41795827604744 -97745703.37400818 -63806078.6053772 40076070.45059466 3332.295304427378 338.8980718795174 -1007.3311762247122 122578836.84274624 966.4179582760474 103164521641.01813 0.1609487485747715 0.999230101634336 -2.0591006776870833 0.28700614098041566 -0.6788169668448967
0.0 216.5691888142776 5491738406.15303 -20475761109.55327 -3670643941.875271 -1098.26456647351 1709.1447031783428 -650.7392616527331 95212177.51268364 963.5691888142776 99466453631.2453 0.03749843333019978 0.9995136936203773 -2.265757697073398 -1.454304015580297 1.129807625998626
0.0 80.92441065879552 25391140649.269104 13209904609.555473 -2635694238.2187166 1402.5630630471373 -181.56293266896682 495.0796485442305 51380692.971553616 827.9244106587955 80623616011.62674 0.054713972298689365 0.9995729712350783 0.44518270756321937 0.7025644512847038 -5.123025943586705
0.0 51.618124262525725 -46474654.63669586 78227914.5422821 60426063.42072821 2095.1880670739592 2305.032166178962 -281.56844251306893 38051347.2806184 798.6181242625257 51422883881.65811 0.15827679621442575 0.9999724728306989 0.22649595151198387 0.38520307662250897 0.3703287447673218
0.0 145.9888163469701 -17928023.288604736 -11901598.679199219 6838518.658732414 1147.9689652637098 657.3582740271559 -1539.5776379879599 105574309.61905152 892.9888163469701 92689526508.60327 0.01036791910351502 0.9993165513095047 0.3887748777510138 -5.151353040507932 -1.6568184203281628
0.0 94.85939931814778 -27088492.590423584 -2442594.537185669 -15735510.593031526 4762.503162384657 -1640.1929166866648 -948.8041594356959 52677927.276671626 841.8593993181478 63842388301.17407 0.038892016349677094 0.9999610602856794 2.8353755165944032 -4.7622606488068175 6.059351665704675
0.0 237.12391960091225 -56880920364.76114 -25402352087.73214 4726250889.585633 13679.305221996969 3317.9252590490505 -129.5668903576726 101572375.94064218 984.1239196009122 88685487662.34637 0.16773077202067088 0.9996516701375476 -1.580108457657774 0.4124410377890282 -5.027145080336348
0.0 37.01751177656445 107432827047.45831 94291704559.06857 -4985195575.932817 -17230.295992273404 13160.33900277114 325.13026947780645 21992376.075073484 784.0175117765644 58571538315.17978 0.14615753676808663 0.9994904226013887 -2.280379112076517 -0.8235144868608166 1.3009616294300343
0.0 90.32654442263129 -23744781.025268555 42261574.642715454 16519451.565350533 -618.9375677192184 3870.174670631084 3657.169312701907 70096013.62455115 837.3265444226313 44824311848.34213 0.17689368300051922 0.9984245182407138 2.0213318272594107 3.5491327958153174 -1.6778325747342653
0.0 97.6206478142384 -5661021.120758057 -2115523.564727783 -7623254.341572523 1586.078474538981 1723.880276252854 320.3124698985314 54784708.92121378 844.6206478142384 69882681993.98276 0.10571674286947903 0.9998688276700025 3.5570419570528684 0.5920084026585966 -1.8599318312205442
0.0 140.71128193899995 3656954.8456726074 74699542.64642334 57715351.07639408 -1619.4313188894594 -9010.228344328652 -697.0797527903015 114008916.07733415 887.711281939 14568397166.73285 0.1499690394177731 0.9984851526347874 -0.6802797749424057 2.9981252591871015 -3.1582547142041175
0.0 68.88504027493502 63951068.102508545 -544015.8456344604 22277273.425990105 -108.91699875975985 3627.752535012616 6825.519027604938 41437357.35853931 815.885040274935 54191785614.58707 0.17660591646854223 0.9956506145371162 -2.6060037875555833 -0.1370372573285238 3.096936553664975
0.0 132.03163675878488 24582817.069366455 15716872.426919937 -14395101.510183573 3440.6346298542385 -237.09769084205982 1368.4666369604338 99727945.1196312 879.0316367587849 46858888716.234436 0.09059466873584075 0.998170050041006 2.7650996018653573 -0.9473088134041083 0.6653879432710499
0.0 63.460201845948745 -29742339.144714355 -35693475.84825134 17881569.07781744 -6402.041314901826 4620.6484907980885 -1008.3589787361641 47569010.713115945 810.4602018459487 28847148518.09015 0.18405774722474283 0.9995836828520793 -3.7698102265639477 4.837483145295446 -2.0935627974170483
0.0 135.4155180162585 81374383.2901001 -24538410.873443604 -766338.0648818016 -4476.71994873586 1485.5656333835213 -6179.6439042951115 94234457.65104507 882.4155180162585 45848615558.01068 0.06966178207057609 0.9803750329360839 4.055301968579921 -1.6119902740064127 -1.3867799279533477
0.0 139.13834036086587 -56027820145.505615 28702888750.145355 6245176895.771505 -4428.3636164450745 4921.536728879179 -154.41275435156146 74968475.17513064 886.1383403608659 81698896540.68109 0.11177005056962844 0.9995793024306933 -2.149593806423746 -1.314152908208587 0.41915834844134436
0.0 311.1612829214487 -92684010.83119583 -60027979.772003174 116530616.36137962 -1883.2405902800892 -3826.6388457644894 -5424.261348172307 127926303.04320934 1058.1612829214487 123536851883.26004 0.10389627103033311 0.9807492522794982 0.703607539163914 -2.0939977479882392 1.9255059550063423
0.0 74.28777244339949 41564267.90267944 -6674051.366905212 -16564233.405179977 -11212.842793354812 -8386.706006570716 1453.3605135539133 42072544.54321284 821.2877724433995 2490012549.4683228 0.43412707001715994 0.9993057608675394 -0.16113975234261613 3.3819777719100204 -6.149325544143881
0.0 66.30716815544667 -24266490.171539307 29404946.453422546 7751756.7669034 11889.4504237234 -2532.321665678155 215.09519078761474 39382221.92295177 813.3071681554467 20381260906.816895 0.40104510003535226 0.9999054214927057 -0.9933457339716674 0.012913755630016954 2.8037376624187993
0.0 118.26527411444204 -58048383713.656845 -41693849056.536255 2552253882.887902 -2103.692281735319 7080.4160831313275 -768.3047395685631 61790153.48791224 865.265274114442 92989861031.9628 0.06292767916040012 0.9995415545452528 -1.2063746845453118 -4.5178775087393355 5.229510332597439
0.0 76.25603172401054 -2058499.2307128906 -3241042.1249694824 2537355.2436719537 7002.85197909538 -6673.687109998955 141.85437662459339 42715037.671872325 823.2560317240105 4091662759.308014 0.3428550146235907 0.9999879363829474 0.2147892325643137 -0.5780417855104765 2.3824503766306666
0.0 163.71208063187157 5772622.2449646 38068942.06762695 -44577540.0264802 -4843.326771623269 3908.0410437482287 -1296.278058320342 127136319.4064708 910.7120806318716 31641887986.75937 0.23190418909930635 0.9998968104857286 -1.6701332822354291 4.812533423910425 -5.773369369127216
0.0 254.54588805416074 38442756.90689087 -12870811.340026855 -17739373.704103112 -562.63432305684 276.9449785470388 -117.53989831600154 98865109.51826355 1001.5458880541607 65057033912.56973 0.03428950292299485 0.9992905402070612 1.89753150717195 -1.7435192012261467 -1.8609010078238106
0.0 125.66805438767688 -54438695.78944397 8043384.712799072 3207011.849112749 2690.209580346698 2728.6311967599677 -991.0265230319121 124707928.68810834 872.6680543876769 37577105190.08502 0.16665674102590838 0.9986842184324292 -0.6054525724935025 -3.1292071394586687 0.3446746060466537
0.0 169.95821238130873 31167666.413707733 51041007.80056763 -104215406.7031269 2599.1503795888857 3349.8379741870262 -3700.444358376819 103878122.02339526 916.9582123813087 99378584382.6966 0.027706553545692902 0.9997895089230115 1.4644024287825645 -4.936481002735247 1.9053565887198887
0.0 81.36616392175551 -4993425.48236084 5724415.549530029 -9511717.825166702 1212.0933378406771 7667.254213588925 5676.023481581255 50278314.21161068 828.3661639217555 36559584889.743866 0.09249511802465434 0.9800101443084118 0.16606293447063114 -3.441385663054762 -2.8764046654141833
0.0 29.420519048201413 3712968200.768585 6097638443.649399 -3902835170.955726 5451.396329992662 -776.2702091948568 -824.1556885762564 20740992.08342758 776.4205190482014 51460106141.755646 0.30369976220167844 0.9992482556682143 -2.3406263840076518 -5.477024541660198 -0.7587111408916711
0.0 267.3961044166841 -12797610.849838257 4294915.806930542 21368643.670279324 737.9151131555918 2933.7932217505986 183.04192629576778 113522136.47937307 1014.3961044166841 87277878673.92978 0.02304897428971052 0.9994951921547005 0.5504790772245441 1.7224637409729329 0.048461501106047855
