Label M_f Ep_x Ep_y Ep_z Ev_x Ev_y Ev_z t_t m_0 |Delta_a| |Delta_e| cos(Delta_i) Delta_Omega Delta_omega Delta_theta
0.0 62.774952869448725 -44166163.25538921 -92205476.36236572 -169449563.47162724 -1139.1599125743815 -34.32717343248396 450.6175870585685 76676043.34548828 809.7749528694487 33113234200.811584 0.09512182554088212 0.9994380153072253 0.7449406454463678 -0.7791428402611169 -1.7343708993999845
0.0 76.65079528762544 -195860202.95080566 -116000885.66996765 135494010.33348334 -1746.6307491576645 3322.7592635893525 -1793.7366403305282 48377263.176330455 823.6507952876254 57546738405.848724 0.1298839770413285 0.998650362860002 1.0613455956688795 -1.8826685975544084 2.296007732169721
0.0 227.70472604380632 378701823.2106323 -8299945.875061035 943141277.5648327 -453.5335459432099 -1074.9816423727789 -143.77111381280406 102187828.02338642 974.7047260438063 82452188506.06213 0.06121923296820215 0.9994163292648015 -2.1982840354181254 3.5880000907120224 0.1295024600771002
0.0 124.4416765889431 346981629.0628357 -212357293.10768127 -47372862.40629578 1397.2603135684585 2677.789432078156 3317.8810608588656 66439072.37576072 871.4416765889431 63367409699.85886 0.14223654737538452 0.9982491423400242 -1.6190869818035605 -0.35651137846193526 0.20341268639674714
0.0 169.72956776870126 -482038313.3070679 206205516.2160797 -100693227.51184273 423.70080383229106 -506.3287455694517 -392.28776299758914 91831701.94275962 916.7295677687013 90523039803.82166 0.014601822232224837 0.9984349129472854 -0.8615954865938364 1.6250972609274397 -1.1368345258144275
0.0 192.75348973513337 -385878875.9171448 -163580499.29875183 31508782.511657238 1221.58136647858 -1626.9830086914553 326.76217647935164 105381636.28246453 939.7534897351334 103162688049.57312 0.028445188915110414 0.9979420350932112 -0.799473405340528 2.0862165385551856 -0.2615864841476078
0.0 47.948231899210555 -34800553.39692688 -71207838.56341553 29060793.29784423 -2282.7764013954074 9565.173378414787 524.1218292790913 41411726.1908716 794.9482318992106 25796180692.611267 0.3274104107978476 0.9999189780537568 3.0236152488862387 -2.157461746043586 -2.219471601409469
0.0 206.59218520323077 -57594950.26751709 127025569.29177856 -77889986.3421402 4542.703507416438 -1249.297364587881 1169.5710950909008 123491334.52291557 953.5921852032308 119242310914.0043 0.0855626683459588 0.9988556265420538 0.23402383326307197 3.460866864877424 -0.13994195151170297
0.0 130.53696109665896 -46914171.761779785 -135615327.7034378 -100446090.13417053 -423.56621603946587 2161.630747283725 -2077.157203399266 78777651.15509881 877.536961096659 60173645644.58682 0.0682272928238379 0.9999109590434297 -0.8372922403019702 1.9967719228821608 -2.0998984690335467
0.0 48.89828355099701 366232964.3858032 -169981471.41236877 -217940606.27876377 2829.0151469699194 1291.8454725045958 1312.977839954482 29266106.01954824 795.898283550997 58029574453.31561 0.19576093172366799 0.9999206065325917 -1.0634669547188607 -4.957469188301843 5.332138611299561
0.0 193.9462341654612 -2050841032.5063019 -227033891.80477905 260420525.07873726 1751.5115791643657 7869.3139044907375 1154.9480808058652 93163886.25199838 940.9462341654612 42984748028.63315 0.2844872049829778 0.9997031377140296 2.9125248956854337 -4.359726034610242 5.820014073030521
0.0 204.81956034099153 -795729366.8276672 -130924325.6727562 574824187.589838 730.6068988231818 -361.15787198387625 6504.022390466041 91229522.36583447 951.8195603409915 62902750526.43912 0.022849618583350714 0.9592398145832832 -2.6034935707583826 -0.13010610856589422 3.178853499268582
0.0 99.52940333026402 -2399065780.473282 252599338.39691162 -253267259.1908157 -4889.323596478032 9929.830213461868 830.0884182185407 56323349.41689421 846.529403330264 61285231127.60239 0.2828178654095628 0.9991319928528086 -0.9442168855828427 2.3698445219832327 0.29521868150531594
0.0 54.57129322160608 48683046.93659973 252191594.69274902 -24366278.136955738 2087.4632043131423 9495.289373079471 679.6712730506218 32767448.914064128 801.5712932216061 13425969752.377563 0.3270541967768395 0.9996176575540565 -0.6495908682127396 -5.0027575812187095 -2.9131138848831464
0.0 61.72678443431789 -1467366366.791954 -2845454989.4814453 -6992557988.746388 2627.6993776028285 3546.9378280807778 9609.189992435131 42904795.56703473 808.7267844343179 51052400239.381165 0.1641076691671285 0.9542863167913254 -4.763218951322965 1.309113344892217 5.592533313217029
0.0 209.10127790718968 577613791.2402649 -112478041.58688354 196368667.81332207 1380.6187297758152 1549.5027784454505 1333.1703189063219 121369621.47528222 956.1012779071897 18969582984.506287 0.20196194003033177 0.9968509535922186 3.680343605079796 2.618885479319349 -2.3888533364168643
0.0 172.61644171982925 -34740758587.083466 20019255718.68122 23543901885.6366 6352.993338007071 4822.778276658046 4793.705655659911 81871379.40748055 919.6164417198293 65643297458.937164 0.17644634550638122 0.9726259508813965 5.482621399450165 2.35330695445291 -5.393266345254521
0.0 64.88923868392715 -1823842949.8924408 -765936493.1567383 -648261608.7987914 7284.748052931682 9699.416726940712 -896.709356058111 43936515.32596717 811.8892386839271 37848608218.59943 0.37582805353961146 0.9993022308068759 -2.0220393784109363 0.9858757899322608 2.793343761187306
0.0 135.6386185192846 -79121428.82015991 -71867154.03579712 278303823.5538521 -176.05168969934857 2338.580502781275 1083.857411267268 78670400.95936951 882.6386185192846 67987527203.564575 0.12531713757006369 0.9990319941844936 -0.863857342130695 -0.8150276740050472 -5.000290834927707
0.0 171.8879624588127 66465082.37084961 -159267869.50920105 -48816170.20581913 1418.8812788441192 2945.912999598 843.0926076318747 120848350.3041645 918.8879624588127 78988526899.90775 0.06167825439039806 0.9992056122852294 -0.6364439595306205 -2.554274168906416 -0.9612998723944853
0.0 69.61875077410969 66254560.39389801 54993549.50338745 137733959.79947424 2567.6505314592687 1378.2127429175353 -380.85956037088675 41138273.30269189 816.6187507741097 53601643633.30051 0.15738656242475002 0.9996855070296158 -0.05563021047763306 -2.639093407113436 3.6078046643081256
0.0 122.66966887134004 342461868.4255295 -218338788.40260315 209305436.77168083 1170.3094745691742 3069.789887207651 -5155.755441395495 53908408.43909492 869.66966887134 53652915844.32199 0.19816613441821615 0.9814325637594189 -0.16082311016826134 -1.8568334648303684 5.138206472342802
0.0 124.43712104297981 -12647554575.818878 1854774755.8133545 -24682726503.37892 2160.5199372170027 1494.0494284520505 1569.4470991166454 67062039.67129745 871.4371210429798 48613317478.11047 0.23689441603066574 0.9654293025464065 -1.0042867068004695 0.9714163670578482 -1.064321955251282
0.0 113.93479807465349 100010738.05688477 294045533.8898163 -23619684.70409429 1925.203189160242 8080.974344646 5954.977636511709 56866410.40707331 860.9347980746535 48450381965.85742 0.34431943960337025 0.980693496184353 -1.1309986196047044 -3.682688314232367 0.625786941234296
0.0 186.51367448965254 -37257436302.167206 -5831701226.149902 323135114.7038622 201.40196735960672 3316.640245728613 -863.488993307884 83783635.54590912 933.5136744896525 104038670053.21301 0.09641630597410303 0.999459221914289 -2.624018172946796 -0.5606772296615885 -0.05474315732498436
0.0 125.34012865887439 -27802952.163604736 -81492137.3283081 197736957.90301144 4980.434161199984 -42.14856512098686 -672.8710740701802 69444995.057326 872.3401286588744 70810825218.16377 0.28394388733136194 0.9996472627961719 -1.377156015213214 -5.1727691704889445 0.41024051949865825
0.0 157.90320923925447 -98377879.04090881 -141923502.12690735 -137581301.16862965 3647.0397108219076 3445.6896676327015 1431.3949632768465 102837508.18157499 904.9032092392545 102407555068.94846 0.09373578041374583 0.9988824189810726 -4.641091378616597 2.024947807829373 1.002152256085045
0.0 84.34296815842629 -74764508.89260101 -430895566.8354187 -167807351.38929605 3265.6981397984127 1348.5041863413273 -1187.4980928567097 59103704.22907218 831.3429681584263 50703390354.93472 0.1931080443021408 0.9997043050940354 -0.5866803881551985 -0.8237284574600805 -1.1840403298060689
0.0 34.586806090644245 -478311692.79730225 -1382733.111694336 -76225875.23317051 2842.457074071248 5356.353597156822 810.3665608973387 28491665.486980584 781.5868060906442 2397677632.170746 0.23254798199446355 0.9994778625362433 -1.5170054769003056 1.5981866618077025 -2.8156119259299617
0.0 180.7959993616879 -2211689689.578125 61670878.19554138 352525997.58689785 843.1781694393565 2658.7676022483065 -828.1486573279476 94473906.36548297 927.7959993616879 37241120743.72586 0.10706496939653486 0.9994642647025733 3.275221964353722 -1.623127935674076 -2.7717966708605912
0.0 238.98893778140257 -3639791636.42894 1931913040.9619446 3188160529.833063 5842.062642448096 7066.82270257904 1100.0729279611462 114277281.67743343 985.9889377814026 35855513285.68939 0.35182617816443124 0.9995364868239945 -0.5657150683911977 1.6804377965756423 -5.149684579896261
0.0 182.76077512818813 372589200.763916 -135098886.33876038 159216852.42812014 12358.047269394034 -865.9273830232123 165.75388848039066 105166485.87360802 929.7607751281881 6300761824.882721 0.48958452815927644 0.9996191787594869 0.6481595780113087 -2.605322180279344 -2.908168117443376
0.0 149.40740661994482 107913852.61174011 -14721416886.36473 -238299366.48841572 548.5702661576688 2005.5837286520346 -227.58691999889675 95146586.36600438 896.4074066199448 94929967954.63818 0.010849161325433496 0.999998658080025 0.2722803707387269 -3.8631332197375987 0.6867283183282376
0.0 31.227260746780644 31161341.041229248 -746366.2084960938 -134618102.7762537 -914.1743083187284 1644.6612221603864 596.3858606575642 20906430.13389396 778.2272607467806 28931740408.592224 0.018080980130236873 0.9998161005788656 0.6874328385818287 0.11373796508755113 2.2323466471979483
0.0 77.99819581774557 -111017425.59098816 277396669.61341095 -1668270772.5837908 3684.8033608795304 -6885.850223335219 7184.327661698363 39225464.80015985 824.9981958177456 39325865570.23169 0.07055029434601637 0.978063808508215 5.915332731691926 2.9723606154125064 -0.0579272794171799
0.0 180.56668557502724 -84503017.45178223 -169629089.4605713 -665909667.42803 -2264.1952376248664 1541.753153427042 401.87917609354986 83960600.721978 927.5666855750272 65384582644.16931 0.20305373601936216 0.9857135013654593 2.014622886818282 -2.3160366561915176 -0.5475155132551184
0.0 229.217181094701 234360655.6954956 95373776.32233047 -97067314.6228199 -417.65909481705506 3220.3596706749486 -613.6110913702935 114328419.63770866 976.217181094701 117661643905.79617 0.09535911757972675 0.9999387879156575 5.1872338009105015 2.292240978624315 -2.0087219693179468
0.0 47.38500993337243 7086711247.760986 3204757206.949051 -2356738626.919529 1812.7717413571313 1675.2632362578188 652.325092027204 39416389.12654741 794.3850099333724 60353834434.436035 0.12591079658658783 0.9995984092910504 -1.7572713195247238 -1.461389531040399 2.9865481921726076
0.0 174.41907428863306 -216494101.91867065 -73552199.81698608 -194478857.21373177 2603.832334825758 1936.7819615324643 -1418.9026747528014 121892812.38713999 921.419074288633 72091290665.84738 0.01334476049960251 0.9988390718280336 -0.9309456853011207 -1.9067963470663651 -1.0176332641235173
0.0 229.66828902082557 -167683912.95077515 320043458.19623184 474944121.8494978 1955.0364103068132 -552.4937827746435 7564.605603935607 109106005.45606293 976.6682890208256 83460514344.39389 0.06958918980249673 0.9588651164475384 2.0295245518050313 -1.8843147371825077 1.9944529534231268
0.0 143.63293321230321 23872943.451416016 75108219.31114197 -199155811.01645088 -4054.440303777228 9277.337960158418 1266.4497582544802 78360458.69569308 890.6329332123032 11686337152.243042 0.4086909789816706 0.9999310882436777 1.673903043857938 -3.3248834867443215 2.6517038979944885
0.0 180.44381674868862 775477153.5568848 -335646151.494751 -139697040.32929468 3894.2389908489567 -3633.192829608841 1614.0701965497606 121914874.61982441 927.4438167486886 31893160173.57492 0.1951173038936872 0.9999335867104389 0.6479566350874775 -3.162717466689039 2.8508668999821163
0.0 157.28082765861916 -16435502947.945343 -7635391986.310333 1381511198.1781435 526.5297512368052 2290.0409250632183 -980.075541302092 75666674.3504698 904.2808276586192 83163859841.46472 0.06189045400397466 0.9994845355763154 -2.2366292179819443 -3.7882650136871554 -5.655586688506185
0.0 166.56155308152518 10262629.624893188 107295935.03305054 -120021000.8615079 -113.483066993791 206.39032908381705 316.68964224911156 82014671.48933682 913.5615530815252 62514775035.53317 0.027677340518203454 0.9992700728578078 3.951978079574023 1.978339142626095 -0.9417226413524897
0.0 49.98609843107545 -14539433796.218811 -193648795114.11633 -665372321.9763114 34180.508265991346 19796.587824417664 -793.7127571633937 25858021.566514615 796.9860984310754 82592739683.37346 0.12776701901839566 0.9994960472807847 1.6547340055803916 -4.32376003599609 2.8204507464053385
0.0 31.958390685127824 -654317437.4506226 834176206.4797134 -391268839.17384076 10931.938089010913 2101.541154752198 -382.46543893004286 29563377.499026775 778.9583906851278 53241247378.71564 0.2559601568126717 0.999974570053208 5.938372826368979 3.0171730151494947 3.9165531044368858
0.0 193.57084307066145 31042826.82748413 -267069124.8728485 -103684356.20489728 4087.098130780688 881.0212441479744 -3370.245379948976 94570237.85050683 940.5708430706615 43597306528.01886 0.15487081143022147 0.9927631194789068 -5.652375332711955 -1.1372106515294151 1.2453079943907563
0.0 45.23039419511758 24280125460.997818 -22990250420.328217 8959473.849809647 -1494.6633392118165 -471.04983765539873 1450.6097974252034 34867127.418007545 792.2303941951176 69647663288.0185 0.11272722224494848 0.9994449263699356 -0.6491521541541829 -4.804314540553938 5.29802379008727
0.0 154.44879350080396 -18773458.629699707 18455426.758888245 -127308522.7917862 457.3688842819838 -718.6920081725511 3005.3657703883937 71711526.82462335 901.448793500804 18821164126.389557 0.03211306821492933 0.9973785241040436 1.1844227811132284 5.582271330854765 3.6439234379772407
0.0 33.2747087586755 152055749.7106018 158597800.693779 -139504967.52478814 2008.6653068574115 3111.303785271961 1135.8838237713596 28982550.566835452 780.2747087586755 51538362065.21384 0.12051119145151327 0.9996635978418056 2.215368332968654 -0.3768760360975698 2.4417058845306436
0.0 212.47899004027545 -140011505.51187134 -179954569.27755737 -358401400.5149708 744.5226504492857 476.7263052227072 503.9249337023122 112706498.60296924 959.4789900402754 86184805820.35132 0.019236102557578627 0.9998121043915147 0.14973997670931827 0.08507503663405824 0.17052775969498637
0.0 125.1698252192391 -251187521.79475403 -162498352.06904602 325530137.4747181 13805.499832280031 6768.626592792141 306.5527942790321 78304250.76370539 872.1698252192391 4196702532.712494 0.5053345699476728 0.9980492705971509 -1.0040799229183461 -4.43703223250324 1.9153752337689367
0.0 86.05724530454074 -12801315.90953064 -38839600.30999756 -92202832.70675087 -2267.7322143157508 5187.430931285109 241.50910296213453 44082920.49335974 833.0572453045407 29496280022.963104 0.16715243542189612 0.9994073215010953 -1.0012248680877733 1.7210855729509587 -1.8232933005039182
0.0 84.57207932446158 -232010915.30163574 428763284.705843 687266826.5675592 -275.1572720005779 3771.6447228953366 -2699.7638392496037 69028723.64370476 831.5720793244616 60031231832.56531 0.17879834604333242 0.9999725673718471 -1.8417676099572948 4.2114151951822105 -4.1869728915700115
0.0 151.25136837921764 803877965.720253 -141049835.1326294 207754937.1338272 337.2006123697938 -2497.5920338672677 -6971.518430424514 128216283.5694116 898.2513683792176 30844691095.265778 0.14240009198428366 0.9736223403409171 1.6807593864264807 4.082102565251601 -4.105909307373784
0.0 109.64387638472249 -163520628.47276306 -162783220.41192627 178107534.37327337 3458.007039697324 614.1063116931946 -1170.5241016094312 49896081.08591621 856.6438763847225 67945167808.90277 0.02474191185435208 0.9988777249768913 1.1537774292817626 -4.340338083599118 6.024264050193853
0.0 62.09985525964362 3852873.48311615 111713671.54336548 47426365.68010807 3918.997393414702 1502.2553486691668 -1761.6934007652883 67057212.5561983 809.0998552596436 70258248394.766 0.13774035123249728 0.9995790652680393 4.804681732017024 -0.01696120853077776 -5.51649760739754
0.0 148.1926797027421 323368890.96990967 -254672150.23989868 103697712.39021683 651.6821934592663 4513.019980102479 -374.4196477082721 104466856.30956462 895.1926797027421 102349734629.92853 0.09063163620167142 0.9999307590470249 0.8628285010028095 -4.059592785686748 1.443881712530231
0.0 60.734291992390354 9281402.298553467 -1231910.3724746704 49937425.874727726 1613.769635982405 2624.020341809406 642.313301517324 30820273.72319867 807.7342919923904 60022025583.26248 0.12280080798494841 0.9995644204700714 0.08461109727996352 -4.2342737474583645 2.383434590683552
0.0 182.9225774934448 176771273.21270752 -110807854.96661377 -671311559.7514429 1385.151725385007 1094.5645168616156 -2082.853100048347 117873077.41214085 929.9225774934448 85109768344.36243 0.017323479693417923 0.999999104466063 1.6883726839013564 0.37070984542716046 -0.13981551707326956
0.0 145.0320583007242 137658644.3206482 149296858.42060852 -183611510.3827486 -12.299309820192775 114.56100228229116 -40.33155899671897 87932362.54819115 892.0320583007242 63559171264.56674 0.02824683468606117 0.9986902856474726 -0.7321119949908226 -0.03600969131961751 0.8189485127804479
0.0 48.75575487678259 -14040843984.705109 2225832054.110817 4270629484.850841 187.90244294454214 -777.7544661587344 -303.7204498720248 35008167.12189235 795.7557548767826 42929253740.22298 0.024201052500412074 0.9996177705616707 2.6804915801536184 4.48681724900136 -6.093405654586681
0.0 77.18204984723809 -10867224.992675781 1931683.2158203125 34433591.224313736 645.7246451174906 2088.195766645669 5508.91959827247 51484932.244573295 824.1820498472381 57662762366.299225 0.15281392017650555 0.979805623328281 1.8269653137067334 2.718114585427413 3.3286498424190603
0.0 240.6181302642949 -365316077.1399231 659291110.8084602 3179457818.8955746 1629.4826513116698 1072.987667750309 1715.705479589833 124273215.26185 987.6181302642949 76884973950.64554 0.07828541397627954 0.995356796080632 -3.0906537403575935 0.5619850948654415 2.3438389406331424
0.0 33.15749066496335 111604306.34869385 -19522664.393493652 -6518993.978940964 4995.648742481593 9777.193819100641 826.5921480706365 24107827.378337402 780.1574906649633 2312661238.307953 0.39413888134738684 0.9994722556287927 -1.4453537819278874 -4.4969212396957055 -3.7135016489324983
0.0 32.82266170867297 -378445033.8523865 294984339.52124786 1190244311.785169 9335.427792790859 1253.0862765380552 -1324.5047030278204 39057569.26042091 779.822661708673 34365482579.36005 0.23384264838115096 0.9995693250597416 -1.4666329213674874 -2.0588713212281107 5.3094973638112455
0.0 165.13328458056344 -20286360175.897278 -2159522096.5871887 -4846734824.1643095 2168.944153188062 3248.4000367629524 -507.0876309381058 76763157.96230921 912.1332845805634 76959525890.1434 0.11082630509824545 0.9991546152257329 -0.9734081074461568 -4.358523580540875 0.22190180936493498
0.0 58.814388554259835 -5358161.624664307 -103581051.68289185 166099127.7392006 6934.631048323636 -5774.628756644801 290.7747826997674 43250117.773658544 805.8143885542598 15641177046.30957 0.3239961551320177 0.9998921098062529 -1.111511688472399 0.6910687979756838 2.331161034071725
0.0 30.56992877690186 19700293892.62805 15417544095.827164 -1278442938.5093725 187.57354351911272 -673.7616918482818 736.1554752935474 19471581.605463356 777.5699287769019 53206675078.7601 0.03152540039164199 0.9995296531028732 -2.3194006279138657 -3.0833956504220827 1.9704080148503493
0.0 195.57437531657536 -98301690242.4778 -131803516899.06334 3252313871.8861194 23250.717569618228 8881.007991922339 -609.609387873792 102695376.42125937 942.5743753165754 60730524998.682556 0.16769793775751307 0.9994849222276134 4.007829810197225 0.69582423397176 -5.204625351916173
0.0 37.59291226642347 14952534.61102295 19633600.546295166 4452925.891432643 453.98377939514467 2306.3781364354145 728.1496442497245 27451288.086094983 784.5929122664235 51055215652.48386 0.05626302410515763 0.999600038844392 -0.5276907549226982 -4.382561670955094 2.503072260285197
0.0 182.30887956478728 -4877001976.399399 641388759.8634186 6000715606.257832 3529.100857389716 9866.300805912957 6000.189552178124 115158477.64254215 929.3088795647873 30367835225.270172 0.4249051170267381 0.9833975691401502 -1.2416630296531896 -3.0987527194108915 -0.13608554047592136
0.0 97.19586901000423 39966045.3760376 803958.8870239258 16299113.984107971 1443.9812602078582 2501.0246882881256 -892.4349477332348 64602505.42680401 844.1958690100042 36112130972.344696 0.1929245523958367 0.999999551764471 -0.11975485179249068 5.762949475752055 -2.486408816304621
0.0 155.0591417440371 742397930.2167816 4403079027.956024 -3565261.5748033524 -53.01306823451159 -135.46904492527756 53.35695090915817 90283069.0475574 902.0591417440371 78638294615.41846 0.004454156362539763 0.9999899963970605 -0.059086575721982504 -0.08823110220221814 0.2485055748291075
0.0 51.36286180026366 -104413185.5241394 179252375.8217163 10500814.39412415 -1772.5972427877277 -878.6308192383676 844.5478330120045 26031891.019596137 798.3628618002637 33018925657.166992 0.10952438894552033 0.9995853422404609 2.0029802560633265 -1.424860657122952 2.730202693270934
0.0 68.44509822235761 -569452072.2075958 -203319889.06860352 -527514854.1422708 4209.646301211687 6631.342077058515 6213.728206625025 37372933.034573995 815.4450982223576 55779915893.84921 0.20391160037390144 0.9822804067118687 1.14520180256677 2.381531410067172 3.809007103363513
0.0 107.21588396295465 53311216.86831665 -272200768.3401489 -1189438082.5407772 1601.2544198754404 3981.3510783827915 -835.9147592034951 58419824.80312819 854.2158839629546 45913836700.95593 0.25779941247474214 0.9994321210223585 1.0603998186286503 -2.448184960414932 -1.3687677186918763
0.0 144.472908647062 -221463808.62794495 -91181485.7354126 443219025.46023893 -846.3289914293418 -2443.4215656408633 6495.347536540862 97772749.48386337 891.472908647062 59488365167.29297 0.031649273107318215 0.9712925564538729 1.2399717763659308 1.484793540221109 -1.5225410706858793
0.0 168.48009388287142 127192467.84390259 -20810484.567855835 -453632368.3135555 -1418.9551805748279 -2073.8383593566177 -2930.7042627871842 106308786.39844929 915.4800938828714 28526804127.257843 0.10106244061967586 0.9985675950881867 2.842878558165479 5.646646955921027 2.484190779964774
0.0 93.09733087126904 336154085.28152466 528522647.83239746 537358024.0474901 -746.7300875540532 6901.6279478151755 230.53858943454952 68612819.82895304 840.097330871269 36804058213.40927 0.13015669068357885 0.9999071842782498 -0.03331592201089495 4.760203257436885 -1.944656849131057
0.0 68.20680557464505 112768444.23268127 -55604796.44616699 3635853.883706093 1471.8279241873606 2845.274444157263 7366.278458316427 45252463.8967294 815.206805574645 54862811960.56537 0.1888977667444569 0.980433117310511 -1.4793312646518664 -1.178926285100367 4.213119427679354
0.0 196.08517282027992 -123767508.38967896 201633792.60972595 483944052.65821505 13576.240127044817 -941.3246280120911 646.2734037173261 108389125.21848957 943.0851728202799 1374278592.0996094 0.4437343006185327 0.9995839992277713 1.7902821720293702 -2.6967604519698365 3.284976387750521
0.0 113.07402947121557 38601773639.97865 35377929123.949196 -9111474615.41139 2431.5093005943927 -7708.36598562152 797.9025549532431 65720627.695431314 860.0740294712156 46703673923.73515 0.01523345994318373 0.9992619382851107 1.895978621186257 -0.3198205165217174 -0.2575487763965114
0.0 171.9105538006952 47776909.31713867 -9260625.623519897 103239997.61445522 -1922.5380183470738 362.92893458253457 -87.09350565008707 102350154.14302905 918.9105538006952 36488893100.62082 0.04167149412076826 0.9991501780966946 -2.0904020650203963 2.0380985915398155 -1.7664716666741167
0.0 142.5439678973562 -91504084.39608765 -99547968.11994934 86626132.56391525 -1379.277601824966 1429.4843041696586 -472.60125105658676 89005117.73043649 889.5439678973562 73135031724.0028 0.13591472486978629 0.9964164404542902 3.8417737905638853 -3.8805297136134334 0.34919113318826667
0.0 188.2287105150259 -173717869.18771362 189429297.75801086 232828129.17556858 101.88883514100962 -1786.2661486893885 3145.726687425052 80446161.64968881 935.2287105150259 38741308708.57074 0.020139241656558726 0.9884102930743993 -0.519558455564678 -2.8638615909110006 2.7295130792067166
0.0 167.44284758672984 192602460.0723877 55431226.31140137 269840352.28975964 1608.0999809557652 -1916.8772164021245 673.4080437509713 88328370.95326772 914.4428475867298 27884524065.137634 0.010133216288407965 0.9967673996555456 -1.1757314194697224 1.9515192063317106 -1.884734502108415
0.0 170.30216819494933 -31650140418.80832 57425283979.84389 5485251709.270676 9513.58896158715 1388.75011835429 417.0583391355396 74546892.92537926 917.3021681949493 62811136298.93515 0.05639537937302681 0.9994709130241868 -1.342769606054644 -2.0036557489624345 5.673204641170068
0.0 245.16384454433364 218897344.04031372 90709661.92654419 -34192751.1677475 6974.140167561016 7238.290286847194 -2828.990031751972 128067939.90567565 992.1638445443336 43613310751.63541 0.288462656399278 0.9843930740200065 -0.5075192228176335 3.2406077026732505 -3.101946066056042
0.0 138.27499839902782 582794630.008667 443905898.5990143 -276508881.59746003 4130.541789913022 1453.2531017059446 -4729.2317015910485 98921473.5415176 885.2749983990278 55637256264.890686 0.18026187548790656 0.9845306966785637 -4.16595754363631 -1.3658029052784166 1.4349164377158181
0.0 112.70556560590126 183066028.17884827 -682210576.0622864 131849026.02049446 2418.5782974362337 1310.25760421421 -363.01117194309296 57174474.3934975 859.7055656059013 55705437570.58786 0.1809201806627458 0.999322598640986 0.6530931681083609 -1.2910197336425864 -2.713916743358522
0.0 66.77510367400373 -109918843.96757507 -139580508.00271606 174759017.86062002 3239.800460789571 1173.6125306827926 -8388.038057638138 54761482.09662878 813.7751036740037 67068918310.71724 0.09680778498278472 0.9668176515301464 3.4771354847172775 -6.151838108320587 -0.017983523068348273
0.0 56.02364361749869 59324451813.13669 12401476565.321724 -4810987231.274705 -4893.329421795272 -4335.104615641962 434.6268393510344 29444321.799382534 803.0236436174987 85049260531.09889 0.015254985275178698 0.9994725780014649 4.013846182085439 -3.471475359667267 4.974437697005632
0.0 192.04220336086723 -1033052941.7160492 -2947749871.383728 -3331361338.29034 146.97457470556037 2924.5120189773224 197.52844938933592 100609243.74881099 939.0422033608672 66972313494.83243 0.0015055227994085069 0.999605812231605 2.1705133070698834 1.2462450887481242 0.013372404610227373
0.0 142.26987527065546 -45468145.29956436 117609378.89276123 -936969.616768837 3552.3107595956535 1216.182316594974 525.5586934700739 121698913.05305544 889.2698752706555 96750441894.26767 0.09625554521874767 0.9999599599970567 0.0936585824724363 -2.6803798192158714 -0.5116284972987248
0.0 33.43345738446385 364742303.5190582 121333522.66949463 -115079958.58036786 11559.922090269696 7342.21545529291 799.8056939738177 18587906.879464865 780.4334573844638 12569469041.211273 0.4820627029937604 0.9993268024653217 -1.9110556057648382 -4.931053144157701 3.04384875212248
0.0 122.64960853750495 -443349282.5211029 -443090689.14849854 -1397703054.666668 1360.2330175189345 -1918.146174459769 -625.0839165568916 84618337.0813501 869.649608537505 44827535579.78339 0.09392057676680952 0.9997979955485847 1.1923354526976806 -1.963226044307536 -2.856966802173513
0.0 218.8398268972262 -7699003975.080177 -6399600079.736435 -756104007.4001042 3624.5290577435044 64.29705907053358 -395.4343910507432 89598959.11002807 965.8398268972262 109898630198.46906 0.03896262924971498 0.9998124940794135 -0.8698119734192509 -2.4488336776022104 0.8493377695740743
0.0 92.4463314421746 14554543.823425293 -121734525.4699173 -8208958.947679043 3419.1922729825574 1775.256699665446 300.9973915084377 50947325.163443476 839.4463314421746 66353843491.92502 0.16708829659051688 0.9999405385542516 -0.20420929689364997 1.5202605247682723 -5.860593438995147
0.0 60.29167246014708 103737909.9002533 31787129.189605713 -203521285.79283524 2603.4259982365948 1527.5964319556733 4962.226164974579 47340508.91060391 807.2916724601471 48353213421.38339 0.18534201820803886 0.9922105969535114 -0.970587764610494 -2.15236852640789 5.146910098112957
0.0 146.64167248110505 -52277335394.29205 9190821938.313286 3115090777.6218634 3722.483682513097 5868.630117357883 530.5741336166549 78959172.05676262 893.641672481105 76684757024.08658 0.07857156022596384 0.9999973445556973 0.5995263785612562 -4.200176900560824 5.663266443723469
0.0 190.60734351162898 311854529.50717163 7519483.451873779 2123076.596311569 -419.8275773183268 1546.2216371623908 942.1866318331708 86205601.0436569 937.607343511629 64790512560.33624 0.06090688412888446 0.9989996851141322 -1.9572285345728098 -1.1850374977849933 -2.614164060344544
0.0 162.586074433897 211631369.07522583 -315534628.8235626 -349849551.3110323 -220.32138600817007 1487.4045709875681 918.8001472990085 89056407.36792989 909.586074433897 72109951296.44528 0.06393011663348899 0.999446376565946 2.3007630171943343 1.9437924473443182 -3.259069410667676
0.0 183.2762770029343 30655234.39438629 -588781995.46344 448988325.22913384 2767.062010975118 -466.8342696513955 -1809.6556081247827 116777278.44373035 930.2762770029343 46378656247.03235 0.192684436304787 0.9994309568341827 2.951481555824178 0.36462283818203867 2.5061882886302813
0.0 253.13173551539023 -86345847.50494385 194158320.25448608 -459898314.3122015 5053.850338185453 6511.204860855258 2765.1718895825406 120800736.72656335 1000.1317355153902 119930373331.10437 0.27108207645384214 0.9826868991345645 1.3482163583456255 1.1493549556139142 -1.0519929318153698
0.0 32.58471152933157 -60270889.59582329 -117141705.8727417 -106234627.39398003 3886.1952015745374 312.8791280024608 -953.6098274463909 20905749.03338314 779.5847115293316 63901264997.81961 0.27848127344547957 0.9992823524133119 -1.7461589088130909 -4.057046735086327 3.6538309661441843
0.0 212.01581757191877 244279740.18411255 -524976089.34198 9105373.441523552 1190.8612692614915 2140.047432772766 -2.415945435598246 128981800.77788211 959.0158175719188 70969277554.25677 0.05232206303057341 0.9998566731622092 -0.9693169621769625 0.6127850356226636 2.2320716577975475
0.0 183.32212181305863 -37274797.994781494 110127459.4417572 151288751.12679672 -1778.2787126648855 1500.231444120338 2778.0256369751305 88761516.42880876 930.3221218130586 63557668235.42142 0.14161421812265917 0.9916282246531778 0.5422227602896925 4.485750494059902 -4.652826997974832
0.0 68.18087809397298 140328274.14730835 116767270.48537064 218381125.6954205 2300.776672931608 1863.4375372040922 758.4816467338 31128795.325456865 815.180878093973 66818668384.37363 0.16639767428668586 0.9996538186459287 -0.007529777492221128 -2.5171674398564345 1.1724496206767934
0.0 90.80447007205578 -4299550047.088562 -23979277075.356354 -2966307978.6615176 -1629.7423692289267 2386.1103264751737 -692.7084552319893 77185840.4795942 837.8044700720558 86458350638.19522 0.05397609267548173 0.9994901736379656 4.015999993684985 -3.373728615175338 0.06485499245579796
0.0 215.16137976932657 271873258.2431488 -382980729.35121155 159686046.4785216 881.0076457473624 2094.2467220032195 -589.7107903168717 113280630.02146643 962.1613797693266 81313664374.92355 0.0939158449051214 0.9997101711607423 4.716860900188499 -0.7413173378564004 1.5686579375712018
0.0 54.25790971113713 82696669.86026764 238222222.2911377 -83796238.01628876 -1246.1592396685628 8657.42833979411 -5537.910069269667 61031271.34917839 801.2579097111371 23682948500.724182 0.038885327319024166 0.9862418214405074 -1.7204459793107867 -0.5465451366907179 -2.7236346304654484
0.0 63.42568531433142 40824085.70126343 10703114.759300232 -136124944.96386993 526.0484137340081 2666.0044389827417 -1452.134214040535 52491164.47144586 810.4256853143314 41824889609.80286 0.11753651337874958 0.999348256627553 -1.8971870615092041 -5.873653170071844 -3.270366272841087
0.0 154.3757076659574 -324255065.2147827 630738216.2598267 -154033755.59248352 2687.9081796685578 -529.6067568079416 2246.718160407738 75219678.46335629 901.3757076659574 34493072515.21759 0.06650940446675173 0.9946733385834298 1.7626960641806084 -0.8388087618036009 3.7046397920062026
0.0 171.1046222564612 -7240921503.941589 640148547.8762817 6106715385.930564 -3977.069964286954 3113.736690010006 -1565.2504328363282 70280543.6577768 918.1046222564612 55246670767.068115 0.04439065625250725 0.993471272071098 3.534304327752791 -1.8886391113906722 0.5611696623416595
0.0 168.94176635787346 -153542354.2511902 52869876.3142395 14250674.05421257 -492.46706786098366 -445.9824003998292 136.4128619800034 110349698.0111664 915.9417663578735 79318723576.2973 0.003059251927699444 0.9998113620394542 -2.6571261140096376 2.7412195100619394 2.181683319295765
0.0 240.1263284109193 -8272819.334472656 -16270336.857177734 85993702.69907296 -322.19072401972153 8.777984367316776 78.5878890714614 122419687.88519397 987.1263284109193 84927106391.73758 0.03476763919362642 0.9994779011541892 3.7007860144642244 -2.2296231336011694 3.557332448838563
0.0 101.8192454292523 76824279.78674316 -7050778.915344238 197575091.41811895 1543.9267399115197 2509.9783561451513 5612.2825954958225 58753655.081730105 848.8192454292523 49575272107.6098 0.06191471797946853 0.9782763637170897 1.7710532272650683 2.720882639085574 3.535825264411517
0.0 61.04635810558398 164778932.06188965 82311725.2227478 13624106.033098102 1048.8446396287072 6671.541071112165 532.952922417438 31423670.582097147 808.046358105584 3444273105.7683716 0.30802380317958344 0.9996882951079668 -0.8535807851460591 0.7730589524094604 -2.6901989059120957
0.0 30.86462818238249 41349306991.38895 19818306207.18931 -3518988639.262223 1021.4384175063346 -2382.868845364108 635.4839697520742 26719384.991030578 777.8646281823825 74602188192.38037 0.09457123429581567 0.9995015427510706 -0.03616169674214886 -2.447021034415213 0.322254611302319
0.0 123.41542481194995 339847762.23617554 8982965704.344757 -25523849812.34938 2389.334347894398 -510.33060427680175 -1475.4246192053529 74331895.24261817 870.41542481195 23162341245.09851 0.14035000685376414 0.9691115465974363 0.48879725663638185 0.07320983127572714 -3.1023875473222207
0.0 67.10088929163442 72300473.35886383 308023745.87535095 287539571.16540337 2718.5845251105093 1494.9120587587386 -7287.6929839759605 35270920.178260475 814.1008892916344 41378610986.23306 0.1629574674561323 0.9789526322481441 0.40421741606272693 -4.55505412228583 4.553658886404141
0.0 209.8735355601392 -390578195.4821167 193411068.2340393 682201729.429728 -2420.5469342526267 -565.4577131099941 355.35690345206785 124441744.14352065 956.8735355601392 56806555295.7041 0.05732114114029471 0.9996929263280482 0.5676920291843621 1.158867435776759 2.6368033394345134
0.0 169.96225642814989 -87996293.05670166 141130748.80345917 107805638.85067272 -7552.090799279247 4773.534306915404 886.6820610937043 110601823.4392286 916.9622564281499 28895540880.611725 0.32138654453854903 0.9999986915560993 2.465520681269041 -2.0734908106069376 -0.7107243782151074
0.0 121.24529250595504 2076322898.1976929 1476386532.3397064 389928998.08170176 4816.969965791079 -12168.99234292412 -486.15512091154204 75094118.0888514 868.245292505955 5601767894.737366 0.37884449168233836 0.9994467261592218 5.713135470246 3.7835192953368164 -0.027850225387902494
0.0 87.73167700962756 -107235639.21427917 456524302.9190216 -896619464.5189129 5668.52136306485 6561.687457090382 -1839.1871592535688 58803393.35401902 834.7316770096276 54340667483.68906 0.34668653414817174 0.9981373021082461 1.0842594058795263 0.26017507806527274 -5.06247862461537
0.0 97.73434994288311 42330093.43292236 386681891.0436058 1292744169.6411886 1155.124238575845 2822.185296670865 290.0562341668078 54841022.02066497 844.7343499428831 59543391633.82077 0.10084996825955822 0.9999968318965377 -0.35429741403693116 -1.5334635125023932 -2.1727595094620975
0.0 148.41358636111988 -418582199.0982361 -1388365654.5903168 1093231516.1739893 -3217.5885103756264 -252.34896386062974 -6495.682571966256 125957771.518446 895.4135863611199 26365532322.767944 0.18992109654446937 0.9991553214259218 -3.118669779474218 4.111735563788827 -4.331999783798601
0.0 114.39627179665854 -10769543.371582031 -983464931.364891 -591425878.7882519 12802.336189412053 3018.6884121479306 -6050.2883367987515 65728062.741615 861.3962717966585 33871535219.241547 0.3899528448947702 0.9879067505698129 2.4652605497609112 0.4061223436280358 -3.6826509326679306
0.0 151.04496441249864 13196498894.819244 5467260276.981674 -59150906457.972466 1286.7698545325366 367.7043837549063 -747.1166057326891 118016823.02143452 898.0449644124986 115885822666.03186 0.13642571231753176 0.944395698610624 -1.5708249796915106 -2.357785070989865 -0.7789705124783296
0.0 125.31493696666791 -203101793.5519104 -51215455.6812439 -194001493.3963108 -1683.4305488863429 -945.7580292528692 980.6689497411973 83302455.00844844 872.3149369666679 65479104636.55728 0.1258795408880057 0.9974547971295376 -0.5115220367510122 1.0453024904686958 -1.2531668863075505
0.0 154.10503895290822 -102420231.07826233 186888918.81028748 -464689009.32727414 -409.1572333718286 -1107.2482001292883 243.15524438798454 82765717.58085461 901.1050389529082 62297420256.32938 0.014831609576487409 0.999997473566907 -1.4934531265978088 -4.240630450518635 -1.7223622732760402
0.0 142.04391207200626 280061273.93896484 12086728.626182556 -31658023.454948425 -1631.812792697484 -439.8707777323143 4005.493249298924 86824325.24777782 889.0439120720063 37857235800.388885 0.05306681798069632 0.9890108733625937 -0.02225872816157054 1.0554198279674962 -1.274952406533989
0.0 170.663433165294 -26649098.68675232 -64461226.8190918 50772885.17889786 -135.35677562784986 -1640.6741729855385 -5322.334456062033 89726424.79047994 917.663433165294 43139511427.15494 0.10799636276570813 0.9778641097649118 1.0622502634018036 -1.3172717575048738 1.4592798105742784
0.0 47.04052720711081 226110006.67665863 -108062006.72833252 58728207.15666187 3130.9603488481007 -176.94466889275282 -2592.6283926504 31307975.404046923 794.0405272071108 50987764635.98825 0.1960231748666493 0.9966840766086059 0.7322444138637665 -2.170249455545353 0.796277608980144
0.0 165.38262839758363 151786362.69818878 -242135309.0663147 -168674779.5387349 -732.9181214757191 613.1427222303628 974.6478958457767 90615283.30043688 912.3826283975836 66110292317.90198 0.01922402995852039 0.9999110991981519 -0.9891691853888651 1.213020055519506 -0.053649622256222385
0.0 88.64072235591993 -6911390.886062622 155561123.84225464 -11896918.545378208 2808.0399151420133 4183.181313534044 -4837.007941817237 47743642.38469922 835.6407223559199 56395203418.05847 0.16262584935900548 0.9877172952233486 3.4479895150469146 0.17084852539599416 5.2035896474534695
0.0 172.36944908121518 -2763792398.2864685 2036066282.6328735 -1331715290.9797773 9097.449475977519 11781.594002921924 487.90384468800477 117671798.51959728 919.3694490812152 40331912927.0401 0.37071669258007417 0.9995343787052292 -2.0630855116813107 -0.7562211784863724 0.1947839738573931
0.0 63.6438988473036 14148297113.76947 -3831656890.9170227 -4041889717.0896435 523.6625554295042 927.3177724876223 -34.9908308295326 51954980.01235152 810.6438988473036 68116062433.3017 0.13423714500109868 0.9997310058442733 0.6178855936701402 -3.11385172466073 4.990927757710205
0.0 122.55676544120922 -7139560.836898804 387112467.8435364 -10198431.653759599 11240.044285608663 7392.576821392036 975.1419881994782 81513364.99230585 869.5567654412092 5557381391.70697 0.5010919663390593 0.9993474479410684 2.175346940525488 -2.956090723921086 -2.5467999116352993
0.0 203.61029688350413 313404879.00372314 -33996264.68070984 17845607.9243145 1612.6836864384795 1497.6643182304615 -870.6756739306657 112226199.39979094 950.6102968835041 51601390561.08948 0.015950004189701494 0.9999916476197034 0.9510503115108445 -4.712549023912203 1.7905160215684068
0.0 70.66365595401999 176879212.10336304 -48854426.72782898 -126856770.81293488 1392.0759171591162 3148.6300083632086 3167.7365721778287 54539941.40452651 817.66365595402 59452230571.20569 0.1881869643227765 0.9927858259057631 -0.054750516676867235 -3.360976560154617 -0.020102341826436998
0.0 31.25541974064538 56463167.41415405 -160668709.6873932 -175086492.39485407 1295.2525420241527 3256.2850801678396 -1225.5875091229875 52775257.521729015 778.2554197406454 49006223740.35971 0.22133050090643988 0.9998512953238141 1.3908150816403353 -3.263394140782558 -1.9892842736071106
0.0 233.80188204855585 503216237.5974121 1079857321.5843124 186420825.6224866 3576.3013518504326 2955.3405325646454 336.22341801394055 97573678.84288342 980.8018820485559 61227125989.700134 0.21442902766441166 0.9992917607107691 -0.0016738984214195174 1.149500650900893 -0.46272334677584404
0.0 50.43877762270654 -52511489.85424042 129778377.04244995 119009299.78129888 2880.9826092101684 634.5707289647798 -810.9533069436231 34452049.53875813 797.4387776227065 46918718749.22409 0.19231663684296607 0.9995061173049677 2.6446923345543043 -1.3737401797493325 4.879451060057722
0.0 107.06297623375883 93988164.41360474 192512150.99919128 -91727814.00908113 3705.8265294064295 -1061.5972899012413 293.7399969786237 102781539.50787133 854.0629762337588 96505961920.488 0.2401735104941803 0.9999691058044751 0.05708874473694525 3.717953532779176 -2.7132117294810874
0.0 152.11897413673717 9545764.751731873 465314753.9543152 -324034904.06949544 790.4330190804176 632.8233679074128 982.0340919839358 81447757.51377693 899.1189741367372 31628861575.778137 0.1044830578456692 0.9999829547534409 3.954399639560824 -3.697208002273989 -2.150435542294195
0.0 273.0633977197117 -15160211.423675537 -455623224.91348267 293997940.9362984 -1536.9995935336065 3821.96681151333 1493.2222585041793 126098264.24103542 1020.0633977197117 21295832413.295074 0.24053792627990844 0.9977507989285952 -2.0155514579620966 2.524465637292135 -2.4330466618755717
0.0 92.04298736979376 567601250.6177979 -210584757.28174973 648568182.8443712 1149.5193496631687 1240.9867380658543 405.60710733512815 76999923.26855966 839.0429873697938 76967886269.33066 0.06554066523867864 0.9999996147054684 -3.142456824213773 0.6827107549069149 1.115958023589868
0.0 47.57795064248421 260751906.22250366 73239457.88555145 -4400549.100201607 486.1545646449922 3988.885738142115 2346.3568424129385 33362202.82724674 794.5779506424842 64748598127.06 0.16431095244110677 0.995936688380047 2.3152255903828234 1.124946178491851 1.716946985167783
0.0 184.79268201669777 -312466721.6123047 -96511373.0409851 301393339.9813762 224.67834640313959 485.98897649721766 280.870501154811 81697916.2958465 931.7926820166978 54966643699.99164 0.043587433864551876 0.9995571258211832 1.285021546249554 -1.5441113221663878 -1.816007286802015
0.0 216.9525675249091 -135638307.56690598 -23542666964.223755 -3603348900.3288093 -860.477104173413 492.92424285122615 -301.47805204040907 93039864.37833826 963.9525675249091 82607569955.72461 0.10351446558650577 0.9995326578636378 -0.16518779441234133 -2.60916351215461 -0.5528367118660651
0.0 82.3077327878542 16322330455.990746 16315607783.14862 1040461705.1065695 3391.138836791124 4936.179453424787 757.2559221321636 41373221.04347368 829.3077327878542 59671615050.96619 0.10040334811775863 0.9995554074455694 0.13072176908240862 1.4174675467427493 -2.3858770185094085
0.0 58.84782863872522 115446413.84007263 37029174.63807678 140020928.05482268 2800.1988587773376 -1851.4191186483804 -1489.0772441768258 26809884.445358317 805.8478286387252 37625151946.818756 0.22298983511001252 0.9991336332795683 -0.45792888776856866 -5.33564018379926 4.951446085548044
0.0 213.9536803174085 377288838.3765259 -160223172.83054352 6648880.949473381 -1053.141490204379 1291.2866826000354 -1835.4533611016407 96164010.5112572 960.9536803174085 49159462446.575806 0.060327732471529845 0.9959239873135655 1.7242848731745712 -5.676812688688543 -0.3718573556762443
0.0 99.07774880070428 -214764756.29153442 -948562015.0991516 394383340.27429485 -1384.447651678176 -4545.566626793929 154.08413471042792 80980974.94130702 846.0777488007043 34840342094.97153 0.12160889617992407 0.9981033842493555 -2.9966777732716827 1.8220545468554783 -2.292121172139668
0.0 81.83373334879343 612079594.1250305 -824098239.1558635 -203907993.46734428 -663.8142293818944 4046.666223369597 3407.6160572665262 73793523.59063065 828.8337333487934 49889681965.9848 0.2836644799120195 0.9999428090642221 -1.071729462403729 2.3090402268663746 -2.2620742071212425
0.0 151.5899190246771 -7798798370.882057 -6059770451.262985 -1905793171.0255675 1128.9096093902917 1451.033547019575 -280.01052299178417 70527547.99793597 898.5899190246771 63568096747.3913 0.18757998249960806 0.9995018091720527 -2.109972319211259 -3.935160326926466 -0.2759187843356852
0.0 261.170394450172 -1761328482.075653 1431154197.1963806 1709236588.0663033 -162.28140853701552 167.04665730116176 14.262268299984498 121144957.64684792 1008.170394450172 76871432892.69888 0.06848189687951071 0.9998211438259416 -1.1770626555435864 1.4303045381198851 -4.491556757578264
0.0 171.65855671290035 -44179521235.181335 1782361398.016014 5934333369.389282 2007.6592383168463 4762.010620611538 1056.597551424402 97262637.59882012 918.6585567129003 84348546327.16968 0.023965742860791645 0.9986505122078021 1.0736091832361614 -2.852731182203667 0.18220441696497058
0.0 72.00707982458198 -8624189015.650078 -3223693575.7732544 -21738298745.477318 3194.5290779567804 3237.0071971303314 1720.489437176112 61078139.05948178 819.007079824582 53588249549.73801 0.21857525365996275 0.9801229200210348 -2.459030583065056 0.1139918481198896 -5.7634145332869
0.0 121.36607932664685 31018126.786254883 -101615854.49105835 66319856.94835663 625.8755549037742 3147.0114403161206 -262.0050337583231 78492801.93689494 868.3660793266469 68556063732.85266 0.1739492861606662 0.9997800560214887 -0.8005414963970315 -2.6308763645224493 -3.641834457666702
0.0 117.80365521143756 -8760195255.199677 5500508135.544203 91805474.54843903 5180.835526816921 113.17701424608094 -29.129051667935755 69297455.69309746 864.8036552114376 64279784304.86606 0.18299286260202988 0.9994641026944018 2.603915726207851 -2.6301315230311806 -5.768575737317052
0.0 143.14647833253753 8516015335.007477 -76735186.40379333 7864025399.549957 1321.4432354865553 -212.8446461397616 -5148.369583197004 64881490.78227377 890.1464783325375 78011141028.26343 0.04669586396978165 0.9770099483039605 0.15409989565545823 4.31435016482517 -1.1155752196658948
0.0 150.5500431753901 315116620.3173523 62071219.32116699 79887631.76787758 -451.3709549980904 1122.3421046466065 2752.0568694801514 98721765.60228552 897.5500431753901 58215172280.66019 0.0042613233637075615 0.9978790395957096 2.79991913484723 -1.8517176063488359 1.3324048647640594
0.0 171.73587873934252 -526685399.5903549 -66362606.95248413 -121356559.40213394 2894.662652396866 -672.7551809249435 78.62382100829211 102887525.91340967 918.7358787393425 93785399519.30511 0.06716605362856104 0.9981236262463676 0.20232386116004086 1.3956771277494968 -1.1068475751252722
0.0 201.6225326198039 -405358886.895401 629319586.3424683 -514378873.10679805 -1641.7603839018884 -686.1861883692145 6075.144496773364 128585022.00620636 948.6225326198039 15907574254.60199 0.13777248902276384 0.9937284656174716 3.179451312040589 2.7804348815916105 -2.61339913093141
0.0 48.76948830277786 36869457712.18834 66017421813.16295 -3875738612.013208 -10527.786709477181 2546.6274640842457 521.9906931162324 27980369.01799513 795.7694883027779 66692395232.18347 0.14992110944321607 0.9994974634031655 3.9870003158039697 -3.3420145416954834 4.4841769087608
0.0 71.12674605630093 68728862.2871399 2429291.8966522217 -379611991.15842104 2359.5545432968374 4127.607974086226 -1165.8261045947654 59835305.12784995 818.1267460563009 58820832879.76688 0.21334247504025697 0.9990410580215175 -1.1178168877291275 5.30492466954042 -1.9136863485068571
0.0 132.6366748792517 143281264.03773117 -327723069.89959717 -529653806.02723885 1053.458128410064 -2103.827019460174 -629.879025652738 122726481.57681169 879.6366748792517 40257302897.648315 0.09626982793996385 0.9996719316394445 1.1637457709593793 -1.6190749393778112 1.279663401357861
0.0 151.74646997929585 351347032.4490051 1894586.534286499 9887822.399355292 -2475.132008547982 1808.735025680333 591.3890883367762 96883689.20917481 898.7464699792959 71891807326.0007 0.06919107792736634 0.9999176102820687 3.7209109844543278 -1.2568369867767815 -0.1333144226282068
0.0 218.76609314625784 -32011778419.61743 -2387420738.9036713 50728269580.24102 -176.6632874226243 2476.377275608218 1186.3660683120577 86546340.61786334 965.7660931462578 125591086487.65352 0.08124679926058027 0.9480286887760871 0.7550024364586436 -0.8800828001040341 4.111713211844605
0.0 177.51347616853002 -381154635.9100342 -16729583.941352844 58988117.495036244 2542.040107377001 741.2197525257652 -190.5500946432751 104642131.31645215 924.51347616853 104639245345.02933 0.16110417614315942 0.9993771160502181 -2.3395642923191087 -3.38589399554457 -1.007743399392858
0.0 207.56845321076378 298513204.1949005 -186807277.25610352 605312671.9419975 468.6482522502956 1549.5716006412777 5107.660858932996 104394397.64473028 954.5684532107638 71121088985.58908 0.05925713239945451 0.977557694413328 2.589538582258135 -1.6000037934558056 1.5494234711842163
0.0 53.17116332678097 -268772334.0985718 90186110.67827606 -213548889.75652552 3501.339485369593 3506.208391442342 711.3791603704867 55835874.17509291 800.171163326781 47568516975.50958 0.2812244287699533 0.9995109994003961 -0.11233116661250675 -2.2382206874441994 -1.8203288437381566
0.0 75.67414605163697 -229309741577.8648 914113775.0037918 4521977660.830997 -10135.806640691395 -59139.24963312919 177.00087139650793 37115272.63396843 822.674146051637 24968520348.23114 0.2725116926457464 0.9993732093900863 3.0935095736521507 -0.7891008118742399 -5.861492974777255
0.0 64.74594087923981 -2530655619.7762747 1715053378.9579468 18412630791.49006 -2111.6232093211 1674.0984861466682 2082.460625578352 40192765.28133316 811.7459408792398 33389110348.423187 0.08182107133218876 0.9866525191862006 -2.7175323421479276 -2.260236083508653 -2.835386200520017
0.0 213.50149919940486 -877380.9057312012 -212238067.36669922 -122825563.75033379 290.4535916604 -350.40344615508184 650.4898429954585 114365790.28902555 960.5014991994049 20216361819.320038 0.0565304931643891 0.9987361490945205 -2.020049546172272 2.009024428347813 -2.624027129659022
0.0 73.70464177894121 10107116.518707275 -141736919.99435425 -184405634.4500103 -2162.2422453188483 6948.331492031477 -938.261293586036 50923590.22765047 820.7046417789412 43009149433.289 0.22857398346495386 0.9993243239871434 1.1576155277526778 -2.005044613266269 2.8248612119995995
0.0 180.89789447115254 -94296243.38909912 -13269042.74533081 -39896938.32356644 -1557.1253273539223 -1025.8217691907594 113.93192714434008 124390097.91926526 927.8978944711525 11252200830.735779 0.13286804772657188 0.9995711307442806 1.937170576777508 -1.8704861525746952 -3.6795425316839414
0.0 204.04311103626708 -79711377.65554047 -363384660.5194702 52605909.146993876 3603.9416053088644 777.0240621264436 -385.508526795197 123151067.18691961 951.0431110362671 94056963850.73099 0.26528260206281984 0.999768883713351 -0.9211939479066227 -5.224124627707725 -2.146693615794198
0.0 69.9802778115004 60964319.85360718 159912316.50776672 150912576.3028388 4187.417565370011 2206.118638888085 369.09044839917874 58821814.07546288 816.9802778115004 55215093826.42151 0.22589867396124177 0.9996596669951655 0.7325434407544504 -3.5727565322510157 -0.19977473821262137
0.0 31.8510002818349 -251587539.74760437 31679767.722106934 203042550.00902086 3686.8634286372726 2616.972772784189 -66.04598797545356 18884040.786346924 778.8510002818349 84325133161.02664 0.3211697444872223 0.9999838391206447 -3.192225042436208 -0.6429325984367826 0.9474715192301411
0.0 24.86828744026286 -152547951.24153137 220574391.82006836 76876103.61194038 5122.716568360702 838.4750457651917 -835.7240367420596 22305668.8944541 771.8682874402629 70921469431.582 0.3378744113492581 0.9997181371755401 -1.0115175538235375 -5.700617888715324 4.896533263096946
0.0 125.61487756640861 -9750422008.993118 30042165277.835846 -8035819802.222672 7861.304096731139 -930.9292616318235 -1579.6095135861913 55694336.50870102 872.6148775664086 30576551273.403534 0.3201167596573262 0.9957273401616767 -1.2902099362456791 -0.31208051966756445 0.13558274935765136
0.0 80.63454285058663 689907580.1805115 -949748062.1066284 -167268881.3131073 1603.1961531204925 1842.7296471010886 494.03341120381157 44536845.24184242 827.6345428505866 61052563309.7944 0.1737927112851361 0.9995082333311043 2.45627424697445 -1.3719944403966482 -0.14283298255503363
0.0 244.82099467349303 156812229.03201294 351651068.7815552 65928129.05154288 958.053300615722 -1667.6653639580545 87.62553180671455 109958520.2187024 991.820994673493 97379240086.90329 0.03346959881093797 0.9993222711769111 4.131774313507025 4.965802662362581 -1.054939656838597
0.0 126.9176134777424 -45413309.155944824 -775354847.2485046 -445807031.7898574 28.55632808404698 1007.2502639885824 -78.73397814566886 75411021.0421926 873.9176134777424 58777304339.97485 0.05356533911865026 0.9997075217214788 -0.9116062889996598 0.8447475795531435 -1.0892495132498952
0.0 209.07785403874686 144190182.36187744 1567233.705230713 -20588888.728696823 -2330.8848618769134 121.84353330325393 -3479.182331659017 112705264.21453701 956.0778540387469 46436223322.112366 0.09756799650209698 0.9846605034291127 -0.38718071907264595 0.05377883177955134 -0.2341642484267188
