Label M_f Ep_x Ep_y Ep_z Ev_x Ev_y Ev_z t_t m_0 |Delta_a| |Delta_e| cos(Delta_i) Delta_Omega Delta_omega Delta_theta
0.0 32.3132267807606 6190244650.065552 16061037544.769104 -21502575270.61548 -339.8341552053571 -4.777231754215336 533.0149735343034 34114654.6687775 779.3132267807606 39194666967.395966 0.10772054922948374 0.9946344615669402 6.055072248421684 0.3227844797327646 -2.476401489894842
0.0 219.52518078391654 -13930507727.681458 4940751417.807495 6770858082.055038 -2.6094128696640837 -45.00000087830631 29.87076807912524 122910152.46062213 966.5251807839165 89753310067.63358 0.029876442886101848 0.9953770952845473 -0.6916957554218491 0.9946793408774524 -4.103595471643907
0.0 249.9508524003072 7372609173.862518 17575922431.484375 11626098374.29187 84.78529233560039 -3.498684213201159 -2.4168620973141515 115906180.84474902 996.9508524003072 65268867658.37732 0.04566248639055015 0.999899408157891 -0.4742157033677399 0.8755037934648302 2.899479156831991
0.0 178.86163360182275 14849853713.161926 9816508769.451935 1928310216.8609407 -199.0425259140684 61.27672412485663 -102.53361178820074 109371002.80482954 925.8616336018227 39658410221.86362 0.10243800701137634 0.9999393504951225 -2.943805969053874 3.3256504766691273 2.2685348467767565
0.0 204.74116126798276 -42263429618.80603 -34681874269.44278 730961637.1125863 -3579.475314795509 1215.9550602048148 -469.21630764274107 87224635.83890522 951.7411612679828 107153218971.92682 0.052194056645597384 0.9996890161048428 0.8213592295391983 -0.9989457831081416 -1.4356947941754568
0.0 60.650075438879526 18099859308.325073 -6212137516.648899 3031082382.277716 -559.4054249060673 -121.19055601913715 5820.282115268354 46271941.322812565 807.6500754388795 77762892299.71262 0.08546725828353322 0.9764820021113185 0.6247761915332762 -2.0921615038794497 1.9571553051740707
0.0 165.8033756369307 -2024413074.4491577 -3889995711.020508 -1841342707.9104443 0.5985400447934808 10.70436161505495 -79.40158537184567 83421765.01808034 912.8033756369307 38875425621.0105 0.04671017508523809 0.9994911447061854 -1.8805884203914542 -4.731019397778193 -2.3942939411336757
0.0 138.83580895721718 16280591843.29654 44494823160.83212 -787523618.6766986 3234.1296997396057 -6020.353068315537 740.1540090052633 68352779.63155763 885.8358089572172 57265318989.04561 0.018867667769091323 0.9996276753055076 -2.133946714199616 4.1022937593331745 -0.2195309569392685
0.0 195.53477920852254 -47085242999.74161 20619218128.508636 -29807856850.99701 15.909906795452116 21.255730589262384 -98.53284382172933 108819733.99097179 942.5347792085225 69455002505.10498 0.1034444167098281 0.9921055641029207 1.6244452155093487 -5.446481223634775 5.6371126986102205
0.0 175.11813563031478 -7931629715.0448 -2274779139.1485596 -4088073463.4193306 -2161.4073085350315 7.942177402368543 3538.404309675069 70061023.69306947 922.1181356303148 22765991461.97168 0.11426109932139238 0.9780455819901349 -1.216109422926764 0.15074061524581384 3.0287711968196405
0.0 75.77135637930542 -18093762083.97113 -74007637283.92867 -1223770097.2836835 14041.32230508149 6737.743215683015 -753.4864056694238 45660435.7952222 822.7713563793054 69702413795.34435 0.011940325722852141 0.9994791940448712 -0.07055132157440813 -2.1649814963128384 -0.7795440882478935
0.0 126.54341449175388 9506686898.099762 -23915498995.81456 1278426084.8557768 -54.556446733997745 29.36344892622219 -170.41643995030313 97999861.88471636 873.5434144917539 4776613145.291931 0.15355052139989536 0.9999605966026391 -0.15191822289368584 0.21070544540163616 -2.8933140464492206
0.0 84.05293970575553 1106981387.4455261 -1893065061.4445343 -1130454270.456215 3445.0257313125876 1856.669524343888 4199.13253150939 45299418.24643276 831.0529397057555 36392246210.43744 0.31005582131781084 0.9917323801969782 -1.7033527050121058 1.9771598310657028 -5.315852632263933
0.0 77.93982554167462 -67337296024.786995 -9368772558.973297 16688160169.829506 40.12581466197662 102.45129688915404 -42.31708519334913 79473085.56472391 824.9398255416746 46135960315.28418 0.39957208052073523 0.9968223542765972 -2.7673703726828633 1.6694290644493899 -4.678057420640387
0.0 109.65827761095613 -47596411347.06549 -25819472112.569633 5547912285.712916 -286.4061863665793 3650.5676695188995 190.7451874681359 70591526.78292692 856.6582776109561 61086991956.37714 0.03794738984365488 0.9996861996671311 0.7897739431913856 -3.740001494870707 -0.9157014710155056
0.0 111.46416655538269 -33654880297.5807 -15322118364.927902 8070568006.714949 -1.0477280530976714 -10.911428043307751 39.27017607177527 62020544.91773268 858.4641665553827 33723242796.91684 0.23550452493940488 0.9998851238587431 0.6922064843195403 -5.9720023048235005 -3.1147059761873517
0.0 175.00639958029922 -13847245392.609901 -13069862872.414703 1040896572.9383471 54.664183289070934 2.0236425861239695 -14.573215551813519 121035531.88334492 922.0063995802992 89176523792.11723 0.013383525579018493 0.999725847323661 -0.29367677750251575 -0.7726559135821421 -3.915988310197177
0.0 120.72365832661899 2794795499.4447937 -7175536503.21225 -45069780645.27461 31.40884486372954 -50.45629269703204 64.47534369135724 77689534.00963788 867.723658326619 56244800235.43515 0.0791917394404679 0.9632531811711367 -0.93740444391254 0.54783213636898 -0.4645185769218245
0.0 159.37785870550795 -95316450510.4624 59317072093.68291 7354681458.42827 -8112.344102585674 3174.6607656390297 -467.23774890109655 86498206.8448513 906.377858705508 83073224942.3193 0.06221023473348922 0.9994817614562838 2.1547375583637964 1.602073402658015 0.8247324662209039
0.0 75.76723345262542 -11552382847.300186 23352065637.916748 -19925300148.26354 -303.34829402996183 1159.7792431833932 -2583.2226565377023 50018227.99160279 822.7672334526254 47646346067.28375 0.057639004762075355 0.9909928040172425 -5.859708741030472 2.5516929567999735 -2.7773070038275454
0.0 160.79865763033615 -4393103072.397247 12025397634.158813 9666303781.46725 1219.1416421477297 749.3443374224371 -321.1482834139348 123298548.57595135 907.7986576303362 67635607964.958435 0.11131175120770326 0.998928421345726 1.2461307100434533 -1.628731873710062 -2.1417640347220352
0.0 252.67373846944133 -10846992518.201324 -2538276894.7983856 4445001406.291498 196.0371067458982 830.5542902529269 -167.31990400870308 118104133.4098087 999.6737384694413 76189079988.6601 0.021900921906305153 0.999467411641403 4.005962794459994 2.148162114277852 -5.007852308378453
0.0 33.0297734075981 764145269.3124084 -30693731369.389297 -6388197339.15205 60.73429451231277 -108.93764057729823 -115.98562450665395 38711292.66623519 780.0297734075981 64212841592.659424 0.04553541594942753 0.9999775409100277 3.6124259267914325 -2.3302995553741823 0.009779059118104616
0.0 178.0998701327469 33952347995.355423 -17046010255.595901 38654512613.065025 -101.26002639187209 -16.71124929920552 74.66441685561932 107288090.68770929 925.0998701327469 27609009749.961884 0.16765536417006727 0.9602411462533822 4.717062759654994 1.9761930007006046 -1.9087211435824607
0.0 220.46217768180782 -22908654739.794434 -15852935379.943691 13533158498.032412 -18.078725155406573 6.066738082357915 2.176670170770649 120117663.08679147 967.4621776818078 76989617353.20204 0.05884659329793976 0.9980639714319975 1.9698717137644803 0.6423581198578854 -0.47414867598738875
0.0 230.61466161571389 -18837945963.57274 -3446169491.583969 1567586152.1958337 -229.5082951845725 -57.34041918547882 229.84807928518615 122144334.18567446 977.6146616157139 69334319472.1502 0.021713632030652644 0.9995537558130572 -0.09806892280780943 -1.487451636072067 -3.2811429393185523
0.0 128.6938753221075 -74612759790.57115 996583491.5117188 -37289992547.78044 2.211481547157746 -98.44773471124245 -45.12883665172333 111572886.44839022 875.6938753221075 40819667641.159836 0.3195730893235351 0.9572616471443756 1.2703189891019988 -6.070907592187719 -0.11822296571409074
0.0 80.7188714148358 10416914110.53363 55787990690.775955 -27625744652.67772 134.4499676489345 -175.37207972599208 649.1870616667712 49063881.8717869 827.7188714148358 10864532675.469788 0.3440434605583649 0.9811769027156187 -0.4166628316828278 0.30004241490315786 2.7446278340494605
0.0 118.60694048175549 6873647233.920654 7949553701.597229 8407992526.811849 1668.318668017786 135.5280940633529 8997.415492182397 52970633.88160118 865.6069404817555 60471455244.06308 0.05016924740287006 0.9400197932914036 1.3167685605630506 -2.9542241569050116 -3.3522621583618624
0.0 186.06562618965063 5287922007.829277 -9852181273.748596 -8518426960.73431 -3.376881359206891 -95.8104434655661 -248.673339033654 95313395.81784743 933.0656261896506 48633362637.95975 0.050184713050307236 0.9995222524753253 -2.3157625562976194 2.865334622435589 2.150207055751232
0.0 174.27370897797516 -10138515036.915977 -1931773469.3706665 26350726360.6603 182.40155820321525 -161.83909891033 -27.836126433437585 75770353.28917843 921.2737089779752 40332418357.8284 0.014584522803012964 0.9773107789763675 -2.167992182509587 1.6020548174068021 -1.675236448528497
0.0 153.37995461889352 16842694144.892899 -109229087369.66779 -8847151587.03495 -2743.375453289569 -6685.678732984055 -279.8907710979473 86962766.06231996 900.3799546188935 111888576437.85175 0.05710034683463567 0.9994661038556394 -2.229789044801998 0.2817256783647639 -0.46250915474362464
0.0 111.96503535214549 -1339207844.6339111 -6142885079.632523 37967223.46290016 -461.3146597830673 -154.74202244444677 -499.5358819819106 72915418.12054491 858.9650353521455 11179523833.743103 0.026679085088046478 0.9956311225821982 0.5931019899732022 -0.4938801248198053 -2.368941149778788
0.0 144.0268709328799 24140991532.326263 -19936445029.464355 20156697015.579464 122.00832407163762 44.09736839814286 51.81573546571781 107020726.91501293 891.0268709328799 115854851052.05365 0.03526207329661013 0.9849977546691169 -0.7726272106533987 3.5312557622767082 -3.574508175784476
0.0 77.86202977548328 -12676921302.339884 -23929254212.47406 -4353376549.65584 705.8901937867231 383.45575364914316 312.57917920038176 50600234.55952009 824.8620297754833 54377213609.466644 0.16677886620685173 0.9992401786967955 0.7713991912791938 -3.544663169746454 5.899374654339539
0.0 209.84653389611015 51707180894.90689 11716849973.159515 -6580407830.815447 2046.655867731065 -2719.5107584356992 264.4822449317411 96729586.51523116 956.8465338961101 105774862300.06827 0.20842193386561694 0.9994454405080521 -0.7831303794593985 -4.883441153818391 -2.1408207238262937
0.0 99.8532711203037 -210361916.41503906 1815221729.121498 378170085.83358717 -6.454876325100486 -58.179324250580976 -39.04810516729709 93527137.92225713 846.8532711203037 34584150437.77438 0.01499184345211478 0.999976500753499 0.2677749471122368 -0.1903468396793171 1.3792266435250582
0.0 67.54697678379921 -345047625534.60504 -142048628659.53082 -877716931.0819077 -5031.775120964085 -14880.286060063187 -439.1502202156035 45759222.39496298 814.5469767837992 241090156755.97568 0.4190584733408249 0.999493033356406 2.5920136771161246 2.1218498232315426 -0.6156333299535666
0.0 111.81018824495891 -5490789085.1161 -26037981882.562073 -19055087898.8346 20.182215715558414 55.81519995994677 45.2226328555322 69232814.76016201 858.8101882449589 71676629971.79155 0.15385774177159406 0.9835954669917859 -0.02944700745267287 -0.8810740201860282 -5.569552108818328
0.0 107.7209565105286 15857840624.648445 9434602046.216278 1803344518.910029 -101.5936926584618 -69.8314985786019 -17.545132983716712 52630969.72797085 854.7209565105286 85200291680.61594 0.05692642692345376 0.9999992598323769 0.29497707726479905 -0.8273011005692075 0.6594567611801992
0.0 193.06878197165258 -27088406757.848633 -28036576201.19138 12668743303.33624 -1.9128247591816034 31.547317206699518 11.527273876004642 121653312.98966569 940.0687819716526 86971060839.05176 0.08467774586699185 0.998788187904306 3.742901293338372 -1.8845321285293297 2.315573921527468
0.0 70.2013975038426 -28236278140.967995 -29476714608.825134 -8893196537.487877 8.700533495790296 21.526419074854857 -16.209493974155237 60001440.636197224 817.2013975038426 50958892574.97424 0.21998768449837805 0.9987008819272502 0.6930165811361134 1.7207956918099778 1.0232376290103562
0.0 58.92578249388032 11625427694.777039 7087307610.717285 25655031925.154846 177.4782835747501 15.833040176915347 268.25966046829444 29664024.367304042 805.9257824938803 35733913320.57309 0.0735299608422946 0.9896730630465845 0.5100941061137286 -0.5500182034224039 -2.7963058423529255
0.0 151.16120393433357 -3093862746.8007812 -18408485188.264893 -2171238500.4446754 -41.64242495995131 58.76168128562131 -161.67325328152492 66214539.53790313 898.1612039343336 73391692569.29816 0.09473382731159685 0.99916668425945 0.6190458638609804 -2.278211104924562 5.730614818103596
0.0 165.57592264961784 -14409552097.762665 49703372972.6367 49161813471.836815 79.40734345378951 151.53927323326934 363.6419604676173 127085668.26019365 912.5759226496178 46735098282.42999 0.11650753742135336 0.996937860083912 -2.940303533763772 0.07227670123437047 2.8873985861952525
0.0 60.05339015830168 7010817335.103622 -13225319198.10347 -8415931907.4635315 551.5027516285372 1216.2637199844576 -3460.3183020888664 53635280.6694667 807.0533901583017 57624741254.8992 0.18468611106241745 0.9928677984723265 5.1040138286071555 -0.9755664327909717 4.373854077409838
0.0 189.9990961745873 -8093500405.998604 -35723863420.85251 -33119514631.303013 302.02658538770993 -56.03036638798676 25.056873780836327 111478947.51837046 936.9990961745873 93783055201.55365 0.08036690390305185 0.988233144668302 1.9209329592197217 0.8623133204176641 -1.057152124215002
0.0 107.33299208486994 126052364465.48846 -126368889884.68803 -8011375220.837671 18516.037532119448 5626.637641987507 394.24461628898996 71463033.9140685 854.3329920848699 89216289466.77841 0.09008651000126834 0.9994937378681691 -1.8805867200659798 2.6589563780636443 -0.7430252338456482
0.0 88.94538389698153 -9835802081.66478 27845521470.701736 -1417957586.5029163 6.8813892111502355 291.26463860105287 289.16824536036825 66631667.221210964 835.9453838969815 36830380743.31879 0.03696147223379674 0.9990033731266398 0.2348912851961764 4.543432069796577 -2.0695170708686064
0.0 189.28744133025486 12264827751.90271 -4748137652.022766 2567463311.077191 -41.54487615470134 -12.410817211011818 16.500790778009673 100355066.81832922 936.2874413302549 51019596726.712555 0.009650690063206561 0.9999997966488077 -1.1020585708677098 -0.9152438948853328 -2.732865979096892
0.0 240.6734354669194 -29880461946.515472 -3794404899.008728 24216179351.736626 -201.62364556084322 -11.578113069530446 182.34105000808051 128490952.98863469 987.6734354669194 101637422794.62137 0.09087682334212932 0.9764053371498774 1.6254886889061126 -0.3429631431684207 0.29710870150372803
0.0 185.52131717982604 324880239.38334656 1217251775.8206482 -481635077.45279455 -83.46656540435652 -73.87490310226713 21.390028687511176 102446695.80644807 932.521317179826 8861726604.562225 0.007348610030015801 0.9998063327504239 -2.6883077280525725 2.402040953736076 -2.7962411016037576
0.0 125.54786362519303 -19835456512.3863 -2362704706.765106 18616379462.477737 7.070116995830176 21.81785758874321 -1.9849345271509264 67454839.18353097 872.547863625193 38826947813.14163 0.15245614832240292 0.9718652860459979 1.2620463760523 5.117885613167752 -1.8676113162583947
0.0 151.12939333358918 4947691490.39949 -12955308362.375061 -12168618175.00974 -55.48941289463255 -15.542555654079933 1.4095891254814887 90338681.4948174 898.1293933335892 79656064239.46164 0.067955614625649 0.996607798185876 1.276974317677906 -1.1961367527755848 -2.1782967699099305
0.0 139.68845125489577 6680892469.126984 -13088059772.354004 2359210562.4041557 11.810522282930833 -8.422220970591297 17.383769346839173 82418771.1624875 886.6884512548958 69375628384.16028 0.07205649029414182 0.9998033171776923 2.251771437780525 2.502340150469332 -4.533307693503221
0.0 34.23346882240662 -45171040445.682106 -37073147306.56381 17518912580.725426 -1911.8226950670833 1117.1339217635887 -2079.3769961871362 49703603.82435602 781.2334688224066 53973833252.32562 0.2527300240461707 0.9961972078230241 1.2687595175162594 -1.8446846575412137 2.1724233400116106
0.0 159.16349362405924 -53103944124.49985 57828537322.90527 -5564756725.069866 34.063161230391415 132.5993214921109 86.26810218192304 76877394.34410486 906.1634936240592 552278944.2234192 0.540066668011917 0.9999509370213054 1.7747799625563383 -1.777058103876238 2.4115572618724608
0.0 107.41318744165574 -3556881415.597748 -11447552154.490295 10060556185.129765 104.07342209466879 225.00949164274607 -2552.1559217846834 71009807.91478363 854.4131874416557 69708103311.62787 0.09116469247099532 0.9985945316182853 -0.9330649205310348 -5.931882246826276 -0.18996974083004003
0.0 32.84758545684781 -131906438472.99532 -235419822549.79974 1641059760.6642504 43394.52683525511 -26806.10834883473 -904.8583616526485 22322711.32558665 779.8475854568478 30914173649.12317 0.1662793443168822 0.9994846878037628 1.706125794654751 -1.0348326045886884 5.296903010633134
0.0 147.68499392287185 24862428219.663254 -20270443873.153168 -3290297528.460811 -6.087331246450049 -72.5268418381529 -52.77306923748131 80871446.5190896 894.6849939228719 51827499949.49579 0.03381593162245486 0.9992439080157554 2.685068475002895 -3.6637383984811684 -2.35874267805629
0.0 44.05178967929419 -34997309573.52269 -1590575879.8583527 -4506141976.066315 311.65962587371905 32.95473208945987 44.481343569961155 36163262.013280354 791.0517896792942 54824475363.06946 0.17076733921368564 0.9998610630365825 0.5722596532515838 1.3658910970212963 4.964335506089094
0.0 48.06446727367586 32702658418.519867 2293443617.336624 -46179740653.77612 -72.3277323026723 174.5371726524063 25.802036766628135 33790159.01619989 795.0644672736759 95970414844.62259 0.11364689400684 0.9821958149394231 4.733094123401493 -1.0189824703713186 1.141091394441919
0.0 163.50958127406955 -18544539003.020935 -21128068574.76719 -53021853136.209496 -871.5970513900811 1040.8979022841013 -1068.1429569438073 105075280.32334413 910.5095812740695 115911315389.63284 0.07229674326346977 0.9589932074876512 -0.8929755674816183 1.407014355080293 1.619723576854528
0.0 70.86208254699932 -10307546084.22763 -86009060298.98328 330849224.27258396 4143.786342662344 13244.356312519149 -977.5959031057697 38541680.80759047 817.8620825469993 81314270542.77213 0.026270291256300357 0.99949674847626 -1.3786940952817117 -1.270469101539056 4.0057532834331315
0.0 182.1932559786702 -8022478299.602432 -24025157004.461243 -6815993923.7482395 -2.142371742953401 -2.489942211408561 -24.083994327244227 89061755.0872958 929.1932559786702 84373019601.36444 0.08249152472968158 0.9997250584050493 2.220009597092301 1.3394400115446126 -1.4061915556672298
0.0 139.7694545210369 -7822049269.939911 -461957254.99302673 6356675026.872712 -16.783209245859325 -40.572561428049084 0.4725838249711387 92079522.37365127 886.7694545210369 91065489279.81906 0.015090447859609737 0.999961592237022 1.0428877308411157 -0.7298841968663679 -1.4579149796708237
0.0 88.35991169514159 3961093252.2333755 -18206113966.480804 -1990159505.3243847 460.3957437256031 184.03878494245146 73.67599073326892 50046097.20652262 835.3599116951416 50613786215.392944 0.17266332037545934 0.9999996321663295 0.03718052177852743 -1.3033862531863563 3.403405765058876
0.0 67.91741294759674 2859781512.5322266 -27067147784.385956 -10254067174.90611 3.16365558468533 1.1474888121301774 -1.9017368825896526 43877618.48721079 814.9174129475967 60858041787.89661 0.1974130479371847 0.9997056812467784 3.338068803246767 -1.8169057150217414 0.037831084436795503
0.0 30.11914205547987 49562850587.765396 -61738159568.91583 -2092960293.4221973 15140.344746905941 13249.791669466944 -1321.5831978702124 24755095.039151862 777.1191420554799 39183557537.49715 0.15686260881523106 0.9992934036155737 3.8476097003118968 2.916131385894518 5.34988149443258
0.0 29.16066148100026 -369167092250.15564 -197233582340.769 -875152809.9080858 4373.994012503919 -16886.765760391412 -470.56385211706913 40983676.239783086 776.1606614810003 176472563658.46127 0.23943920395366802 0.999499593693585 1.3755885593612127 -3.849881399462337 -0.7719862749844731
0.0 183.46277934086493 -28840468094.295082 7758284398.61795 1959743651.3172803 -16.561777478291333 20.6866414153245 15.679184889036947 111934820.57693885 930.4627793408649 77170305431.27794 0.07093547451251116 0.9999987273352502 -0.627124695757553 2.1795022647816196 0.011296021895088604
0.0 185.84010532515344 14039334934.273132 9574202136.986 12475671915.467651 -43.612093150303735 65.91601598140187 -4.3729143041081215 118149907.56689902 932.8401053251534 81925263918.0163 0.03655629273344358 0.9994745625021699 -0.9745967120645473 -2.3285169046454484 2.689145498699406
0.0 122.9152171336732 -15455613563.337433 10833180106.339714 3389057833.5253134 182.21469479991083 940.0625492760628 -582.7044243137047 83138841.24580972 869.9152171336732 57543439119.16147 0.019490461611452126 0.9998118241022588 -1.7893973639091145 1.9339384921503424 -1.6229096919053005
0.0 34.37175823641621 -64523659931.8533 293419754378.54614 8910910191.5372 -12417.460028195379 6490.062490325832 -156.44096671763083 28419880.355989818 781.3717582364162 99116163376.39706 0.08905254873908994 0.9995687680433522 2.959643381397726 0.47665739802376805 -1.0481178655753374
0.0 161.8040201420729 -22932860107.837143 -6588332556.761444 10273050251.463993 76.16101234304006 -71.08387668213254 2.265719848181533 121910474.42164952 908.8040201420729 126007957429.24295 0.1688164688559445 0.9999947563552253 3.7292912792807362 3.2978861281549285 -2.5469934494895856
0.0 230.74744818467013 -51874299654.66669 -29145587104.893265 -33351694117.257725 -175.04256911602715 39.13526268998976 -211.1344543723693 127571445.18401916 977.7474481846701 137441712829.47336 0.29655622875582716 0.9912453206884707 -4.634655624523052 0.7516406934671807 -0.6095849491534733
0.0 47.52471209055295 -225627284334.58377 263853446072.2518 5188812227.088141 -29948.12818981944 -16764.862893180765 -279.17547841605654 37384362.321643434 794.524712090553 77232132027.35355 0.04208392436510716 0.9995366580815233 2.8309634610095036 1.396800882994511 -1.0955872734365835
0.0 201.33645961789034 -10372829850.029114 -21597866005.963745 37903456861.87944 -390.67208207738986 73.77055617251972 313.07463369731715 110793616.56097959 948.3364596178903 112815667920.67517 0.04379171464198259 0.9821413204023549 5.566904863074482 1.8138298637369308 1.4818435796049776
0.0 34.443340483438874 14357564839.332848 -83361984575.65738 -4539277751.711921 -9564.169911161196 4892.518497953828 -484.78747993078395 24890528.404161066 781.4433404834389 84008410998.35245 0.06895374853888292 0.9995884165178475 -0.5177254351132647 -4.566187678530394 3.8617263888450117
0.0 187.1010492431859 -6890953237.541489 -16378770874.470612 -13077718046.501492 132.21281903346244 43.549227653499656 -112.8430759499297 84043492.09090346 934.1010492431859 76976224334.57742 0.09740988476585163 0.999717842103634 -1.7295085292228023 1.1665964693826516 -4.406225680937803
0.0 217.59923498534295 14999282875.775177 -3845275478.6658707 -9021627106.515476 2.728167078171282 36.35852629362125 49.879708917080734 106243759.91704108 964.599234985343 62718280261.543335 0.01591725934421289 0.9954039363548275 -0.401463742429113 -0.823470409565499 -1.2298143122567105
0.0 43.25861850153683 1162793988.3732147 -45835686272.11229 -40360133205.30942 95.9427685451301 113.049493066781 97.25799297157482 28803569.23679637 790.2586185015368 97927274751.6929 0.22620525147799872 0.9900706573723158 -1.3219876875627898 -2.8248554262032193 2.8785348272771554
0.0 205.63589176936614 -28138683806.499672 3267710110.505707 35726415993.872215 -37.15050971152232 22.732478759922742 154.7851981642224 127312495.54251184 952.6358917693661 92910912735.06729 0.08881228252579695 0.9775983697968766 5.097500097774943 0.2195981923802357 -3.2396620615803116
0.0 106.75785517951113 -99725246580.92789 86535477923.29767 7713422668.011085 -8684.794676201898 5217.314496388244 -332.8206690074028 81331133.40509024 853.7578551795111 79084291770.03253 0.05616449755128325 0.9994972866918981 1.131316740861065 -3.913335865858358 0.5504234893344172
0.0 75.30449078687309 -245233189107.4846 -82783739960.6997 -4728582903.083226 -5649.935138965895 -11076.349171610327 -409.2422475334091 51395428.59269959 822.3044907868731 150299775077.75723 0.21407877331315397 0.9995186531609833 -0.43354116068135207 -0.6703142730520911 -0.23456145061589093
0.0 100.20760132643136 6741386689.068207 -845892790.119278 -715380675.558666 -201.80490767585798 104.39920311281458 531.2613017151156 71801337.88569716 847.2076013264314 14708537670.931305 0.050656873342313696 0.9998241431885097 -1.3081445515259715 1.3166861094858326 -2.4535393936734526
0.0 102.07152980803028 -34645863469.48018 -29905194836.465027 -2892997973.2394753 -5.4809674214047845 -6.770995788945584 13.64816354582345 119585665.4776484 849.0715298080303 13798610044.155548 0.22040112206240262 0.9988019011285958 1.677625402509066 -2.048319692581729 2.3682629454141404
0.0 163.0374650822855 638742591.1490173 13964921853.964386 6857868652.042197 -5.584984521963634 -107.49891930100421 -89.33826171902628 98066742.28353518 910.0374650822855 83481286657.99136 0.03011758485790207 0.9999837143108373 3.6110798918765084 3.115260465668982 0.7685092534571213
0.0 159.37726235033801 -3719268002.4348526 -21222859120.788483 -33708883036.161896 -1096.5881034973136 121.71981597069498 -575.8984713047168 80106469.96183906 906.377262350338 90792537068.00885 0.011637559461548895 0.9789732909343662 1.3190922784632717 -2.1740336470956447 -4.43894165143049
0.0 108.56275792507824 -3530085329.375477 -20815915968.437866 2892327157.891182 -0.6176333726580197 1.2339600580598926 8.67083670296114 68767762.70909174 855.5627579250782 72575808062.51755 0.09503534764743517 0.9999163395797687 -0.1988159891653105 -0.3279229895732465 -0.19672167306420585
0.0 54.69403133758499 -257839705304.60858 249288482183.0298 8523084873.134727 -20740.27307725587 -13426.789925704845 -464.914619816754 34646119.82873533 801.694031337585 84424443626.8591 0.04781246309094889 0.9994779792940798 -1.1143173562186788 -1.4034701127035285 -1.1304770624478346
0.0 244.7495221480748 -38238463828.63109 -27563719672.678787 8163290037.403618 -2.207978528615058 123.25121325146938 6.702461792195749 118480042.91823637 991.7495221480748 81159692141.70154 0.2775822593112211 0.9994425100563227 2.5126780813842333 -1.7714075026651943 2.707486427222819
0.0 28.13044750717097 26212699411.780945 15940404991.266808 -4681683364.076835 213.43420627396245 208.31943381763267 519.5050332626902 20424700.50900646 775.130447507171 60835984219.12891 0.1639715137333555 0.9995733619904497 2.9483864062974576 -0.5529312978351777 0.9374944414490025
0.0 74.61940613898832 -10976951842.477432 -1528334181.130539 -702263904.4962947 1913.5192300417257 -439.0238645250229 -1135.0934290007008 37666490.00835911 821.6194061389883 43912661165.61536 0.13156646134569797 0.9994927057099039 0.7706687198959535 -3.9153199193652233 3.9679760500238674
0.0 131.9677415865267 -18354695383.13218 36652250883.25256 -4414699048.073941 -12.724324866176175 23.97002102406259 42.24459635171752 64514776.42234176 878.9677415865267 48797052976.07745 0.30195774671349657 0.9989735722586953 0.26514282165156033 4.549513355736981 -1.5737439457500324
0.0 162.92180003985357 -8186963602.37117 29449794954.875793 3781769113.0640597 -56.48082087838702 -37.19073142062189 115.40508944385022 113813098.28170058 909.9218000398536 67316151486.85928 0.10726336485740603 0.9994882725219238 3.269705522417506 -0.028055933271909028 5.1406853140799225
0.0 101.17729810849926 -42491979313.40196 7754206067.915802 -43746390535.54593 54.19221059116899 44.333236380040034 -19.649473274596673 98922908.3168152 848.1772981084993 66234649741.14746 0.0685122677710345 0.9840825080965381 2.5878483359730717 -0.5213145737805129 -2.471177252223737
0.0 44.24369393210429 -12496524265.78189 6105463503.86496 300554322.75736535 311.9321887982733 -424.41844262744416 -1373.9130659911223 25776948.123727452 791.2436939321043 40469933502.89902 0.134775212888357 0.9992944546313955 -2.4850022976368926 3.104125583596353 5.596068695676786
0.0 80.5794507178889 39874986886.03998 -20941810568.139435 -18774137820.350586 -1549.497123110148 -1808.4561370073825 -8.695410711063047 42573884.40052852 827.5794507178889 87194902606.66568 0.04335058143983754 0.9987465039141064 2.834995087339461 -0.7226041557987393 4.96179739165539
0.0 200.3423198663097 -10733522853.603058 -7116898332.351013 -2402226715.9804707 5.168234498118181 -55.39664946207995 -44.63905385538868 110469603.67063813 947.3423198663097 101259300099.67569 0.029321316667781407 0.9997099744374687 -0.4653227252626189 1.7192752457947589 0.4437853573279365
0.0 192.15830088341409 -27680458165.043686 -2495351401.920044 -3059419919.7124033 124.3131186514147 -73.89891526864267 -12.394484364076845 125976087.74694167 939.1583008834141 52415285458.46976 0.13052709019689138 0.9999995336531349 -0.039524813897894195 -2.9733928124956632 0.2659167020417934
0.0 55.22158666978248 -39974143077.23546 59006132015.5132 -19773097019.128494 44.09627247252138 41.85267137183109 34.86354188063544 38644933.65764144 802.2215866697825 29633814175.59259 0.34883561697848486 0.995835528945542 5.204258266567029 -3.4530516946006755 -2.486445144489697
0.0 230.04726068556658 -7361653985.027924 -27484651295.120544 -18851704119.1324 15.099109399678127 -72.1282628102108 13.688623990014435 119052264.51409598 977.0472606855666 93255038583.92648 0.010818950067543506 0.9995044977150885 -2.4846424747496303 0.21993025379402797 -0.46918779545507494
0.0 40.981284847222014 -1004234948.2702255 -36475920154.790146 -1966921951.7410805 -2172.281429212857 3719.7470773493405 -766.6864787225036 26635264.520931948 787.981284847222 51784250051.60353 0.0517509043487607 0.9996115766296859 -0.20746476504867706 -5.7244671874330555 5.078653859442822
0.0 106.19485561209183 -39806911183.12158 -25169230501.70175 12428930981.637331 -140.5967959731861 143.60020989167606 324.91951742337125 62211884.23448758 853.1948556120918 33320811019.3089 0.04329206356888085 0.9999966509618033 3.0032050886300206 0.03310527568213513 -1.8458434979843958
0.0 42.360559131983905 30538508190.53002 -67540548378.316376 -3781836678.716695 -4619.872953397513 14222.850051630772 -863.2331779121606 24269262.488944724 789.3605591319839 64795893719.09703 0.03014741127362877 0.9994109609550148 -0.016932681035556674 -5.778405731622328 5.199650378566982
0.0 139.1981674850465 -7644285941.328419 13229528638.444885 -21011825145.78825 6.6389518010291795 18.220397807786355 -76.0041276641898 87630313.3910732 886.1981674850465 71710396524.03369 0.0161198487635575 0.9826482370305236 5.740508239416943 -5.076671974543021 -1.0850405626262614
0.0 123.66275007817399 -23565981152.532593 -4357637736.091614 27936502432.829536 1542.974997040652 -66.24743522476092 -633.9584420221936 110874428.17381388 870.662750078174 18402843034.286987 0.23592912724227968 0.9836465715922365 2.3628055200296414 -2.758153671469982 -2.8567695272594937
0.0 32.182784237270766 28217467409.36 45886657005.35365 -3385186015.012622 35.25895196231795 16.97958590943017 -8.928074300286994 34734134.88649595 779.1827842372708 28114581435.395294 0.37747137482527815 0.9995374726212986 1.963460797888992 -2.6166015692949873 0.20013928774010026
0.0 92.00050888901626 -45125558805.79964 17742829891.956085 -41012467058.38971 122.42854787523174 507.0715418624495 2658.118420712752 53580122.426141635 839.0005088890163 35608586395.40958 0.28474308234854906 0.9634960915462312 -3.828120479528129 -1.6041213111193438 1.6919451475712326
0.0 120.80581054683705 10360703803.494598 2874917261.601761 2482093820.1967688 -23.58174046203567 72.42880544102809 -40.489985642034696 77776191.40043935 867.805810546837 71541922446.77628 0.039740461493488304 0.9999994539807021 -0.9684913230506194 0.2098532765767347 0.1829843969309637
0.0 116.76003518534083 -40399641486.26942 25250343922.434692 -31890834238.15882 118.01239739656376 24.51126394331004 78.40614175396686 57416720.79917062 863.7600351853408 43572573401.49823 0.2740662208399432 0.9688902973144949 -2.763633369885017 -0.38161260224227195 0.5160507291736365
0.0 52.22470590873843 2963768569.4249725 25738926971.657043 -5367780606.378227 52.864090212871815 55.63885419959843 -25.048527994189897 35169138.820626624 799.2247059087384 66245712076.56119 0.013152243726471252 0.9994152572207948 0.936111408892446 -5.3576390117009955 2.8850731786813104
0.0 79.13817987439575 -19250438250.060913 57695160024.03255 -6189411283.270968 60.58938073726313 120.82772284687599 -2.8387004977151378 38712634.73985025 826.1381798743957 37614683864.10379 0.3641876592764483 0.9979912044126211 4.3801628013115 -2.9248539363677515 -1.8815255067380514
0.0 162.34449300970823 936089659.0563049 -1353250127.9145813 19372460.085884094 72.74911739263007 256.7441092685731 0.5770335360513741 84405390.38104747 909.3444930097082 57807110610.802734 0.044197836636834034 0.9995223885236203 1.4230717126956756 5.345578197456733 -1.8014204981223902
0.0 34.620859305613635 39239614550.15462 10583638220.949028 -4116945894.6833425 -2412.6318547220217 -942.4091082581508 33.439182809893495 20391933.256781835 781.6208593056136 53941324448.69356 0.16637740546130247 0.9996247115032892 -2.290211892707119 -4.741305246980261 5.054200039081152
0.0 192.05963859968688 25989239485.99254 23841290953.770332 -17174764095.663786 -112.69678417638806 -133.76854871023534 -50.565538157196926 117088092.76992851 939.0596385996869 70108506120.73447 0.08943718259688553 0.9998337835750409 3.4714213327670085 -4.873267264825792 5.556666595950359
0.0 162.7871707492909 30248954433.74182 -17433966250.138275 -30077827658.56146 44.4876253577786 -78.53948923409553 -104.54781173482212 93226480.18370731 909.7871707492909 28786144957.531647 0.13571569215630488 0.9914592148967449 -2.1635098848535503 3.0820921485878303 -0.11227853017261413
0.0 122.39817983585021 8432389635.713165 -9594191445.355453 -15522862823.046492 105.11889580331263 -73.63095692740535 -22.222579518187217 84591894.27148256 869.3981798358502 56971275897.71362 0.04008854246287244 0.994835954573159 -0.6507795852441902 -4.400081034149739 -1.6521380945440254
0.0 134.78719892093306 -6243642171.350204 6235861798.047089 14971331922.216202 72.74469526993198 275.62964195802397 -328.8804817461507 75642751.08864504 881.7871989209331 43762294522.18817 0.04637952226889051 0.9909938605165909 0.8812860191241483 -1.3931627602449286 -1.9896925005969341
0.0 230.37594095514476 33593654850.700867 -5980085945.902405 35967554826.05968 114.18654273481297 -84.73451871192083 64.92910680143109 113213460.55122346 977.3759409551448 114797556855.77585 0.10360189817942637 0.9691015908995616 -4.535176208189505 0.7103742348131915 -0.6576079580735715
0.0 263.4461690675653 29983909395.457672 984030195.0372772 13199327631.377361 334.9842481648193 -21.079657322559797 -23.641627862121027 109480343.10480344 1010.4461690675653 110905367386.92917 0.17527253305449148 0.9926800056309791 -2.0498267519078297 -1.2952661056126813 -1.7388442386111562
0.0 149.3796704592711 36822708054.76175 6168660496.868904 35305320300.07808 147.32261586525578 -1391.078221609714 1850.142588410006 100376695.68762249 896.3796704592711 95930979957.45609 0.0778666419105857 0.9762087035081753 -4.146549740471343 -1.0685193310509282 2.3983014425620373
0.0 27.50368175109884 38881421927.98895 -9682598553.138077 -6467353383.2264385 -1754.3879874160175 -1866.1003894228088 250.1699109560519 31693620.270997513 774.5036817510988 72948558100.83354 0.042724532491277015 0.9995503263432624 2.1411246401067507 -1.2669624679696563 5.125894219364777
0.0 155.20416032409594 -16959455975.163177 23851755088.880913 24924620848.517876 -7.821544328799064 -56.43628314304806 46.43501716092305 112964405.58438984 902.2041603240959 91043322886.60855 0.10982715881924801 0.996916774959421 -0.7340112280717839 -0.3147056582220782 -2.5970209007364584
0.0 67.25858610007629 174271240.70593262 42522200834.10564 6795265776.207286 254.84930682067625 -264.6992608233886 -716.0918750129453 40782238.615916885 814.2585861000763 23494444705.142365 0.2501671665928216 0.9992610518937666 3.912994505053326 -0.23280981457215333 4.339235374433695
0.0 95.98409584202932 -13963568837.572632 43060264897.83476 -1990320309.2438824 -19.325135847691854 -7.513000899190956 7.011760708616833 102306197.12272215 842.9840958420293 46870618726.70476 0.26116878487768 0.9999121894675483 2.5335870398667213 -1.8093526758349272 0.0542124864550102
0.0 40.15543123348675 19798372265.32785 -20139629314.591736 -8967601051.073875 -53.90943073623566 15.477256864403898 -8.395461026785597 35484254.5127997 787.1554312334868 71519618027.14767 0.17810569269137502 0.9993540932248709 -0.8717854073818692 -0.653526120090987 1.1614061331683554
0.0 242.8814632584921 -44008371467.270035 -5524600810.519897 5894407647.767194 -42.8033169502487 25.108798465924338 15.345190727743699 113746638.93979254 989.8814632584921 104834224734.2012 0.2717218693188939 0.9996284958980197 -0.8287820274313659 -0.5493608236133861 -1.1933304110514236
0.0 86.32381200634029 -2017516911.9588623 38140039979.13652 -3954180093.439432 -36.130359227070585 82.44483378246514 44.885329398458225 62880674.07906966 833.3238120063403 60380601328.641815 0.23475551904632577 0.9999969573659346 0.34398067232772284 -2.486094767472177 -0.760870068642957
0.0 177.512681829901 -42226677908.847336 -55470105232.78456 -16175353921.117613 -3755.986222253534 4452.875252647193 -1933.022147962538 101751282.93223514 924.512681829901 90599059897.2873 0.009097473953887145 0.9854448744178071 3.4010098663900097 1.1192662974544434 -5.435348560666396
0.0 176.1940027671203 -14808608931.514282 -30446216070.728966 4108857038.4668765 -67.92834905649693 49.56338364358817 -62.38078030289959 128787099.38550764 923.1940027671203 137609709009.61108 0.2501320247260093 0.9999470987573063 2.64609356220933 3.7378788545011754 -1.066392507737842
0.0 233.24774760317996 -16238283606.954248 -3817538833.2895813 36511429725.06778 -32.5511961712582 -30.025421042325945 -48.91859123486296 121374619.46685126 980.24774760318 89958510963.43347 0.09694672092241374 0.9788378126417331 0.6936346815377763 -2.339762963359316 2.4588984473954905
0.0 144.70594369281514 1983599939.196106 -9872378448.884422 -34320165490.505836 135.82274555288495 -137.6255292655187 1892.06199509858 71022692.18710442 891.7059436928151 60368307037.75018 0.06285172540961168 0.9722129574704063 0.798877990128259 -0.9563261561693186 -2.1655500044486375
0.0 185.4396392099411 17673118976.706085 -1094558674.9686737 -748886359.517334 -30.64188621152607 103.36147885103856 37.09703098013824 94165961.70796409 932.4396392099411 69399496625.42322 0.035307782280197146 0.9986685790325044 0.1628921076331823 1.2767032806965084 0.46354071271555547
0.0 73.88762068242954 -31469519974.087723 -28467821310.760162 -817933974.3864717 125.27617267236201 55.54963185705765 -59.66683966223184 44991524.95419199 820.8876206824295 75711933159.46118 0.050045934448436274 0.9999999269701323 0.14017370023761233 -2.40026516979943 4.754934802990579
0.0 121.62181536097683 -23710639922.059937 29797727296.17234 989940829.5534406 -190.34597646000657 1820.0381447954314 501.29091763715974 105665071.82509446 868.6218153609768 61780321773.77832 0.059802152834467784 0.9997898059721506 0.1469331782671136 -1.826374920277285 3.4626020392297026
0.0 130.62456911924983 -15421838252.96112 -9464138399.36081 2817034290.5078344 659.8480815472722 -376.23934301330155 -1047.3036054074855 96348135.63648036 877.6245691192498 85922350183.745 0.029900281602643977 0.9935190692642467 4.872120229581631 3.1290293359538595 -1.347995784990163
0.0 94.64893405314376 1648476562.0097198 22742411867.1476 2874927435.4216824 37.625447375903605 154.7204574034149 492.6075894747695 52704578.06252624 841.6489340531438 62514005892.23505 0.11028034003916745 0.9997591015978299 -1.0229352259788755 -0.7743814924988871 -2.835070483245238
0.0 136.69566906809348 -8320830659.620392 12600215381.208786 -2965802750.8401732 735.03616923755 53.986417398031335 358.4985593901675 75659319.46698228 883.6956690680935 30461659989.833435 0.13446903928969317 0.9999845987964855 -1.2041553691557587 0.6955874566425517 -1.970735071944726
0.0 89.64683738542703 -20859725731.089783 32443800956.054016 127789060.2589519 246.2025723926272 -114.66389956233616 -784.3713217394438 50015681.389418624 836.646837385427 28813578691.44162 0.25829086882703717 0.9993262090960892 4.045512530918843 -5.3042102066543055 4.7373302788410925
0.0 57.90991283995288 -21684554553.862984 -28243302963.04535 -3213503987.090226 -533.9562119887269 444.78352122569504 -880.1679271546177 41734048.63904032 804.9099128399529 65908237791.78113 0.043779685457998124 0.9995589325473203 -1.906416268593233 -1.4887630601232256 4.870615411017762
0.0 191.4873508644365 -19506412496.123672 17265632510.62712 -4396155263.358831 -2.3871034754283755 -138.91981423140533 -12.072519009911275 116336236.42571776 938.4873508644365 130972777856.75238 0.040868446089960625 0.9999981315119791 -1.347735996069031 -3.836536723274817 -2.887053353033292
0.0 122.88861203225645 44789486257.95598 -91722454858.26138 -5017742841.627553 -11232.721131195736 16021.617065849814 -581.7430363862256 79213555.2353563 869.8886120322564 42999906039.61998 0.1041803401492194 0.9993652128989394 -2.170201009478876 0.9289270546142745 0.07348175740451302
0.0 123.68501963044889 -37400097202.29047 -12887137467.019836 4601098872.622061 -829.9680627799862 2650.903519004143 -22.36568347450708 63459107.006864384 870.6850196304489 55822485316.407074 0.1842278291922627 0.9995692769761709 3.75488040409053 -1.1080754917108744 -1.0006832465878235
0.0 110.69932929766401 -83235793251.23276 18638608115.765427 5609300073.073481 -1445.8573069843515 6929.499606933212 -464.0119821582029 86148997.94878687 857.699329297664 82626592694.13504 0.006013430287549026 0.9996895278912302 2.129549206723839 -4.52613706554624 5.9114964597140025
0.0 172.9276965385675 -6580245557.792603 -33534438381.234863 -21953717769.727882 84.11674692363522 22.74779969454721 100.70313455888544 108174068.02927609 919.9276965385675 87928226514.38287 0.01789591913439674 0.9971032549076291 -1.520855345015012 -0.8401206058586685 -2.5347737028118416
0.0 86.84967951663293 19148891729.707092 1041997469.8034782 13719342368.273285 16.01602529059346 -17.95901794623569 31.829039033587037 76290650.51834309 833.8496795166329 75417369398.97787 0.11472247385963967 0.9997954542897144 -4.315916856502314 2.222205011137906 0.9313911165906743
0.0 66.61586170887244 -58699608485.43622 12657012238.90506 -12533521083.069506 -4.323681315421709 -21.39497183080516 3.619476566884032 63907515.78544495 813.6158617088724 38958583318.372345 0.16900042229974352 0.9988220378274648 -0.5440234222445365 4.669998760363976 -2.0708762765966475
0.0 45.21688458659344 24811911284.0625 -88662888.77013397 -39155876436.18893 109.43397237066392 584.0230160098436 315.3648830291272 29895724.85548392 792.2168845865934 82161103096.84668 0.14413763010523462 0.9888697838106406 4.566688829496593 -0.4534943225049579 0.5700990311345546
0.0 102.29022735623414 -28359703351.692062 -20062691759.377777 -45878822405.713715 -115.69203615559672 73.31510399277795 239.7680270381166 66267996.403530076 849.2902273562341 23546274613.677643 0.1534838083671293 0.969395906431056 0.1688307963716975 -0.22361606679473472 -2.9361958848031215
0.0 189.02066795270457 -92398393326.8049 6111888076.623718 18327348960.841953 129.13574693911505 113.42307916966274 -60.889450164684604 97687205.801256 936.0206679527046 13013377697.761414 0.5304273637241887 0.9994765737791005 2.5930149661698962 1.960921039264389 0.5278888822900831
0.0 113.0402533829473 29118579522.103043 -3293901706.918518 -5089314774.057933 -4022.978652308482 -4967.403840899522 -375.5540317332542 60706755.31754458 860.0402533829473 10941406681.074768 0.2828333242187889 0.9995237981440173 -0.5261338473053265 1.445891092679188 6.117955787503238
0.0 97.4019564320729 -10383811864.20691 -16575268315.635376 237736917.66535604 -4246.944525579564 152.14573429397205 -578.1624245185499 50795166.97488971 844.4019564320729 34335798737.445435 0.1339889200525781 0.9994757332699408 0.27377108855008636 0.35940558639320197 -1.6596107984307353
0.0 210.91077618166128 32333505859.819702 -6270821296.018585 12370353338.200516 -152.45572781900773 35.961786262556416 -13.165714258781804 116760009.33361776 957.9107761816613 113265408412.51907 0.15704644629679246 0.9996797756584641 -1.0083291006127812 4.051556510512034 -0.8518299304195518
0.0 118.08332714957305 -54971439180.67222 30448681814.473526 13057369347.419647 27.264517567902658 -29.19705045023329 2.8915020967685905 89075602.19142 865.083327149573 36257663638.383026 0.4145078352396908 0.9998898174440771 -0.6697556781812247 -0.7932482010800515 5.578748243425826
0.0 32.18702534060458 104093145484.4474 186936664792.8944 6776428156.6188965 -13502.554004108115 17010.347312796523 365.6607002009887 25054861.645493027 779.1870253406046 51971494975.430695 0.0718509656702698 0.9994651782596049 -2.2430609457312203 1.189178082820131 -2.967631140706615
0.0 159.47476166455328 2161064054.605438 4916954182.817886 2185382223.456791 88.18626661986127 190.42708292011957 295.75617068422264 85867350.48781925 906.4747616645533 62426784787.33069 0.010283340934618468 0.9992168536078075 -0.7010845745335621 0.2249661568556287 0.6478569436292753
0.0 131.4706962750082 -29822620505.34738 23209476832.839233 1075218618.713131 1976.875050327857 1727.3569603472497 176.14045126561615 94953046.29224716 878.4706962750082 94708801203.0336 0.11615875438059327 0.9999343999921116 -1.2443397267578273 1.2152089829869002 0.7359110599656234
0.0 78.48762668285872 35344485257.66531 -35313233374.247284 -7786399210.728166 -8.995260975039855 43.3464530180172 -10.958481803620543 47579588.78071491 825.4876266828587 93361134273.37753 0.14401002624646825 0.9997685999309418 1.6981475126633154 -5.72072738168543 0.017785301295094147
0.0 71.62226054761072 -16097202442.05326 20267579365.552246 -843649259.6991377 -4.1453825777171005 44.41752969328263 66.62911967398836 48981539.48326145 818.6222605476107 62023580850.64502 0.048798405825319524 0.9999814066442172 -0.5760787524956532 2.48837175690926 -1.9920975624574293
0.0 124.50664862738051 10391062832.712463 -4789517325.121323 -8181634245.78519 6.12274126468219 2.7756734054273693 -8.679507490626293 82137326.1474916 871.5066486273805 84295838513.78937 0.07666577448360865 0.9971567733065276 0.6916960533875058 -0.4490387051227881 0.4470645740299184
0.0 69.8313099134615 -58796294376.31146 -29576632738.237366 9191356372.834969 263.3305528790115 475.27364677617425 249.83988263905593 41088452.51645728 816.8313099134615 23279697949.929626 0.18209787192901544 0.9996087664921738 -1.3214828988714422 -3.830621213762189 -2.733751148363613
0.0 152.9796658517779 -18698632002.609314 1559432942.8551636 34028619267.613396 477.81730712975695 79.46285141942735 -610.9138618960433 71847685.6641424 899.9796658517779 18585076881.704193 0.0791502639312576 0.9721674347972225 2.752268166983952 -2.5008130574803906 2.6684900671427267
0.0 155.96914284837362 18355790333.298737 24135072463.97285 -12953097946.246681 -35.682188277196474 226.67217365770193 -151.46435319045065 117268223.28783485 902.9691428483736 76482683193.69345 0.11853426058815633 0.9931018495417503 2.169078858921604 0.534746551112885 2.6738679399052465
0.0 32.387134822870735 -11532957738.546768 -31652472027.762802 -3792335776.695259 583.1396121224607 388.9512921033074 -186.57675455575492 35186793.97638029 779.3871348228707 69532871842.11981 0.2859837449837898 0.9996573344437013 2.388761147857217 -0.7639365496272585 4.961911600740201
0.0 135.59165256439576 -34534510522.4783 20258946111.1363 953727098.1011133 -5.960270814139221 11.70761103571931 6.981572040593733 118555651.30164701 882.5916525643958 95762944195.27966 0.2170612860438586 0.9994898892216184 1.8930858570009526 -2.097492097650444 -2.6934354894101507
0.0 156.20101222572293 4401085417.130829 10526165536.679123 8479507608.929924 -16.19926163924356 66.01467346958816 89.49912424485916 90496532.77493632 903.2010122257229 70574316964.21985 0.07755383184075279 0.9978368599069632 1.0932895796530762 -1.7604020781857008 1.1903537473512138
0.0 41.1598930802071 -26816941749.889915 4494814579.956329 526317907.6330731 1921.6145568232168 -244.5187607533444 -224.4368213034407 26873515.746496126 788.1598930802071 61758350832.26605 0.3077651870696982 0.9999657017735565 0.7019342331610872 0.17461903270512869 5.048458727355484
0.0 162.82519567736517 -26510726514.725235 13330152758.917784 1764595548.682878 982.4603001234773 2883.718582822279 -190.8856353279212 73536103.42435394 909.8251956773652 75227992472.48222 0.09477660513849108 0.9995670777161285 3.0583039343523835 -2.5181394955078886 -5.716761205589934
0.0 78.39262372184919 4867787778.00592 322183117.8964386 -2632329115.6894016 -25.402256984124506 276.5348082116034 352.06495896636756 64427510.07784627 825.3926237218492 26842385640.94055 0.014113026475388507 0.9999922687954829 0.1479853697221467 5.827251934377752 -2.896074623734387
0.0 100.53807882713022 160109337418.42816 -87968724174.22028 -6315834844.32247 -1985.5542471958543 27548.82612181484 -295.0317528830435 63195843.240901105 847.5380788271302 79541523252.66492 0.07402532414626573 0.9994832474892595 3.9195583261107694 1.1611471869976127 0.10785372123959869
0.0 60.83559484506395 -5503133159.274582 -21104829482.071136 6800532271.063278 948.0271225381039 350.77988225987247 1585.7110540661229 38230068.182055004 807.835594845064 57755372770.995514 0.19538283586119426 0.9978028457385062 -0.20438723464179265 -2.641646151337877 3.2659829561147125
0.0 139.90676249849776 13684141754.875153 31267588685.93181 -2692416055.345356 -198.15606759908405 -456.50969482425353 -14.114499833799016 83361748.90689285 886.9067624984978 28749933293.99585 0.0028204986101485197 0.9995566363979582 1.2650047927350045 2.573218523818573 2.3094850505592053
0.0 96.52357862687643 -30124784423.97213 -2509909954.152008 24055404103.431087 101.15029180851707 -116.13079723075816 27.071732900368488 66015061.80168496 843.5235786268764 31070700684.596527 0.17390106672994116 0.9784828103217293 -1.9059623170175126 1.9507919399848586 -1.8710270215928997
0.0 130.32479343961938 -4695933333.824028 10583346197.838623 -6994165168.221539 -12.787902508163825 28.129355206858918 -43.50843898467656 75325338.37132488 877.3247934396194 67331127089.42529 0.012147831263388767 0.9991308594813513 0.8602505863202494 -0.493430477942294 -2.1788637476277954
0.0 128.5134218267898 -47523606126.86316 27039198184.423065 7222792601.656954 -565.7340004565103 4927.491142777577 -135.11690971075063 69066392.51253092 875.5134218267898 68756430613.38916 0.03639134805893459 0.9994917920593378 -1.9977575777777592 -1.7797731286560836 -0.3050562852403591
0.0 232.06705150162566 14016762312.0383 18205433600.005814 -32938545625.30657 -117.56666037858304 -555.6428042445732 -9.8804073138474 100015388.31024711 979.0670515016257 67978541707.85083 0.05954277232885183 0.9621683925830773 -2.244395187417233 -4.978021191279396 -0.9979951586838194
0.0 211.19954161312546 3556586315.963875 -27296050484.000305 49075384169.05887 120.2586841579905 -341.0321277201856 -125.89793450697042 126609367.39028732 958.1995416131255 147834658869.71808 0.1361316738968834 0.9622524479882644 1.6810927369296789 0.34102007534202683 -3.3971924284611186
0.0 90.75959310275618 3945022097.346527 -22070660129.1212 -59349302908.316605 -29.861299943591803 53.378053713378904 105.3725724229781 80652458.54380192 837.7595931027562 62073489403.817566 0.18469865567471566 0.9577568268470239 3.3689466400978065 -4.004322090255028 0.8776684550649958
0.0 23.360251895925558 43812197383.33859 12718774612.40799 26901383206.33312 56.09709988788745 44.76292469762029 180.40213730639206 21271469.676875636 770.3602518959256 16357845899.27655 0.29271486104598865 0.9871581512997044 -2.2077644618969603 0.9628940018126341 5.403105639919088
0.0 270.1971023415382 -314054514.1867981 128280984.56582642 125186227.16449738 -76.08920243665125 125.84604005250003 -40.33604148474751 122164883.40094912 1017.1971023415382 80501424692.53741 0.04837529494692627 0.9996231903557096 0.9847279500912265 -4.4093690794885365 2.3495111284796573
0.0 154.77794882158537 8566327796.326839 -39229950842.13983 -7726660336.924404 398.57435230669944 138.9944767130537 104.64944801924503 105789823.49919009 901.7779488215854 108440466706.31271 0.03315323389903757 0.9985534599391681 -0.7822239566674023 -1.6490526771511438 1.6256327590045614
0.0 60.07181822756354 32341129755.568245 -92067693423.58463 -3530944893.890478 -3733.336785398289 17823.6782200824 -743.3755604274237 30832313.769416742 807.0718182275635 96791916935.98268 0.10512457305706954 0.9994590736798508 1.0739601554761435 -4.417136855052393 3.927187863889997
0.0 93.10743641457339 -59332581345.31369 -43278557390.84338 3683806364.4299955 4043.6332126653715 6634.809620270149 -737.4583221334465 58617705.7398835 840.1074364145734 82731511313.44241 0.03879810677382772 0.9994244611103613 -2.2380017594123895 -3.979895075594227 5.464812369376361
0.0 162.4972386553883 478462841.36906433 -11940224947.976974 -33816462660.724754 -138.05882665134413 -22.11711281827138 -51.25017478117263 74385904.00020008 909.4972386553883 88707981876.71274 0.0031087810270320065 0.9750340054626402 0.17979145038460276 -1.262669555260111 -5.107431559761038
0.0 126.71349021779713 16141106300.006393 -15868246743.941513 -1677595798.598178 -5.5149136270047165 1.3055266809205932 0.8241773884777643 79219561.85854602 873.7134902177971 73300190463.71808 0.058207585139304616 0.9996150848958485 5.183264416318503 -0.2434352869194405 -4.709153154720095
0.0 78.28624752695873 34858830328.56311 43236774494.39682 3683421507.5515366 146.80339122435907 -1.0740376525754982 -58.28240821044983 45517614.07344119 825.2862475269587 35342247815.04355 0.17906944148000803 0.9999311872789984 3.807013994017355 0.07867838123596993 5.796987420228636
0.0 201.53216147814453 -7193241133.824387 1318929254.9399414 8190591504.981388 -50.64013419442199 61.43614814783177 -1.3447183557530025 108667316.30190921 948.5321614781445 23450263608.664154 0.04895121768958141 0.9985686286405939 2.0290430594213777 -1.9709257658829376 2.462679557209221
0.0 117.17735064723502 -17052148733.873482 -54935192181.0163 -7564369612.597072 -3515.4413539530797 1199.3186712802108 -726.3393541145076 99454480.66120261 864.177350647235 93299534767.9515 0.03579008517018742 0.9990784252890293 -1.3368951289765694 -1.3156580075936049 1.0165622051166314
0.0 235.55719051035783 4764124330.284927 -7902920290.463013 -1309094340.6991987 13.799035965992516 32.626173368258605 14.894048661799161 128120943.3548982 982.5571905103578 54881566795.93094 0.06410492312535908 0.9999967935609936 3.9847551500096277 -4.669772602215347 1.8638527479903808
0.0 88.28121013577822 -11985804216.696533 -24886665624.40706 -2385810734.6584063 -1247.2748660828765 1547.0212895428194 -387.9177549595667 47320504.31383748 835.2812101357782 29822282083.37082 0.14133376068514866 0.9997899731619627 -0.02309518327172344 0.6244856394553324 -1.8098139426286122
0.0 49.47863591987755 91064856816.77386 15339712484.21077 -5515843294.693432 -13863.96801810458 2663.616819430321 163.99640321019513 24699675.669364326 796.4786359198775 81770985340.09998 0.02953129455378742 0.9995025147036785 1.6648303553123078 -1.5996077685563583 4.970867967326736
0.0 32.79794859530034 -27982207123.879593 5082321325.810486 -60944855147.04469 8.191984511544433 -3.3635286396820447 6.95712061738152 31660126.75329154 779.7979485953003 24194088100.205383 0.07262663723327503 0.9511699085772689 0.792466754053154 5.93360068877649 -2.696462017853394
0.0 93.22492428705073 -35422563638.58562 20463922907.91411 1674863651.3361666 437.08832857537345 32.734679253568174 -869.3625804912527 47760077.93956782 840.2249242870507 34608362489.2626 0.2984896407705632 0.9999632784098191 1.8991720695731296 0.6803828779554015 0.17731707020578336
0.0 53.9116067181435 -14266636345.013428 25760687804.909836 1277930071.3478594 272.6627627697744 435.17064771170044 867.291940944824 74811731.75762147 800.9116067181435 28254436217.701965 0.15258648152981966 0.9992957464019245 3.390980353668998 1.6211529051851465 -1.3577078141776768
0.0 90.6563267012856 107703844210.50757 -267745701279.7627 -12694968263.700153 8705.812760803772 -14276.110793008113 54.39079956184754 79624532.86805792 837.6563267012856 141729894133.9439 0.15829889608140985 0.9994737549887875 -1.9056833488417826 2.377745464930265 2.1697307158194636
0.0 80.07140260731455 21716655420.73114 8029566921.529633 186868292.91198683 -30.944335631500053 4.751182524636533 15.530841360247791 56315208.04197057 827.0714026073146 63341469064.8042 0.12713088564522979 0.9999355075288964 -0.029283958942765143 -1.509876075912829 -2.2232026307478265
0.0 137.4969360569629 2218499193.741577 -12586657949.421692 -3846193087.9064255 -5.498985092710427 3.318625111343863 -5.443367819033199 92995241.39183523 884.4969360569629 43387170403.719696 0.04939870447449303 0.9999285452727581 -0.0818293640357719 -5.863822494774626 1.1567166180526391
0.0 257.135726375206 -4922059547.075012 -22292998898.656845 -11755264904.650105 -163.7002148693009 -64.17669098919578 -296.0283437728169 113812097.7542772 1004.135726375206 103667616640.74966 0.0020863162682714445 0.9904252214010381 -0.2877717478637784 2.284402371854391 0.6853295906483826
0.0 177.02796944083138 -15643963868.329987 397017150.55410767 -26630815845.030876 -13.936016160383588 9.066312691204075 24.649789684126176 95521754.22148031 924.0279694408314 89105596919.89102 0.045598457141649076 0.999553735882551 -2.5812647935036592 2.8140400885890267 0.3207470971122894
0.0 44.54540560414148 -243739049620.51538 215955716743.19205 3375405347.380311 -12743.913069711529 -8361.72063737705 -479.3090134695275 36637981.537087046 791.5454056041415 104252984514.41364 0.07466657753685893 0.999502664333353 2.245608621278639 -4.704562810320789 -0.9385354071655934
0.0 40.91333411154778 -164879488046.33704 217822928941.53284 8128328573.216934 -13073.315697761194 2111.5392772480845 -322.5638979009062 36721868.65363449 787.9133341115478 133556403983.48459 0.21390873256203757 0.9996400410407469 -2.2786308487621194 0.4035932410876284 -1.0622175423137252
0.0 133.8020459436026 -33782064293.869095 27920145307.24298 52175331376.429726 281.11995764116364 -414.2420163145762 1275.7918128107237 103496497.49196102 880.8020459436026 48634657841.9348 0.26915069962273774 0.9528837093560837 1.1805123473823342 -0.21245040196865705 0.014973455145829373
0.0 57.947308184841404 -37108918346.77571 52515247108.19359 -8574133774.629377 43.992522438238666 4.73432611980752 62.37878399536385 52326375.62102186 804.9473081848414 42288848752.686554 0.2590851228701406 0.9970892132132797 2.5503916771830486 -5.107154569805909 -2.731333899637768
0.0 35.70368563554348 -13194583908.158264 58342008038.906624 -14261655634.726633 54.18683761077773 -18.029485031318472 59.0850439804847 42141610.00155915 782.7036856355435 51003783348.58566 0.3096881293111913 0.9996956315586085 3.398661036785844 -2.639950971636583 0.031088203876503684
0.0 208.81503400259862 -17627346825.13263 26933910730.726593 3932778291.8865557 2682.829233015189 1879.0837667855885 -393.7516856482931 106041172.49125178 955.8150340025986 84686362505.11841 0.05329088179977658 0.9995108829450903 1.5729922498292477 -1.7808122662703556 -5.858032301794269
0.0 113.30408574616354 -1945437396.8598022 -26404106695.996216 4802399932.992575 -1996.989250950286 1317.7991923339678 -574.6070343558092 76918621.87959874 860.3040857461635 80574800094.21945 0.07181333532928624 0.9983466757594425 0.9440069517042122 -0.6164144754701307 -0.0008452765467308332
0.0 164.18892697092122 10610257981.89856 -9844277414.744278 1578041054.1373627 -745.2500599520799 379.8058138163542 -528.9543188395129 90675538.35914013 911.1889269709212 39135688130.59024 0.1479654325217597 0.99987884085333 -0.4494261356974708 1.527585305637618 3.182620616171717
0.0 37.47991993372011 -412938607484.8811 97177463481.91539 3638132724.527603 -13093.134444173422 -36366.063644941954 -430.2625308102481 31745825.42856218 784.4799199337201 87396075664.80179 0.10975758714844969 0.9994545294899506 -2.011128810327185 -0.959984921106098 -1.4149766512384085
0.0 89.42885473440549 -57315564378.43688 -11563130950.647095 -7066195106.646659 -79.57727943593272 -13.261055315191925 57.84737135396267 50865993.708772615 836.4288547344055 51780364312.98407 0.3132304348010857 0.9992254606978311 -2.9984172461132927 0.9554089689366732 4.599134663069884
0.0 152.6601147625645 19582991084.060272 -16320283317.035301 -9682342160.233011 -46.084201671463234 -210.70622317434027 -510.0001700450569 104485574.86180696 899.6601147625645 91931318446.1164 0.16449631244841972 0.9975464572363961 1.4366398187709581 -3.8807849101937544 0.9225369557270775
0.0 191.85868977558948 -14050525282.276245 -9674175399.01413 11605005448.503876 79.02196122386158 -94.71486931104664 -54.36982791726871 103713917.36381796 938.8586897755895 106623632348.91827 0.0069695045700370745 0.9993261433120799 1.2023295568896684 0.07996108480353947 0.3028446620651456
0.0 206.52103622122263 40836763136.4849 39981210940.23012 20618591033.69771 14.266439146598714 -22.798752160517324 -0.5604194256891901 113703665.98406376 953.5210362212226 16005118765.120697 0.3495531422724004 0.987711482556147 -1.6170687995328956 -0.1477330734899609 0.37958119618173614
0.0 86.31316676788879 7956821384.8533325 2784911055.9047546 11618477400.570633 -260.80623746625315 647.9893919878232 -25.746018944490714 66143935.807280175 833.3131667678888 7726470311.3941345 0.08381941453021646 0.9979065285854327 0.33779050472708994 5.4106462152952295 -2.5793023091667173
0.0 127.76463990712944 18401859917.76831 -9137678453.63015 -13999889479.43964 51.481056996921325 1.0797571830480592 29.214661194320655 85218374.0468773 874.7646399071294 49794712127.16846 0.0009648060786528329 0.9928938141399798 2.6418884960525677 -0.9085182967832699 -2.0286834756101717
0.0 136.93610207755853 2926613722.475342 -182437241.08306885 14979289908.127363 31.590513380796665 -390.77525774156675 -528.3375215881833 67229246.89429162 883.9361020775585 28935768838.120453 0.012401561916211445 0.9896719020160746 -3.343928213880984 -2.692830720496822 2.655446553711637
0.0 159.6081337320661 2782990976.0402527 -16748676898.20813 5744081116.421001 -17.19831050654102 -1.5911164240515063 56.14252342230225 81627954.20470865 906.6081337320661 78251400396.66931 0.09018096949797744 0.9991023947783715 0.8078584757348618 -2.3581718217135976 -4.089909665423255
