Label M_f Ep_x Ep_y Ep_z Ev_x Ev_y Ev_z t_t m_0 |Delta_a| |Delta_e| cos(Delta_i) Delta_Omega Delta_omega Delta_theta
0.0 0.0 -171098818.81243896 215179294.76431274 109407269.19128227 2183.7814579790956 3280.491913981299 1723.7655477641908 60575160.550415285 747.0 81941200128.11014 0.045185326561261493 0.9997832080853011 2.3002076347832308 1.3699278109840205 -1.4939892189020325
0.0 0.0 329143573.41955566 636610388.6996002 261140150.43831706 4050.188458243705 1060.1201444133294 1219.644743901442 127134689.02784291 747.0 73448587647.49521 0.06813082964542685 0.9999657073310882 -1.5509291151587044 -1.9893014586541877 -1.3433951125447954
0.0 0.0 -192381708.52842712 -598668699.7832642 967582779.454628 -898.8926475804328 8036.475242006951 4147.307231914395 32217817.558263235 747.0 78546233661.35504 0.08922634766974302 0.9550225310166721 -6.066137523220899 -3.001945663619057 -0.06576371446807361
0.0 0.0 -13767560191.100487 -19219673300.5412 -1433765472.3849165 941.3482666073724 -27.312726934240345 -622.2191192469231 105790609.47401176 747.0 83937495029.86612 0.009180732937863728 0.9997963959730831 2.8800506072030236 1.7633687443596409 -5.139526122431757
0.0 0.0 -15756753313.894669 45974322829.39154 -1401198238.4804544 7951.507866796157 -2530.9018401266294 -156.1923749785475 51573141.97372007 747.0 69679500194.90076 0.13295672933833885 0.9862482967414051 4.048544422306339 -1.0568734071537969 1.091204945866509
0.0 0.0 -88139055384.71597 -124275296466.21375 2100833065.7076538 37024.365710016325 -19882.065101308304 -743.8880671270967 22564374.731875483 747.0 47155358782.33551 0.2025505079392721 0.9967925651026914 1.6587771787334276 4.732615588050875 -0.26013930579002587
0.0 0.0 22261039.546783447 245256771.2364807 122156837.97062778 1430.6163446759856 6693.854766635879 -334.93786404812204 123571862.01752564 747.0 70098432900.32913 0.20827859720111958 0.999433194467473 -2.9094415573305765 -0.19810504395530737 -3.2917885375162745
0.0 0.0 15858591.496520996 645970666.0680847 286487154.98814785 8181.372498113842 6008.660442824432 802.105631416394 28690541.62174441 747.0 61080327885.35092 0.13966345922938042 0.9815288779883414 -2.0780749158724405 0.15931090590002434 -0.3001463902345076
0.0 0.0 77780487.02371216 -3759139.05178833 -24386873.654125333 3317.0499692631493 -687.6368418636048 -283.7704241917491 22243002.971179165 747.0 27600348544.148407 0.09578413147498964 0.9997159989388255 4.216135374519907 2.721170745633332 4.053094435322373
0.0 0.0 -72311060.52252197 -185234444.26322937 25623102.963802338 7252.291369539451 2723.4237804187833 -1882.4351764290727 43570377.05813081 747.0 140363712643.23315 0.15764459083868906 0.9999008715216927 -1.8176633221820606 2.0030600793628066 0.40119702018092307
0.0 0.0 21769677343.23546 18382093115.746414 -766191459.3162524 993.581232487064 -4634.026924707126 805.4646518557481 62265814.499405004 747.0 64605393498.43211 0.017065584813108853 0.9954622826235304 -2.6089114980798516 -3.824107445685968 0.8200756092879753
0.0 0.0 273323791.79974365 -160035680.4364624 -280111966.73680115 -307.74893885979145 1162.653049357341 299.26136198434216 112352441.63089755 747.0 188601986062.97073 0.344336088435524 0.9999596949616391 -3.219472752327707 -2.36565104025569 -1.059915119778716
0.0 0.0 -76248581828.71313 -2377189765.225174 -15622777181.888508 -3467.5302846995382 5383.320615252222 -3030.3699357736173 119594414.42798273 747.0 67127569030.56763 0.2094158574663442 0.99751040304275 0.911762688344639 -2.6792117527584898 5.43833877414178
0.0 0.0 594044058.8410339 -196133255.24986267 -967410829.207859 -5708.050235542565 -4860.313966054957 -3625.0584534328154 92201142.7390202 747.0 257500309357.34702 0.29860425904025123 0.9996587115240894 3.5020404387196917 -4.903614335743004 2.3694143671157453
0.0 0.0 -220289135.37724304 303151466.17729187 -185748768.57636404 3477.035463504886 -2570.9519788085163 -562.2250764365668 109075895.29426178 747.0 33879801921.42456 0.08451093801187276 0.9992883433308115 1.9432893077618338 0.22698478595919047 -3.8944898171003173
0.0 0.0 -63961162.96054077 -87197222.71661377 324159371.48835945 -673.441911452217 -2362.733453584895 -2467.683270301197 117893110.0697189 747.0 108871810917.3494 0.01669416910990365 0.9844067947210793 -3.1603322964744796 -5.318138630765526 -1.106987779323708
0.0 0.0 -98041663.37122726 83263177.32983398 308217148.79647064 2770.0612548959725 3636.345586460089 -2336.843237845338 35173309.01529403 747.0 54454483054.7164 0.12929465341774518 0.9954918585008834 -3.0909254724979274 0.6175895633468195 2.385855638712311
0.0 0.0 -277474370178.15375 -87336500429.18929 -614216279.8426741 1308.863647710059 -35868.02194457482 -688.7907027033922 67132200.47357309 747.0 64030025319.67584 0.04129462170293566 0.9994031483547426 2.7920500452338546 -3.595828109421529 1.6092899797876483
0.0 0.0 -190148402.58932495 -97461785.26202393 -242286089.29435253 -817.9928443327335 15370.537541606025 879.4717261456908 107094342.78467818 747.0 20870256849.577972 0.476296022917935 0.9995238021407226 2.9592377309087845 -4.8219352083521425 -4.221826068123405
0.0 0.0 -71332464.58145142 -23805013.943893433 136849047.7624817 10115.552549986076 -6365.940027954952 -431.6428530237667 48383317.11161016 747.0 42170191637.136475 0.052101482176610155 0.9738149074168447 1.5776060563613359 -0.4748278204328389 3.4489991855885105
0.0 0.0 42112526.966796875 -23946691.643066406 -40925264.841599226 -1073.8686194540242 1483.932436488174 -674.7640469676145 106378983.3964075 747.0 78333036265.46542 0.054967568653911766 0.9968278681956877 -2.165916945886369 -0.02495907726796842 -3.4458538666234775
0.0 0.0 -24750925429.6622 -553613352.8218002 2338763873.7242284 171.39679557774798 1327.4293253548021 -457.6001109774693 103705805.29716279 747.0 78398420855.07935 0.07880661498392237 0.9987175262040102 0.772586027461282 -3.3223825817376773 -2.2927467411231897
0.0 0.0 -51574011.983810425 -895443456.0559082 661406060.36133 4321.464920616076 719.3977645106169 708.5608867640293 124989779.80963433 747.0 270596041432.31448 0.32694661764431243 0.999876219581589 -2.9258589781880318 4.128133302344076 -3.9333831300815216
0.0 0.0 -276729641.50286865 42498097.454963684 -108468977.38004208 3122.1454988340643 1441.5732376636988 -5817.074437838246 61658122.51261509 747.0 42491502077.78494 0.15213479575489636 0.9819199430663149 -0.3315734717755183 5.014987525323585 -1.7937378471997052
0.0 0.0 70669487199.3621 14124561286.5374 -5027172374.493345 -8648.951549640395 -3375.874837362291 340.73714172740364 25745662.05249231 747.0 49328335824.10568 0.06784659576992166 0.9998860770801672 -0.46364296318038933 -4.909314325552851 -0.5102091875036971
0.0 0.0 -4660422150.466011 -6741463555.25177 2532700723.990007 885.0442702744367 2384.630016698839 856.060885473947 91009439.30718324 747.0 114196102581.42853 0.11961163220312403 0.9995055876160789 2.66179298028642 0.23958961168505422 -0.2926383591788377
0.0 0.0 250543895.57131958 2409764007.1713867 -2272687809.96332 2194.2743200510013 3169.055376878885 6806.492809916795 67406265.49840924 747.0 341536433229.1531 0.5669669125994818 0.999999999297018 -0.6002790070505577 -3.0624684993011284 1.1783935793460558
0.0 0.0 -3327661.4583129883 -28115802.677825928 328331352.3688717 -191.06663841256523 257.50700350692205 -48.7246961589949 109524989.9791194 747.0 95577508938.50003 0.06927361306849894 0.999826487693139 0.2806530489607446 -2.8363230554794314 -0.10824572179183123
0.0 0.0 -74861997415.18529 -81938681055.04805 2315440158.5282793 22592.134035358125 -14068.147911623913 -477.8906578202612 23249112.63971453 747.0 514049908055.161 0.48731441254241986 0.9999878720279737 -3.080864921818824 -0.7395083262433497 -3.031622529987358
0.0 0.0 -43146570.52911377 -1648073247.9023743 -1438948102.2503166 441.5610649394366 2462.3440746273845 493.67892411902824 63028611.86216906 747.0 95330186282.81674 0.03349912244720224 0.9999218228680588 0.12328485431680791 3.1560081764960324 0.8549870596604356
0.0 0.0 -347312109945.01935 160804239296.64456 6157433747.787258 -23668.12948584937 -41612.72190438218 -319.0011997325152 20126677.440858956 747.0 74358919749.02173 0.04709001414364203 0.9997278949727 3.527195049208868 0.10658234468637717 -3.370028582510088
0.0 0.0 -1491302380.4933014 -8635406869.320633 -1674397506.6605353 516.7981929875896 333.3818753725177 -40.08767463454302 77473212.76588373 747.0 78630989824.75394 0.09628390243448998 0.9974315085663549 0.7922624967130563 2.236492484529662 -2.025076900496815
0.0 0.0 -128229027.5947876 32462747.417144775 -29300579.45698023 1163.7399470059136 -3617.9121436657842 -680.545488314801 119146439.9183053 747.0 112231439643.40561 0.1848295313712274 0.9962582636969584 2.6482935658350253 2.870272075657308 0.3272503937590189
0.0 0.0 -36378596533.94452 -19383806239.486443 33899558795.69686 2375.6682831329763 6898.956848189377 6125.5306159914535 82539068.88280244 747.0 42727725916.15555 0.32184387368989514 0.9896423301788116 1.7633342731323565 2.5370396355557667 -2.3887456522939865
0.0 0.0 565794296.6824684 193545746.78201294 231998903.36856806 -2292.967778462491 -9640.449695477095 1011.863571318213 44555771.12290103 747.0 89200020559.93216 0.10172164262884041 0.9930897815619375 3.4904231115279707 1.591306415257664 -1.3968387731588572
0.0 0.0 -140020011.36915588 88259230.67105103 124183103.77825046 -3158.4902847539342 6003.026691307272 427.67225771900667 90443887.76799762 747.0 84136554435.46176 0.07048349295868342 0.9870945324515729 -0.2340422692749442 0.4125574942823973 -3.4682221719625854
0.0 0.0 -837996734.2642865 942460453.6633606 -163565724.71819067 -2155.7785626101395 5172.986512861466 1161.2854032382004 102612467.592006 747.0 31860729053.287537 0.2562429552033251 0.9852705026758141 0.013757752846362603 -1.835316386133565 1.6941410516831021
0.0 0.0 761314131.7044067 1205588216.015625 -531367039.6073787 8213.608806875705 -5254.123737985996 -901.2758878658672 36297140.2017817 747.0 6881649182.421967 0.46679380170512375 0.9989714772733786 2.9896767144624006 -5.498327466071315 -3.6550389780747112
0.0 0.0 3049195554.1278076 -4778322199.492035 -896666463.3369484 919.5551049221467 1470.1661416953502 -114.1430191191237 38221927.215240516 747.0 125807506358.13086 0.07625960021961536 0.9999662356813048 0.02800646591884004 -3.0238122798752762 3.9403403670944797
0.0 0.0 -1705148254.4856873 43446587.85910034 1216820029.7169952 -3164.728836619277 6229.419252850256 1911.075408550544 101204135.93182783 747.0 97227823627.90845 0.05408767068400816 0.9598474429272948 2.314820381477764 -3.1703615314401143 0.1145927997697147
0.0 0.0 254664366.79516602 72865563.6756897 -47694462.20167351 -3795.7974201338384 -559.2137545383921 -6883.540977279942 114374740.81456813 747.0 99139727245.74097 0.053795575283848845 0.9409707611447428 2.013633345276118 -1.0472255617486854 -5.268720170581597
0.0 0.0 -746478995.4020691 639158681.1049194 620909926.7634659 -812.1556842531827 -3449.0967193748293 109.21457888740395 95902747.29380675 747.0 105496395412.8746 0.004346376494186163 0.9982423390120249 -2.0960809579899777 -4.9839346070266295 1.7338577428060356
0.0 0.0 379636583.4607239 501064233.52023315 413271844.1019001 1111.8518008605042 1770.4773942132233 956.0387483321332 96868412.08967641 747.0 75997088420.13297 0.07994229072335485 0.9993305000293251 2.3254775812501833 -4.620721000416364 2.1781488831958677
0.0 0.0 191651538.12521362 7176496.55014801 88841345.77599525 136.12251210589824 938.0592894659749 9.218800647644343 66053545.97701858 747.0 92284819311.40717 0.011546481494856792 0.9996473181611111 1.7449194354354614 -5.293316168551675 0.6216770377875913
0.0 0.0 298541349.3700104 -692710126.5807648 35793321.67095637 3154.454471853478 2369.2543801854044 -1132.1750749755254 59280000.899783865 747.0 92658317038.3252 0.03720294762910248 0.9989407121829258 3.616675920638566 -5.183722895886364 5.679673151319154
0.0 0.0 -335021732.8197632 -204307876.09884644 -2700426493.470434 -1307.6706749937184 3425.4481491720726 933.6269530410727 60460837.97110842 747.0 81325597759.24841 0.02738021628176393 0.9792876318680988 -0.17475963116780385 -1.815762695693992 -1.425424529384237
0.0 0.0 214551177.99165344 182488481.3166504 -205152162.82440567 2446.607066301178 -2438.6281174953456 -2422.6051435780632 120202032.40560919 747.0 21907971813.372406 0.2047491163676531 0.9998380984606597 0.7780028710782415 -3.0243044276932287 2.6962398688755607
0.0 0.0 -3843241701.2454224 1042328882.9553528 731405455.033587 1265.7857613775445 -1246.221616502029 402.54255384231703 86599486.54058133 747.0 116914247104.8522 0.23530268685438038 0.9996597093837984 -2.513545536885996 -0.29620809922579183 1.085508474303343
0.0 0.0 -14085327752.808609 26315829018.206024 4744785208.038461 4699.057941303548 -6902.353655920267 326.0402284388309 51316578.1078212 747.0 123963502656.65714 0.23584287525139178 0.9981599554878151 2.2845037955124634 -2.139578324210603 -1.322425863278722
0.0 0.0 -92853521.15504456 -176340310.75982666 -91644506.59700823 -9836.69057246854 -3700.681734127913 403.99291304602133 46328467.121812835 747.0 68446946981.421814 0.20807027301887165 0.9958258286003443 4.224721687096878 0.7714733183934748 -0.5681911570345815
0.0 0.0 -469328736.9817505 222334401.1714325 -100454321.10932255 3403.2495865515793 2844.21343786348 655.7859922151994 26824431.48145736 747.0 126029074575.95078 0.06108147467911594 0.9994997889947926 2.381079307756716 2.3062125602684036 -2.0007561163425382
0.0 0.0 126051958.62781525 -420831009.4824524 494132088.8153839 1592.5112974379554 1295.016766761837 1128.857896605609 120969866.46098857 747.0 144259533360.67648 0.16086973514815783 0.9885441763015949 0.2950340765351518 3.116797341628031 3.240059497895137
0.0 0.0 -130510351.29225922 20870751.038482666 -159647684.03026962 -1266.8068226333016 -442.6720077097293 946.8714759901667 97515693.64880212 747.0 77223875932.07596 0.05200268718767826 0.9965365417068723 -1.7312008339806761 -3.1067813192616307 0.056702647590163746
0.0 0.0 -19950290.574310303 263650166.59539795 94030401.4182694 7973.08766123894 11328.107137340896 237.20037901721506 34563756.406271875 747.0 191120565591.17856 0.18403412465883168 0.9724434528291903 1.4940050323942478 -1.164844480052983 -1.8551991066782627
0.0 0.0 -8710531173.401733 -4878481914.937073 2763078304.081474 1601.4474839019422 -867.4895358073954 -137.57342593044888 112091835.45449705 747.0 117390821460.95349 0.11776656949559192 0.9995315676555769 0.6145144752054779 -0.6296070317439709 2.734496085469315
0.0 0.0 80451827.21557617 -46494249.24630737 -263792284.78902292 -43.62154992587057 9.97886692078464 134.4198640482255 98071618.82958767 747.0 86866951586.70325 0.007470248774153115 0.9975504087027407 2.470331044981137 1.7585189235286913 -1.9654259822957831
0.0 0.0 -16350876003.626724 -8990966855.950722 -3263819010.630455 1303.004468442672 -1634.8151376291062 -494.9264038035032 100888982.50202015 747.0 11526022888.886353 0.20047416910731505 0.9968560346920424 -2.6182767057207514 -0.05493572749740861 2.9562220492651554
0.0 0.0 972480295.4250183 984303696.4079437 -1245971988.1004295 2090.3505015530045 1200.964452151231 3813.2443822803716 63684267.04363985 747.0 42744874326.6001 0.1325366556855681 0.9849350381905575 0.24249551020765236 -0.7184591897895908 -2.5252471740099693
0.0 0.0 -19445586820.235443 34687264953.56033 5841301421.470678 3354.645813543779 2681.426302277341 305.16247800102235 84798149.38434458 747.0 84733471073.46524 0.04599550426983763 0.9999440535752511 1.9611068021196827 -1.5687068719240054 -1.4065873727739284
0.0 0.0 14018722723.738861 9460808806.103031 -1585013719.5537581 1016.6954494456286 574.9279179738078 445.6753020305572 19197241.027293973 747.0 79113738008.85855 0.059578845317749644 0.9935119706766757 0.9226655797779366 -2.8522527985075676 -0.4679459708384621
0.0 0.0 -2180076757.574829 5340518525.064861 1313851821.3957322 15717.740087864258 2347.219157072359 563.201791833715 30024462.048769668 747.0 298935257906.3794 0.42925488901126824 0.9989870904110282 -0.3904989050156247 3.058139407681707 2.616582648164715
0.0 0.0 -68524369.7997818 -70585396.76651001 65090156.239019394 2669.1539828672394 433.5816698432063 -114.78565135579939 21000639.249878336 747.0 73173966787.48816 0.04265404611635222 0.9914598855190968 1.9804393359344912 1.6768641834983333 -4.701771539291806
0.0 0.0 658197235.3152313 20418338.162521362 -135144677.82330036 1654.7290313824524 2526.690600446371 -446.0852656032748 83266176.63586856 747.0 36653114958.0285 0.2976318298690503 0.9999867382394518 1.017534573424902 -2.829459572726379 -3.489243488423617
0.0 0.0 -30459701478.384888 -1572758335.7539062 -6317904372.142073 775.0080639051412 -565.3434513786815 193.83516946310553 54862010.53812979 747.0 113060861659.99187 0.06299981948420666 0.9984269276633737 -0.8091904888559035 1.4586251042313543 3.903027834833215
0.0 0.0 -1173652000.1935577 137552700.0922699 363786900.1727209 4535.45906089729 12801.424981027449 2670.856303420994 104693932.4031644 747.0 81271482012.78159 0.06709999940320865 0.9636109034820398 1.256577633885887 0.7207984968346438 5.453671979748107
0.0 0.0 8843301217.214142 12438063577.208374 580206428.1853153 -45.271656053329934 97.5839510232945 690.9810215217793 28181099.25252828 747.0 77904477110.33398 0.07241025743482676 0.9998119733705636 -0.535635227992857 -1.766826655001927 -1.7627378213254732
0.0 0.0 -185032544.33694458 260313534.5436859 -87343191.91363621 1098.2476442258994 -5824.044499122181 374.90602323397843 127461536.1867731 747.0 98572390101.73141 0.14932171343976472 0.9731875276000045 2.849015446277502 -5.13334719005936 -1.0177404345115053
0.0 0.0 -9649755.464324951 402592814.63393784 42774873.28900623 1122.6642764800176 2183.078806166348 -223.16716309038762 48918999.149679825 747.0 58892079493.910065 0.13245093997910112 0.9995448200772289 0.34074632917593717 -1.14049802609807 -4.025227476795101
0.0 0.0 522943366.88339996 -53132345.338256836 -41406287.816467285 -1157.2080250881845 -26.162226116726515 -3905.8156846187417 129391691.34293568 747.0 89897547550.28342 0.10564557305813153 0.9706790521509066 3.7480409903528997 0.02909316072531265 0.07104157655874199
0.0 0.0 3952512712.7521057 123152327.23478699 -20697026118.462677 -62.4150154923218 2542.4623290497184 660.0504579920621 76704307.96724579 747.0 156044524483.93527 0.37103003484712155 0.9915209027191633 -0.5053314432189476 -2.7482994525253126 -3.5102244801017064
0.0 0.0 -13676017.409759521 67745007.63276672 -19942715.324053764 3082.833041919803 1583.5832729963513 -22.3375703983218 25247015.16145127 747.0 76168840832.60175 0.10067412390257516 0.9944310651185264 -5.284802836295545 3.3323009242992754 -2.755107824777908
0.0 0.0 22581418.012420654 -385108826.2832947 31075139.60839653 -3222.7643225691354 1971.4922527240496 2847.5808680534074 122568631.2754944 747.0 170939762855.22165 0.2384747532871873 0.9975152697136941 2.216931945061098 -3.015429520264166 -3.044280662560695
0.0 0.0 -93803020.34702301 76267852.31845093 -140120214.90332913 4783.431478812545 2593.9392971672623 -818.6027821624477 39324649.397688724 747.0 74609060118.8339 0.054292121341177425 0.9999658132343346 1.602870094677738 2.377441945851275 -1.4895525808095207
0.0 0.0 -306002644198.0292 5243159752.0755005 2669963091.984457 -6024.344700812038 -40305.62657233624 -1000.8399139630505 113834823.63389952 747.0 73735951967.91064 0.10644925696500639 0.9978017517735351 -0.5272295743366064 -1.3925280218440004 -2.0386665513441464
0.0 0.0 143351369.61813354 -162428143.8560028 56268947.41762972 7909.474003644822 192.08276524945904 -1752.805075065905 42795739.630550504 747.0 85523348484.09808 0.0799152608083662 0.9890175177990852 0.31113825494907094 -2.067108048810358 -1.2482759273885267
0.0 0.0 4271437467.781639 -12619817241.203156 18631866413.529106 94.59897009448105 -355.24075016142797 300.0591334194162 105436595.31311843 747.0 92759977342.6203 0.039666637680606666 0.9835363428626466 0.65907111738789 2.95962844991815 -2.8252179680603646
0.0 0.0 -319581391.97374725 -437283778.2005005 4773632.080548286 -1751.1167116860343 471.5637799507913 163.44483960060762 74609671.09985253 747.0 188359962293.30002 0.3657145618643131 0.9844986848678995 -2.847422414543497 -0.8463329829718452 0.7334672536241482
0.0 0.0 242523843.1833725 -108808415.82925415 -142183375.02820206 535.5489924073045 10257.061277268373 1204.9371000322828 89594765.7345423 747.0 93221991518.43115 0.007370140862371546 0.9739267141200288 -2.365654219885039 -0.1673604728701754 0.038063309703538106
0.0 0.0 4977653800.472321 -2135660575.7503204 -11215386822.133427 -204.01046563226055 641.6840150557982 1329.8808255852562 71448472.21097335 747.0 98144491305.3003 0.06547037751537893 0.9872645922028785 1.4474607931572234 -5.662596331081064 2.5673006424846903
0.0 0.0 -331688476027.10144 -62725246794.072815 5776590779.661672 15136.5106104851 -50779.5853955016 -452.5295157385665 45228151.92495401 747.0 67374694616.362854 0.031929269763150823 0.9986814007364224 -1.7567216776012642 -1.4306592944620102 0.8251270247038114
0.0 0.0 23311247.13957596 -115656103.96734619 -19308566.631979957 3841.693519137174 1037.4801591382657 177.67739769132933 27512737.15433693 747.0 273259499950.6115 0.371260644030953 0.9978433921314538 3.6000666306989153 0.2902808618643937 -3.0609154803817358
0.0 0.0 -37438074693.117584 -24880219054.235382 -265976007.0288217 192.6231530621517 1279.2807525685566 -789.3235930580992 40009221.4640594 747.0 69516340727.8988 0.01252111549698029 0.9990472123036532 -1.3574531716426264 -2.3736807908751576 -0.9699327049599304
0.0 0.0 209214423.88749695 96095809.60479736 -158981208.97251916 3026.20574488921 5074.263491381978 -1829.9239905467368 65022097.74832263 747.0 61137920373.33057 0.2379870347747143 0.9999998805420997 0.721098651948628 -3.1247487250299684 -0.8450804639373135
0.0 0.0 168232408.38259888 -433513788.62005615 78596172.6368928 1931.145416644722 -225.49690262055628 -35.55991004105147 122258181.13914408 747.0 82179798036.42831 0.0872719378917347 0.9977206792029351 3.6567411163558843 0.371964869184231 3.0306033972377224
0.0 0.0 8663160135.537628 -2505599378.26643 -892850338.2361608 -528.6451659596842 1067.1748401256737 31.6588233847026 91896610.06385326 747.0 106073881060.64722 0.023305897249839128 0.9987644404442004 2.202954710563674 -3.5907276923611327 2.917830773924623
0.0 0.0 -26567246.473205566 716839902.2469635 -91103891.02460575 11556.27271608113 -4518.432211522206 161.75196187720712 72904741.42563686 747.0 82483944784.30063 0.07652117491003659 0.9779358169245521 -0.7198645606812939 -0.6062588214785296 3.7641044067913487
0.0 0.0 8349588926.828186 -5569899637.742294 5191037732.927313 -1453.0957361897345 -805.405517220308 3452.257390684926 87750109.05948909 747.0 80590586149.18399 0.08288110674455332 0.9964758956206375 -1.9791964227134766 -2.4639791150810444 -0.9702289846601118
0.0 0.0 -182763608.52623367 -21647142.654541016 1354790936.6628275 -2135.6257696065913 131.15931754367466 2102.3279498015045 126431187.81761153 747.0 70114826425.19412 0.0023363288002987356 0.9889757247231306 -0.31469144225296386 1.064200399527437 2.2798530110265087
0.0 0.0 -134801619679.17068 -20577676803.058395 3707955098.924501 -11144.157033926165 3300.070143739722 -551.678236769375 74250937.09898683 747.0 86287799253.18246 0.11813190212405764 0.9999708175845279 -0.6487197731922482 -1.2172927398830387 -1.8863869032899248
0.0 0.0 -194793411.4300537 387419855.6701355 180866100.71803617 -1220.0170069201595 -2560.88471768158 34.220085388322104 94270407.41954745 747.0 84695639898.31705 0.04610205560660494 0.9919516742961221 0.9512331773630409 3.046259262097607 3.1992294764175453
0.0 0.0 -306362200.4794197 81190685.9309082 91019813.11933908 1459.084809227461 2370.5289028299394 -216.13236264833648 112889661.03377491 747.0 77542061884.21692 0.08466706569477023 0.9999502460384738 -1.6503883659268814 0.9579059496556983 0.16759862753227317
0.0 0.0 1752160347.9474697 858124249.0883789 7109573876.902968 861.5564231325516 -4899.548954354716 -2174.570378149704 99510692.09341119 747.0 18267822733.217316 0.10381624150100963 0.9968798939756911 -0.258992879225425 1.4742408731122119 1.9315180487750685
0.0 0.0 -5548243248.83252 5181784951.787689 -4812526249.323999 -86.67468763798388 64.75305732982088 -208.31124556366308 128380896.62237053 747.0 45807527505.54657 0.290664508423751 0.9999448350191592 1.3792790849570795 5.798469118778144 -2.2678473273139845
0.0 0.0 -25600211.86754608 -114539975.98852539 290824147.16722965 -7152.631603680507 3477.306726040076 1612.4550001871319 121512075.65906289 747.0 6877682905.676636 0.33782004357886036 0.9976871600199938 0.34726584410005445 -0.5586068411343077 1.6485816570830591
0.0 0.0 -188482505.4434204 319310750.3939514 203012334.85230887 -1965.4216756044189 -314.0315181283295 12.649671153917893 124415279.12007137 747.0 26530985301.5849 0.15286286287450374 0.9999688020470192 3.525016546159536 1.9128921936092627 2.7785952335187316
0.0 0.0 696067302.7918396 446415132.48851776 -861610005.7711699 926.3859820820662 3064.2664715244355 -485.2163736002043 64957217.388053656 747.0 44316091480.911255 0.20186352004750924 0.9986611632279868 -0.15179554203674295 0.47024753178657797 -3.4635419458868117
0.0 0.0 144784463065.2499 55061423467.85843 -5284114676.479589 -16082.297708722863 19399.692599413887 134.90339324954346 18022276.937325634 747.0 58301160912.168884 0.03330422656125924 0.9993031615156844 -1.6506518372882133 -1.5196274933805733 1.1734180238504197
0.0 0.0 7031248.601486206 -59702481.49836731 -60108497.40325451 1486.359029190855 2310.2865932362038 -1047.6059930714987 128625439.05329613 747.0 85533644107.52744 0.10369696477869904 0.9988112250436483 2.0014107830467145 -3.4334590763243 3.229251493758678
0.0 0.0 -693341719.8576393 -814680183.7223206 -313770940.02435493 538.2619069490938 1859.265410761459 -583.6246849470349 83760298.17016292 747.0 89415777914.51953 0.05488762518310717 0.9993764262690042 -2.1275694961269207 0.5106212049977787 -3.654000645058858
0.0 0.0 -128871935.53295898 -18289637.324935913 141060673.42259645 5899.132953518336 3924.2665598541535 997.7711306512957 36864102.15149014 747.0 167311221248.87338 0.24653025709647824 0.9986894531963775 -1.8529606419991234 0.2179627333958294 2.657428872924266
0.0 0.0 -5191902509.201935 -13609345186.73375 -9812582919.218298 109.53341696878488 84.0594699606325 -208.15979277966403 77329072.39311227 747.0 151061337239.6474 0.033109893724986184 0.9999756641626136 1.4173312892109995 2.7115917488513603 -3.408544302252606
0.0 0.0 -119649238.80097198 -66174527.50860596 -63409333.91585159 6770.56683865955 11385.517739523388 458.31690896152963 76070794.22578834 747.0 151497564579.41214 0.20323640369065427 0.990654140087031 4.877865925220185 2.486689552718732 0.8535683293521009
0.0 0.0 5217704820.6996 -4707021020.394104 -14177873247.37867 1783.6796482524223 -195.9298449364651 591.0319823280756 98554995.72772688 747.0 167428851776.2209 0.24198451284448658 0.9867719485525897 -3.1037353298927135 3.343329079623377 -0.3463232587205083
0.0 0.0 -249984172.18444824 616770990.0137177 277421836.39865756 3397.239231744583 789.8199141284676 676.9090660035604 70897871.39027387 747.0 83965658002.50467 0.0702421770966528 0.9953314860385111 -0.33682535263826563 1.2261513411519067 2.118405458275544
0.0 0.0 -241003614.4927063 -216181303.59313965 -125454061.00328028 -1179.5731999407653 297.6579560544087 337.79849615381033 95915458.53557687 747.0 85773032655.48154 0.047143253327987064 0.9994409749210142 -1.8823863382529957 -1.3496154938016023 -1.98062775782794
0.0 0.0 -2923710424.696274 -406005322.599524 2076751854.3589876 8184.126058727376 -311.31178453221946 -799.0951215810161 114800505.58487989 747.0 41141054458.877655 0.26707697473673564 0.9999932333056114 -1.9475889137108215 -4.737452043509278 5.250142648018452
0.0 0.0 -102152394.13397217 367560991.5628662 391089284.3898381 3329.5986479665553 6658.385234896228 693.7451659847661 50195686.744097754 747.0 56690131409.561584 0.2290110058204965 0.9997403147987691 4.365933507970315 -0.09201611680410182 -3.64526045138032
0.0 0.0 3474884491.300827 2044125003.2016296 94004382.57486057 -413.1644726962659 -654.2339923332984 726.4515651846816 88521389.93269737 747.0 68387891162.604004 0.015828681908777273 0.9994192527961318 0.8721861416159801 0.35393463779680345 -0.7389186391035089
0.0 0.0 40692592547.618 17615061977.892426 -3935357859.1520643 -2802.3155777966567 4509.069653974813 -158.37289380726548 24393949.91855632 747.0 104053315423.0039 0.10876162288998485 0.9933573839205156 3.03597969806092 0.031223129394201354 -2.9647714528680718
0.0 0.0 26760773.3199234 153741561.91412354 143065712.195776 86.7594418907247 -2362.2036405341187 8138.043241844262 115139894.41638464 747.0 67459504789.054565 0.3036941738648642 0.9729134948587987 0.03237234568639025 0.5263023594775231 2.7308063893910646
0.0 0.0 -31260853524.580505 29942658182.298157 4511482207.661454 508.33822066763605 2237.3275321997226 304.5813417738999 56159369.253858045 747.0 52312794204.88937 0.05303079990657515 0.9998869958720612 3.1717391012447065 -1.5513837076136157 -1.025598705465839
0.0 0.0 -90262779.24967575 233318069.36325073 42797832.59041023 -397.77573606993974 10390.935321960518 2993.714382163138 57538295.86739991 747.0 80521997430.15704 0.09176827344998872 0.9907552599453101 -1.7202888266816827 -1.2710101991063065 -1.856363669010837
0.0 0.0 2941471173.6303864 -2206067851.515167 -1329980836.8042784 1693.95607839683 1585.1831450738391 -231.07166575494492 43724900.33234762 747.0 61402373942.12723 0.04138042005801669 0.9997753477200683 0.051947119583520385 -1.427724479444542 2.609199894396455
0.0 0.0 -4920118511.56818 35880855757.339264 -243383276.4125781 4282.305160153279 2337.804328289995 3425.811482032971 70593989.75765836 747.0 105747339452.64009 0.07652125556238548 0.9996995144389725 1.7174732340904342 -1.2931239744108094 -3.135879936220976
0.0 0.0 461281414.38238525 -190072041.15115356 819303676.2941155 -451.6807017992187 191.97337757483547 1205.6498345475188 86335554.3437474 747.0 67510232834.910614 0.06785492717265479 0.998081598503998 3.336880498496204 -3.6008482453394386 0.7714557598861029
0.0 0.0 407471594.5167999 -70945582.26898193 -153460965.35795498 -1934.4321667648837 2274.831951816108 7687.186121006427 100292125.07803401 747.0 145254300415.13913 0.24026772613442166 0.9748700138446142 -2.8793527482882912 3.105642394312519 -3.2277413933367556
0.0 0.0 -1514292934.7666855 -1078962216.1634216 -323317028.1135349 1807.5195485856602 14578.190238107909 2038.3419725701779 47786707.59366627 747.0 6351167876.417023 0.5238132302003039 0.9999958714017718 -3.3510428092895186 -4.65787288399083 -4.5598886815189
0.0 0.0 -763921784.046196 -9687247314.536224 19144333325.45231 778.5052042551943 -422.28035016322065 -179.11408461280325 104255378.90371004 747.0 42490468785.48537 0.30671075372663104 0.9916971029552264 3.542943663060604 -2.990109221798523 0.05239678471319298
0.0 0.0 -87126417890.09625 52092933049.61879 7242241102.557373 -5452.664021182472 4092.3358862200985 -497.6547207885144 107197234.83507384 747.0 73770899446.48917 0.05080225413261357 0.9991683079691688 3.7398990175444506 0.36536661298634754 3.5271798153215688
0.0 0.0 261688205.5487671 -1759904.2846450806 377623727.2183951 -158.02852772419828 2013.8974352252662 3931.40820742273 45768253.19513199 747.0 93596580702.91776 0.1572582969447449 0.9985341885838304 -1.9272345719826411 -0.1178534693701464 2.7899538515979128
0.0 0.0 -55929791430.371475 -102254475933.2536 68289848921.186035 -11486.36955470412 -2508.7149743583086 -4525.655379894937 89753684.77611266 747.0 139217031825.43222 0.2046949464777437 0.9737902302794751 4.18983421751757 -1.1209411928494384 1.2341393154530915
0.0 0.0 309443219.05651855 546754380.6099014 51139405.93229139 7441.741063929743 1384.13575965356 -1204.2892632254484 33456858.551380955 747.0 90213601427.37701 0.11667949965648011 0.9739269278570183 -2.7422536009926106 0.7956431125420049 2.5437733780665783
0.0 0.0 -38153485502.4709 -7041958534.583054 69275921.31956881 860.838296860129 2199.9671166512417 -671.3150665403637 80690744.49677783 747.0 131047281646.61877 0.005848338013113477 0.9809573886553299 -3.352884661400421 2.181867398256115 -2.3236974941987847
0.0 0.0 865480934.0050049 411261639.81292725 152957295.84549046 757.9036287734057 2490.0207833825225 -6419.68071343231 61185995.44422962 747.0 209938838844.27417 0.2124973497051355 0.9994452713750659 3.220634149087576 -1.7121822967599905 2.0022641833103805
0.0 0.0 13239799402.727417 8731237910.901272 -2509711698.3936443 957.8060304394221 389.0833586426088 555.0738224321658 21739144.106799524 747.0 74150185875.20493 0.002100005413297107 0.9984879934362604 1.0227185113109043 3.0068291495389277 -2.5018966240624954
0.0 0.0 -78018729.29788971 115902640.13186646 334744669.10211754 2058.772886909781 -734.1066988177149 1165.0717319530968 110311682.87627752 747.0 158591763462.90863 0.19073608511626453 0.9975270825015884 -1.3932511655881032 0.15235355786393612 -3.5480354008231525
0.0 0.0 -219491834.55566406 -750125775.2759476 209958863.64595032 544.7305563687714 -225.44382861889972 -657.8923210070514 99083489.4457638 747.0 116698008924.87445 0.2039845636366408 0.9995541388020355 3.048299923321277 0.46201775637436754 -0.906885177506617
0.0 0.0 -167889564030.8564 -193178020438.3642 3312780678.952476 44145.035500196165 -16668.822817364824 -676.5702143952924 31527277.048890322 747.0 100204466617.32883 0.00909595939256147 0.999921250799848 3.7464254174449994 0.9298484593055156 -3.2395564301984745
0.0 0.0 430521056.4770508 77204238.13683319 -83243625.92891884 -8094.971072645369 4144.095061154276 1287.3021495735534 93807291.56589209 747.0 48286120026.34091 0.21890661549506285 0.9874623650733508 0.12724485451973755 -2.369619388874165 5.488835571740026
0.0 0.0 -7926764994.513336 -8866472431.105896 803054110.2323794 -565.2233722914498 2659.9504179180476 -4654.921053454301 88847566.30392165 747.0 176609288313.88678 0.31765030490539103 0.9975886050462678 1.6901369587386244 -4.933507920358538 -1.2448274334273308
0.0 0.0 -55367357334.88069 -188806593729.12027 1134738875.94734 32983.08171261879 10973.37293698647 -795.7941910564452 24660110.38004116 747.0 69471939748.71716 0.02181252821637039 0.9975444361255713 0.659419068791389 -1.502009537380064 0.47489022184032836
0.0 0.0 -252530010.36756516 -177737368.2050476 758198.424759388 3702.989448067343 288.279866598479 -209.14154300227443 125394732.86507262 747.0 173501109430.08417 0.22048910001064767 0.9998530927704574 1.1845939178764469 -2.4431509865027334 2.823963024608972
0.0 0.0 3823074825.0888367 12710293503.007202 -10030724935.62185 1056.4056254276948 352.78975524616453 -2249.6328668768983 95166192.10605587 747.0 38458031632.5719 0.19533442518912064 0.9997103500444757 0.9525818841319652 -4.5332201902981195 4.146463316768362
0.0 0.0 6424999374.20517 2931141673.310028 -876584274.9455895 -219.22058532863048 231.2836072954924 666.0102691999837 81230490.54226647 747.0 81025581152.03143 0.08420436990251011 0.9993638003516723 2.252929723022625 -4.763321587861952 2.1644567836945483
0.0 0.0 -94777812.20767212 688828423.6106834 -345884235.64044285 6943.962541578895 2252.2922073870723 -804.6879553637023 30467263.707141593 747.0 79049220392.76897 0.012162992179655469 0.9909250986820943 -1.3730533752170007 -0.2963899974634854 0.12363716777130795
0.0 0.0 -6217750636.123688 655982787.2470818 -186904803.75263214 918.3916954032111 -2820.5373952724985 83.19166811615867 107708479.27135882 747.0 217492076010.39297 0.4424880952407236 0.9987629396827292 0.29388369693967586 1.2423601040984664 1.4207681652514397
0.0 0.0 18577245.002738953 -203939528.8487854 121959456.7720871 -203.79304149402742 -69.0840078627607 -135.70971554793925 84376959.37838045 747.0 96207612752.74469 0.055641202035213964 0.9920233028953718 -3.9715662693015923 4.803969945882951 -1.6185959062343298
0.0 0.0 62579057.89038086 -57087162.81642914 26767008.38741976 4195.844538518246 3226.1201255758388 -123.90424752464043 55896286.21459418 747.0 34740243856.21307 0.18815967543732484 0.9962271752297612 -2.6453170600711706 2.119202470498615 -5.526555184081886
0.0 0.0 -233122233.74475098 177753724.511261 -142915119.79350662 -2588.1899169193093 453.94877460140015 1398.4905142119862 50640004.05717173 747.0 65937072186.831116 0.005149358723711861 0.9999185592071015 4.592507197888356 5.951090824533966 0.7778001988193972
0.0 0.0 505499552.72109985 -276669920.59101105 -148880576.56426167 1389.548186213451 1767.1576741878744 -778.159595378688 31293509.85110556 747.0 64387047418.19113 0.022219300367679953 0.9999988885272526 1.3251618751186065 -4.413322919298104 1.6674418091972127
0.0 0.0 15938797665.758896 11037455915.430786 -3562593505.156522 3664.333060423589 -2649.2939902776307 -495.30610370713043 87115189.92221256 747.0 32367475818.90396 0.19054013717435087 0.9710728185876434 -0.299216391689861 -1.0725518780748913 1.072334361307404
0.0 0.0 136977339.68178177 -435645735.16360474 -351146635.055073 2461.452891644207 741.6564886898018 -953.7511874581295 69524842.3682765 747.0 68549596727.92557 0.031858107914734576 0.9997823246268547 3.2465491870391316 -1.0334199572946003 -2.784452823738839
0.0 0.0 -1224409427.5141296 36755356.55149841 618402377.1208522 1411.7058051465874 -3155.593084535856 -910.4630890282042 102807481.8820484 747.0 56065790807.2948 0.258826254410215 0.9880834073047275 -1.261169398334533 -0.26905681708274476 3.2497057554147077
0.0 0.0 951430379.0473251 3485106775.809601 -757929096.9350629 5121.544981473367 6850.099249895406 851.3176366114642 116513925.54031056 747.0 277931569474.0619 0.3863871386381044 0.9999980998600221 3.649020928751132 1.0971328333196109 -0.7295364100599455
0.0 0.0 -19486238746.529144 -25904251277.61551 -43530406.35717255 -7203.6746797289325 3486.631408646841 -443.87542659666974 75461255.10729837 747.0 119904063871.4183 0.15467776651147 0.9968539882828958 -3.698175142856604 -0.6331589000832312 -2.485791059978009
0.0 0.0 -7319177.506622314 -29074964.17138672 -83901358.96656704 6135.4384857788245 -255.48020838496814 -1394.2459878021614 41322185.0224828 747.0 200641545086.89 0.20609495342998094 0.9985741352059371 1.4341522731902046 -3.6999574471803935 3.9245134333477996
0.0 0.0 -389197328.9924927 -129622686.64328766 -118445334.70421124 15324.187894881312 3771.9145693298924 -1124.088748098294 116930044.23308752 747.0 15892073581.116425 0.4619504474440731 0.9862319310202666 0.3012936630371723 -3.0885198072618048 -6.159805080798035
0.0 0.0 -3040329121.242981 -373314630.3677292 2796082948.057755 5720.014036812093 -2058.9132735854073 -507.04667949359145 40617317.23288019 747.0 61096589024.86691 0.024825684808044576 0.9989565355293917 -1.6421731380957358 1.9248813847083253 -4.832302504445201
0.0 0.0 371636360.1755371 433804231.10772705 -174053991.74599767 21.09511606492015 6236.993965806384 502.5317029257581 38839059.87171945 747.0 89305555888.39505 0.07089837517116646 0.9914311229235102 -1.7138183872108983 -2.2522880438821256 -4.138875892140614
0.0 0.0 2001017080.254364 1732140926.2541275 -390808971.37612057 1201.5960851028576 1675.1857173381431 485.8428623472278 17690048.719933808 747.0 50174947262.38205 0.04291590288785507 0.9999797606254379 3.3567032973681075 0.1160006371056294 -5.863394863304171
0.0 0.0 -290828569.8711395 191743439.9913025 130659369.75751066 -650.0109110502017 4477.68392859598 1396.2978404597454 108301890.29169643 747.0 52459257147.46857 0.14471321044015592 0.9982636716133693 1.0212984586565024 -2.669493033677411 -3.777535450595107
0.0 0.0 -10985792345.814789 325695773.91941833 -10496088780.97238 4209.951608530613 3167.675727081907 904.1412124862293 53930591.792465016 747.0 65670634729.40027 0.24004517305202897 0.9999971551593472 -2.3765805230765604 0.34892891432625806 5.2389783181095755
0.0 0.0 -65950420.611816406 -393212636.92453957 134516761.9949007 -180.2045445002815 2885.291356095451 613.00662184469 72417470.83459094 747.0 57345023571.13025 0.17776128186391946 0.9990801328276582 -4.388840762840461 3.635638830542544 -0.5616370402055826
0.0 0.0 -497915369.0000591 -100581425.01977539 81912257.4205246 1674.9811229492298 1873.882517996309 7185.133435059245 49714323.76249525 747.0 105280482838.9939 0.0984997196060208 0.9737483749786017 -3.9018401748561633 1.7973507684742005 4.373100699746138
0.0 0.0 47519249.732940674 -79512253.3323822 50189393.23952055 1290.0303072630031 1801.571109312743 -588.1148583950493 68504828.09192774 747.0 57952847196.56253 0.008447976327175186 0.9996046146913031 0.426362511329596 -1.9370597387669661 -0.9387933388850698
0.0 0.0 609916178.8373566 -29207702.197387695 -391923640.9352813 -91.92246213884937 -1116.5803505552444 4482.410724625635 93127487.20829111 747.0 102122250412.06085 0.03955340724109278 0.9857118677782216 -4.060154244873633 2.526719826500742 -2.636148541227728
0.0 0.0 20884909425.953094 -50833649666.41092 -7712424935.583453 -5064.881071977559 -1863.8442920757188 -75.06984967050286 67824299.84161997 747.0 70434150293.77774 0.2284819677949813 0.9980773403573042 -2.656417171509229 -2.7539929042554387 2.9292033968344544
0.0 0.0 -104029522.57592773 -144130840.55345154 43960168.86737442 3150.7829914547983 -713.2234755914833 -76.36330212687949 118789785.3956542 747.0 82216662548.30093 0.00905115675089642 0.9999944259639388 3.5654005305788026 -3.326800923908454 0.8823744517210614
0.0 0.0 119928590.07337952 -197551758.23121643 135596913.70930052 2493.635070640008 965.2754640152652 -991.9104400343631 37413319.100706875 747.0 70951402472.85654 0.05419250739449254 0.9965008290568587 3.125772389593061 0.5795628795779093 2.7806429177554226
0.0 0.0 504812328.771698 -85254769.8565216 -136916690.88491535 357.96389601524425 335.1641493214629 1097.8323452069185 101848903.2774906 747.0 140123432821.73444 0.2148831241274317 0.9997148251860384 -0.23347206520617325 -3.3480716719054175 -0.026955491496453265
0.0 0.0 83298255.43440247 7246072.041610718 16710143.380767405 3106.926062248367 1577.4933779898402 -1111.464872531747 41625748.51919423 747.0 95057477465.21252 0.08761289126567742 0.9962610171413988 1.66768812682709 -2.9756753565492486 2.8455786509275653
0.0 0.0 842630476.4625092 31210046123.361206 -658737673.7147517 4908.643981291907 1520.4928015120495 772.9098738089091 35305281.53718077 747.0 88339857686.94174 0.09132833670918714 0.9988031838933543 2.1598780015532526 3.3043959324624725 -0.46112443002377246
0.0 0.0 -505826482.12750244 1714526778.8007507 -497504850.8765843 13604.222634557531 6364.7866367659735 720.1918353768162 79733331.43929033 747.0 181620724519.89807 0.3132546843295197 0.9799356466264277 -0.894175567220725 0.02300287873784801 -2.393698464446837
0.0 0.0 -15717203.557006836 149226370.9256134 254218674.02530766 -270.42278367653125 -199.65162296681956 574.4685194477306 85291985.9797077 747.0 79019934861.81805 0.008891774981954585 0.9998204638220617 0.6335043577035233 -1.5975158093429687 -0.7625690392079596
0.0 0.0 66732940.970047 -404905250.24853516 94338227.73097324 5916.4746276951955 8989.693234809938 -130.187671720237 34080352.853259 747.0 53330557416.25592 0.2608892260547635 0.9995276503813731 -0.8335540521195948 -1.7552747389276468 -5.412777672035162
0.0 0.0 -301530571.7427826 -258211587.75558472 -255420900.67569518 1924.489581931186 8063.077037278959 866.2450120377889 46539522.68522608 747.0 92634018889.47913 0.024536236391595967 0.9998273434710656 0.1969218477617365 0.24498983647861372 -0.8028945205266602
0.0 0.0 294186995.13516235 -85772601.85501099 443550836.1692219 2531.8130567664957 6848.695691394922 -7715.468017247504 57106629.752335384 747.0 89807979099.01099 0.03306207556019614 0.9929473609023142 -4.020782829057374 2.0368635430229824 -1.996477101878245
0.0 0.0 -113932660.03048706 138152924.16937256 5786051.786928177 7886.2053409488 -66.11150138398443 -880.5543675709033 58505537.99392539 747.0 376429184821.64343 0.49117508389572956 0.9982129327828742 3.539926273471469 0.5755465815119483 -0.33442811797131106
0.0 0.0 208858408.40583038 36069270.62625122 32399091.494769096 2339.890806096362 2375.5114993335737 -1996.39697143692 53513400.508191265 747.0 54149327765.22006 0.13543369748413744 0.9990017170519042 -0.8149883833639353 -1.3761384572599598 5.102643174484488
0.0 0.0 -124682220.67181396 -38922344.95010376 -441859183.897904 3357.7720302888483 4960.01103824772 820.5189006145641 29510667.221066236 747.0 121060840267.09537 0.1068625769417036 0.9999924335384086 1.384591271167803 -6.246660701512648 2.2609529312086107
0.0 0.0 -341836215487.88965 115223012971.31303 5623715340.805386 -20602.245345397412 -45532.03661497182 -375.7579129481655 27264973.004284658 747.0 74454037788.26553 0.07283965037088423 0.9999210431978663 -1.5754040239141838 -0.10004650184058494 -3.4218687891630664
0.0 0.0 -21858924979.817886 -200585031582.59592 358707542.66331553 43044.4698679714 5336.711161230687 -999.3161148774287 18425915.6662538 747.0 90252710301.51439 0.08765529538130998 0.9783263601473073 5.0657035606690375 -1.6042791511351537 1.7403693619037552
0.0 0.0 171449.81651306152 159110739.99697876 -115972315.05918407 1236.264617689856 -589.445949757715 -173.8271449122957 111053131.8223202 747.0 109007070564.67953 0.18114755828541607 0.9981308067034272 -0.6199232788386326 -1.5215076192358399 1.2429408468052896
0.0 0.0 -11209996037.782227 -23806672428.871674 -1490044046.1812048 -937.007106176723 2466.0339387083986 -808.5820023275069 69260154.21469043 747.0 86622605913.92532 0.0470118809292271 0.999608788709537 -1.5581358442220101 -4.627509852534393 6.067108563721187
0.0 0.0 -198830954.87905884 140199561.26985168 39564414.02841282 -151.5258686084635 2368.244121505588 509.287728168869 59854449.318007596 747.0 44712052639.186584 0.14542440658533157 0.9999372523355772 2.0538545944013173 1.8483423335655973 -1.6748747991547408
0.0 0.0 -661058987.8714333 -1062910486.0648804 114579939.945889 1957.529786738629 1615.6384320062211 -748.0884215234832 73841527.63304642 747.0 78790719288.86377 0.061848219742320784 0.9997444515695437 1.4270796249343358 -3.4116926481826377 -4.3035947474450795
0.0 0.0 -8093509964.392609 -5797153183.002213 4620032343.307039 3111.973192630401 825.7384117680158 -695.4557220622435 42096110.10694781 747.0 88659100906.10022 0.08442173260570802 0.9998562522230325 -4.569848034897483 2.4230092920359323 3.824560699666864
0.0 0.0 -32779662497.904236 -12641908947.320808 493091597.47246456 -254.23504096192482 1760.7795710240607 -696.6797750483569 117285810.12163644 747.0 80961680371.55258 0.046897736781639346 0.9998157423009327 1.6085833207176616 -4.605386607691045 -1.7570922747913267
0.0 0.0 273221896.8242035 66642021.58303833 254164693.21468925 -792.9183450875171 -11982.815348266671 2800.779005359749 37752818.468058206 747.0 100216478341.79666 0.17983255370349596 0.9851882506166162 2.140290065747928 0.00453731160330717 0.12071045966531097
0.0 0.0 -42586486.973602295 -68517768.40039825 -127500743.07911873 4025.1173338440212 1966.3220505224126 5476.392689126187 47553086.95969586 747.0 120740816002.91638 0.055966347296946994 0.9948342302003337 -1.665667673707147 3.083390628805919 -0.15438548435501687
0.0 0.0 515561282.1702461 -394420655.5913391 11229645.08782804 48.72746244811424 -36.881599152235594 1057.2012747171846 81798317.43973652 747.0 50332982224.10889 0.055531896722072496 0.9983967770940524 -1.1164205148940225 2.5659706051793685 -2.6792442586232013
0.0 0.0 8535635546.962341 2825046092.48913 -18908912749.0571 204.67660419134018 0.712756468776206 26.009833229989425 78905602.39191681 747.0 38976605037.73541 0.11107950735968802 0.988079740388909 -2.2058829466702883 3.16091135798615 -3.181615384410339
0.0 0.0 18766456.516075134 -65862465.68185425 61144558.05451906 4099.157919131601 1916.9073323851735 -185.91652157336773 64424916.020746395 747.0 95310255149.4415 0.055626732788675914 0.9927784810998163 3.695096776586763 -0.843262434229279 4.008325463629978
0.0 0.0 628127575.9799347 -1976998765.7864838 266260277.805084 -6012.124977205669 4888.845952936001 1172.4500237636435 52954105.90574689 747.0 1987085617.0660095 0.35013679385041957 0.9997343165203632 -3.0021377487968595 0.45905606807710697 -3.933687978923767
0.0 0.0 -31277909060.1985 -20715809048.201706 38954258367.190414 983.6839192878251 5495.649752746107 3627.145595261473 82372342.0224323 747.0 112776818450.31613 0.04195622836585996 0.9705073056341726 1.8574667420149749 -2.716806777480163 2.8413955670377287
0.0 0.0 3921478930.4881134 3563194682.860626 5484097832.047489 5828.770808928188 -6647.825157655741 -123.37442789776014 32658846.430148724 747.0 74643453779.42953 0.03090447905287995 0.9694950775791211 -2.0016892333308003 -3.019261281990825 -0.1903041720548816
0.0 0.0 -50341852792.28256 -9957199353.22879 2746103770.964593 483.3876661834056 2691.6970665692825 -680.1191559608604 92899242.71998481 747.0 70691610829.97961 0.04183268986787013 0.9998798357310469 2.0320354095129116 -2.126958987435977 4.558013968232659
0.0 0.0 -43447604.073036194 142666884.6729126 33473080.818804264 3232.697011544278 712.984538658362 -709.0046249204709 55141459.23569049 747.0 102457277020.67688 0.03939373980160251 0.9964142261006556 0.025284425862965476 -4.332206498087791 0.875938307263906
0.0 0.0 -97717868.22158813 -150871000.5078888 -52659953.490453005 -1666.715700411295 -1551.1162428296593 1455.7846029499274 78313781.51663515 747.0 13418472056.98236 0.16672498152765564 0.999504197174752 2.1528545151856626 4.76687158508749 -2.4157828728848787
0.0 0.0 2829872165.561035 2112094376.0282898 7268082911.927452 1265.5189162748084 2282.813575925182 -3145.675315287157 66188714.0045775 747.0 17436087665.207733 0.3548312906883695 0.9796482714854896 -5.22224611546912 1.0908601473979753 -4.173773298344958
0.0 0.0 -1649131166.6533203 -586561734.3495941 5047070003.521694 -6555.251282373971 -1879.394968349734 -667.7480968610053 52191706.6957522 747.0 7485313808.257507 0.07917381072371793 0.9990723135129558 1.735206001793767 -0.24554221355884934 -2.6601265936870355
0.0 0.0 18414592558.933212 36626566245.84958 -3677729662.4026628 749.7790777460032 8971.92340092102 7.633562273347728 23479271.747394152 747.0 209559425180.6057 0.39259811852933696 0.9854290975013215 -0.8050338600815563 -1.037546570258851 0.9591608860415272
0.0 0.0 8138899307.213501 2088357944.9994507 -1082200469.6708086 2472.131993863921 -132.75899010555804 -260.2918537382177 19869108.544200193 747.0 119108301218.6886 0.1976820357674415 0.9963898739699539 1.328031794145657 -3.2978269032496526 0.3608286383229016
0.0 0.0 1421035346.5533447 2088834818.9041138 -4397838827.458172 -123.17985544791736 41.762462916376535 743.8371957568806 79161072.8982389 747.0 77991319759.43271 0.06757232280002391 0.9886585736730317 4.994449182511978 0.6639776466405904 -0.48938227560652736
0.0 0.0 -55162251023.06421 12446479147.073505 6347557950.537112 -537.9168284083294 3494.620301514671 -439.9892359982864 111176563.2867162 747.0 72952144117.39255 0.08003387863629455 0.9984383298021896 2.8334465434896194 2.0320146847831406 3.6906295667423925
0.0 0.0 220436534.81848145 655835337.3127136 172690676.6647787 1916.5755409046942 -3682.432213056045 1681.6688806453599 125702676.12504402 747.0 48836959678.302826 0.05470345558208906 0.9999623011027825 -5.256974438294082 -2.6879555053547586 -3.638721847968112
0.0 0.0 -10592925414.483734 -4183363834.8539886 -937451934.8618605 1348.6628478267012 -502.32861713836246 -480.2579559277319 115984362.52802323 747.0 63996432107.86728 0.11562480846954623 0.9999377021102875 -4.446009978404233 2.583710747040784 -2.0991720736514954
0.0 0.0 -170800120.2763214 -77119221.85777283 60426884.30887151 2481.3749493324394 1911.8207270157654 -1525.4957187986474 123064912.33581251 747.0 73641888485.0181 0.06484559858120288 0.9982030395921966 1.9624747526704795 -0.42515754410124007 -0.5775275254520464
0.0 0.0 103232662.51495361 -620688603.5782471 -1324283832.5913982 942.6225932263333 1612.0068292961641 -943.3472550641413 71969470.20137356 747.0 90682344649.15195 0.01782059039467601 0.9952653518365153 1.9046791249634014 1.7941389145777618 -5.097871419635785
0.0 0.0 -23902915699.067535 65876125718.222244 8061671528.234663 -2234.3475096721268 7959.390260972163 88.32824081669213 57996670.48993692 747.0 96364223137.63248 0.08335341118052823 0.9999862089314987 -2.098525692129161 -0.250161060287217 2.4704395950741493
