Label M_f Ep_x Ep_y Ep_z Ev_x Ev_y Ev_z t_t m_0 |Delta_a| |Delta_e| cos(Delta_i) Delta_Omega Delta_omega Delta_theta
0.0 59.53480616894808 -41337942.409332275 -32090184.70335388 134568625.62314352 -4720.653358540155 2601.0158614024112 -201.81954296095068 44445377.36855882 806.5348061689481 19831205666.464355 0.16042175640897965 0.9999459355290236 -0.08757837819097242 0.6097140914996333 -2.137050773000278
0.0 281.68431366362256 387582828.7879944 219458400.88346863 -512154571.0585213 -1191.736781435171 -1862.3686621492452 4737.687728279365 119017861.17497747 1028.6843136636226 94286644367.04846 0.06988591396438219 0.9853450932283255 -3.9885002433084615 -1.3201060165617258 1.4214251035591263
0.0 86.4598586401886 187086342.39128113 -218933355.87667847 307409538.06199 -530.7033846861814 6067.265356214356 509.05228343832124 37599100.018920355 833.4598586401886 28305839733.208923 0.20404643811205536 0.9997357303570262 -0.964888361651502 -4.682444340314613 -2.527734046645746
0.0 101.89465483254696 -449132202.2158356 -133381057.83816528 -580576830.8062164 522.7764600558057 848.6613219847386 -289.34088626933476 70025305.1432524 848.894654832547 30186983027.655273 0.009314897230409458 0.9998920099091425 -0.5467084681359613 0.24699416227383764 -2.2307818199019582
0.0 163.01339076432816 -12121148.326965332 38361860.87901306 274700572.1630131 2934.2512876573765 908.4138414992085 -1201.9852738402842 95131049.39931567 910.0133907643282 68343374321.29697 0.19389132780315527 0.9986732628723582 0.48852275378002075 5.390921508021374 -1.9303981074786254
0.0 187.98403745494682 -217898541.17886353 13795484.95437622 -418175013.43092537 -309.54674964253354 211.38133494532303 -1211.2260247335876 114955602.24408646 934.9840374549468 44657018964.081635 0.007672402006503626 0.9969790592140126 -0.4603534170026058 0.4117832434412046 2.565951244987786
0.0 117.76147108294174 5568691.327064514 88646190.96557617 98407701.40232283 -1220.5312318151591 119.69239589165454 721.5781865176855 74534609.84272122 864.7614710829417 31759555709.53244 0.08875419499062549 0.9997501916450159 -0.32759497218801426 0.2388076723314891 -2.1447843850480885
0.0 142.52153707284094 264952237.70285034 -353771041.46418 63302296.68271208 -234.01699208063383 -152.11841348774033 107.45068368967532 73637262.9802631 889.5215370728409 13697211914.120941 0.004265939776347316 0.9999866300845065 -0.27660648068305405 0.416940760759835 -2.020982218671541
0.0 31.184978765251458 375914455.62442017 409003201.0641632 -101357794.78253007 -433.7439950768512 66.7253732854806 679.3285146828268 17894009.403129864 778.1849787652515 17219072531.52191 0.012636346746859706 0.9997263320232951 1.5867199375415064 -1.3464000296546308 2.2903209613232067
0.0 115.17909545193186 117587207.09765625 -301924003.7719574 363472148.80308175 2150.588430955031 -395.2587328052905 -2302.611112011775 94200493.43944015 862.1790954519319 65443311536.537476 0.1248558130396035 0.9958554892481694 0.7877918119076206 5.287490990539457 -1.8826240518076773
0.0 56.77218834448604 104444351.69552612 88329944.31532288 -41259655.668335676 -8176.682281517037 4644.027279630107 -423.77675290438333 46761395.28647581 803.772188344486 16061607546.673706 0.26461806754644407 0.9998263400320448 1.2803586583938875 -0.2431354505201091 -2.21539389449946
0.0 192.46296286540564 -472943498.92349243 723280066.4916229 -483327912.0502472 3910.5543130596952 519.9961165734821 -1153.7791854734212 95864121.54716952 939.4629628654056 84081261760.60516 0.20532141235402315 0.9964920435425738 -5.550639588920948 -1.1093213622391218 -1.8223850382713473
0.0 201.11822406857914 92330473.56278992 -89211909.93008423 -235590479.3213024 1380.686493493864 -13.351836044600986 -887.6045794206697 88640337.61832151 948.1182240685791 52579734646.354645 0.14340987362327856 0.9995746178620534 -0.0639544536738057 -0.02498236083743821 -2.4825420483279794
1.0 112.4948224148734 -1530825.336303711 3917624.3063583374 -8012363.977957368 -539.946848365269 1253.793579102654 -215.15326745226903 101812026.705382 859.4948224148734 41120376735.90094 0.010490297138213395 0.9999235622324127 -4.69055315257342 -0.8650401371014844 1.2460152858917986
0.0 161.20894941353197 -116942621.18974304 -246179962.59150696 429906909.37224406 -807.1535360110902 -2531.708434373577 181.6677505626589 83617493.26129384 908.208949413532 68223527833.90646 0.13409179388494724 0.9999565977071767 -0.5181774257247536 0.21988833026753607 -2.144538065563774
0.0 94.22774094085366 694797179.5407257 722112395.4441833 -265849431.41812992 -685.8461638615954 233.9120303959753 105.0293354795864 74314688.16816536 841.2277409408537 28137712237.562134 0.038964024426934724 0.999765650126323 0.4740474351772277 -0.6461867320200165 -1.827839387210533
0.0 45.73316896831261 -196392309.24235535 9451640.902954102 -148169866.09057975 -2641.237499286468 8381.647634479381 55.966451250012916 40959477.1656638 792.7331689683126 24362158183.420105 0.26183599644947475 0.9996533128041618 4.312007493773751 2.9259217471289167 -2.442801255481812
0.0 99.94443707922994 13108649.646392822 372136100.89009094 8898159.284780264 -1512.659622210449 138.20972697888283 350.25101035779863 77797232.51701507 846.9444370792299 25376196578.500244 0.07657527214868207 0.9998599421018152 -1.8937020811465712 1.7021755276170956 -2.4779961104271435
0.0 124.73325860854857 90418578.9738617 -360922768.98083496 -117450498.34513092 643.9050305902529 -1324.1079618046642 -959.8913494348737 87071322.06207174 871.7332586085486 51138675790.46738 0.11364866251587405 0.9983697957472185 0.48179348947909895 5.492206688449503 -1.9294137357724712
0.0 194.34044605052452 -588026007.8344116 494104152.29345703 253561287.3007679 -3166.70467426749 714.7681439564367 -2749.470579044824 120510990.1596801 941.3404460505245 36903108498.57291 0.10687915321056096 0.9770968096722644 -0.3805570503161926 0.5906482615081282 2.4788797577583246
0.0 143.34904554056686 132669929.85646057 1097080135.802063 -913421724.9453344 2866.684823829655 4171.363425198368 -1531.0856056803623 99647751.5728221 890.3490455405669 60842833814.34082 0.1478571785020928 0.9972680014216617 -2.1833869171005036 1.6910984105550233 -1.7843223845072287
0.0 95.60820303884509 -147956765.89857483 99171245.62496948 79492453.37510395 -634.4582075451472 3.516030224316637 -25.920079574715146 76655157.37678836 842.6082030388451 19258541824.93289 0.015735281449524657 0.9994773627729061 0.7902054564778815 -0.8839123865712873 -1.692511767038619
0.0 169.55364983482173 126343277.0328064 -41754808.196746826 -268993870.27911353 -1020.0093011287718 228.84182347037495 13.143642151301151 126087350.56566541 916.5536498348217 31633464917.844177 0.02444099467412636 0.999932542489927 -1.0291356217435672 1.558030143722504 -2.9422761493388463
0.0 195.4890501091279 -535634492.40200806 -248287570.22528076 106176619.2511077 2061.3762082516187 794.6293556638557 1412.6884605041396 127734395.42447515 942.4890501091279 73602003763.62933 0.04003886733129984 0.9983278781243665 -2.0547216211880164 0.9550423329760971 -1.042202251156364
0.0 97.52182010419654 56179763.55729675 -82237265.4651947 -354807738.9054656 -577.095623472851 238.38755514134755 301.2432459876936 80529858.08412634 844.5218201041965 17637429270.07144 0.039517572688783975 0.999602828607143 0.5404052202028016 -0.6151639851257044 -1.5149534870522554
0.0 213.2219140184444 -150177561.77423096 187232989.8994751 -344990697.8125591 -610.1652026794627 -689.3513742502728 561.6832377281428 122905268.93258986 960.2219140184444 58061143148.80902 0.04277297801769095 0.9991728677489 0.03526243981474986 -0.1328719010573396 -2.7003989483623214
0.0 127.89099547617843 80285433.4109497 50930636.13105774 85474252.45652342 -318.2584325232747 306.0398179906042 288.72603306084113 73500035.26357074 874.8909954761784 22125851460.354156 0.013259756285007779 0.9998669206876789 0.21873067526001888 -0.2683509172978145 -1.9607496721208
0.0 107.13791256430784 245709898.33200073 139723342.80648804 1012166348.8435965 -47.42750941296799 71.96691033002935 121.88792822685406 66607170.21875539 854.1379125643078 24108764211.638885 0.003590491393924977 0.999974818954011 0.029558418587601 -0.047879929624234596 -2.712670719452133
0.0 192.54955770422737 -269078628.685688 914285557.6364441 -126059250.41666698 -435.30484425771283 2976.9117280367354 -574.6219080244297 106346289.05222312 939.5495577042274 51136646683.41495 0.1550674597582583 0.9999472306004896 0.7302887543864616 -0.6529577915698004 -1.4835040868949505
0.0 99.84687561951239 386330895.30532837 56349080.61261749 118402613.09018755 349.0394087743931 985.6520856818497 -85.22128692991188 67130195.58505818 846.8468756195124 39547388732.83197 0.00879932294224714 0.9999997872564221 -0.061314677595574074 -0.4110392749657207 -2.1593140787247953
0.0 116.73832425238675 130545782.81744385 103801898.32034302 -109448623.91012955 136.98088324579294 1214.112267803339 600.0187522399914 75161613.49562138 863.7383242523867 40551753333.24524 0.07989638371377908 0.9995939312459132 0.13437926491293029 -0.48994170876096 -1.901177457836857
0.0 81.54513612775656 -283899457.8262634 41839309.01150513 -280379471.4489082 -5627.036421693028 6287.366802085455 -112.16905041547203 44790762.511216365 828.5451361277566 27493015722.690704 0.2800597509728026 0.9999890591805235 -0.3143337556000797 1.2591278326879667 -2.2557049583671733
0.0 116.98845140473918 -330769562.47805786 -167191713.64363098 -220556243.74308777 518.3901181785841 -1546.9886068263404 -1106.308084445609 84852431.32917328 863.9884514047392 45276242582.573425 0.10155005890450722 0.9983276438837141 0.06615980185110493 -0.3747611891430198 -2.315039654896181
0.0 200.20372149910588 47776173.4857254 10129592.142852783 138531885.46479368 1692.9421025411611 5638.937451093589 -1882.9203934496936 103584215.53045511 947.2037214991059 90442596652.7244 0.20356227791894246 0.9924552970655942 -1.7632978143553855 1.316200498949799 -1.4889439400869973
0.0 112.72951451150664 4254496997.805023 4066352075.3610992 -1241647554.789445 981.0303582348843 -275.63937948084276 276.32978519064176 73310696.0177285 859.7295145115066 40850482411.53052 0.013013374744891254 0.9998837023770717 0.32563786892287194 -0.7744225101076898 -1.7856940736475968
0.0 102.45423165741806 140478046.559021 375649960.0001602 -571544282.4443078 1205.46476348553 766.3679570567328 193.2482603183214 70558807.74438898 849.4542316574181 37240307344.46979 0.02980378898966174 0.9999162778391323 -0.09352750762035422 -0.3005846308762063 -1.9247662317116918
0.0 97.93118193893838 785435749.0483704 80534093.08744049 -280475151.29056835 732.4090780940096 677.1843687375695 12.151430795124952 70386613.60689525 844.9311819389384 46246990110.61063 0.017624088710272545 0.9999847028003456 0.09878172458058443 -0.7098032421695996 -1.7028428070134831
0.0 115.95885803321448 13666484.715675354 19908965.81085205 -24349951.187983513 -1683.3833607532797 -8323.655005493476 -334.85201149056604 74064325.5745584 862.9588580332145 39473121886.077484 0.05205726312670003 0.99999915330417 -0.09102050364229564 -2.1587114542066037 -1.9520744999346913
0.0 103.1941754148346 21308605.893859863 171551734.80142212 48540420.15686798 -617.6887692629098 650.719793139644 577.6040690366448 72787729.37679008 850.1941754148346 29996688336.976776 0.04502753236401774 0.9995823430482556 0.03792976109345925 -0.2386659917713834 -2.0251738908674723
0.0 204.9327079341723 -163608755.92309952 990896337.6809998 -203202471.30626154 -908.8159639462392 8906.482592365357 -535.1100860933905 117699487.47249976 951.9327079341723 1932409538.6734314 0.2473713539896009 0.9998840391087954 1.1082166964393663 -2.0093726093757756 3.0627826768352238
0.0 87.41358602480909 -105266183.054245 139171607.2475891 86094739.65385258 -922.6800489589223 2018.4966494989694 489.85182224833125 76528663.98721886 834.4135860248091 45440735531.387665 0.09511333593171907 0.9995481042858375 0.03189681700771896 -0.5003976443382725 -1.7082605069668357
0.0 217.84115988966175 -265096473.32691956 -596429707.5970764 -51140963.46999359 2359.74189000795 546.8205351236867 -65.3191194101054 127017902.3004842 964.8411598896618 91263228749.5307 0.11145001588858819 0.9996171713078009 -5.12623150813726 3.3982353970633223 -0.5302174818740263
0.0 127.44830745124875 -19803734.46450615 33526975.790161133 -97376548.79771996 751.7051404975136 44.691543224583825 -152.7084342416831 93885131.08318245 874.4483074512488 43301112648.17175 0.03830401807490544 0.9929565246224383 0.9842029316358669 5.25059958359638 -1.89720584922857
0.0 166.00286786477295 -337921271.3369446 127756036.36308289 391825762.0915785 98.87486058325976 1751.7261923407277 -782.9556852209228 103702806.03163025 913.002867864773 43564902575.013245 0.14920026871249165 0.9999483096678917 -0.20844818262584613 0.2981804086862294 -1.6444966827123741
0.0 62.42224178269191 14344532.493301392 505724210.41729736 -286393361.2041874 762.0297476875676 1446.4267265792596 470.2344761413255 32857392.67923419 809.4222417826919 20217441613.99109 0.08000065964477743 0.999726555527122 -0.34063302360429226 -5.898005055882092 -2.543659512960935
0.0 119.32887647544305 96440693.603302 -188789164.66002655 -27561486.10034609 -1793.3071594265493 -1026.2369095180693 287.05846596454023 80404244.59103705 866.328876475443 58413116128.66086 0.16626315045586795 0.9999128399915672 -6.028947185527349 -0.3647776925465839 -2.1937258409670477
0.0 105.46775277087215 179830805.1387329 6171674.176971436 -47692840.854206085 -267.8978485034986 69.79422456419343 155.03328099175474 77594951.92227389 852.4677527708722 7158702817.266296 0.00587923258210965 0.9999911067593829 -0.6029569884503867 0.8164583677221646 -1.9009382032100568
0.0 204.99657025696877 569996717.6672363 -379011203.6529541 1048850984.2816849 6895.340699823939 2366.689622025544 625.8675639550378 97200116.10917942 951.9965702569688 99348646079.03241 0.24585505180536912 0.9999747956889673 -0.36851083280834773 6.07123096001826 -1.5691223133923917
0.0 34.61549265348435 2602903931.269226 1639317261.975708 -109738718.17035495 -60.57805485386234 305.09447649073627 652.8928432701258 18164867.87271648 781.6154926534844 21931213846.542786 0.012135683845441197 0.9997003618167799 1.7644234552833025 -1.4455993801524911 2.3198287045408703
0.0 115.19766717524635 552897601.7269592 390160738.923172 -5635424.006993532 2757.8115847669606 1678.0249230282934 -148.18624120726975 69843666.20939745 862.1976671752464 49732760225.96216 0.030607728393426833 0.9999848277668023 0.4041363660482783 -1.5141992732256326 -1.075939693047382
0.0 102.26370249939635 95031674.42251587 15268658.890159607 -118347430.71841145 279.3616438483059 1086.0884039837038 461.42424161964584 63399964.43177643 849.2637024993963 26777752718.987732 0.019396293469656073 0.9996009576930273 0.10783280496081149 -0.6099625537946851 -2.9642269623309856
0.0 80.89136611352956 -376679838.7511902 413448423.90953064 -108778196.27300376 -6438.1088731337 4980.040753476116 -245.03931803237288 45459232.77554804 827.8913661135296 25986492531.598602 0.277956182597313 0.9999346086959738 -0.008489717173887468 0.8365881221222341 -2.182048106528324
0.0 199.6720935482 160333504.01004028 17086308.808547974 -212730567.0834093 3327.4393988551756 808.539712440117 235.5582940342768 97569804.24612899 946.6720935482 76364323726.86453 0.20955852380701864 0.9999291325355371 -0.6712428703173221 0.49563688336406386 -1.8132578643679602
0.0 147.97206749548764 125409429.25515747 272462557.68896484 -155586083.9425087 -5307.835949992072 -1849.4545414568784 4780.158997583527 71553729.41887493 894.9720674954876 53596426988.69913 0.10611206443451074 0.9688588487266561 0.7405445376869872 0.822075220843479 0.5182162294007571
0.0 158.33783199203822 -182595265.99612427 -302444035.397583 -59484246.26812744 254.4326254854932 1960.4870501460973 -838.4586503682887 102202127.9102754 905.3378319920382 55775430202.222534 0.02086206484125469 0.9998620140871429 -4.5423249416767195 -0.3960460992427266 0.7182010856592325
0.0 85.0386288409643 10438455699.396362 2282845375.2867737 24775118726.646805 75.72783410025295 -313.97093088361 -2633.516644574035 60639777.93065267 832.0386288409643 36762531961.75552 0.029172466107387773 0.9847991484017701 -0.7931359128726948 -5.668907255013359 2.439116964568008
0.0 45.18795613268105 493198845.44610596 659638939.994812 -286056064.55886745 194.95884562377978 269.73015524776383 259.14887964074876 29963999.645647176 792.187956132681 22247508889.456604 0.012287698157962601 0.9996848051343141 0.04166510093681186 0.06251869891815565 -2.601843852845757
0.0 116.30096379911345 932702782.9005661 -23377934.440460205 528773498.7768917 474.5447740068157 -8689.20975914995 94.33353323974048 74050776.42527391 863.3009637991134 35190157232.64026 0.07715602929301096 0.9998041972340176 -0.46914691798635716 -1.8542242613254767 -1.9901603516311277
0.0 152.77528447059126 -403585615.35543823 -1050186226.2190552 376891073.8075104 -2556.028299010577 -6265.157987904204 5322.77801865849 76168039.70570058 899.7752844705913 62976300574.18359 0.14463178789485961 0.9665712767368116 -0.822463833259276 -3.1469057418800013 -0.07752827728021516
0.0 190.34871294048412 -243868053.20040894 -239144447.44421387 -114601644.80653667 1265.676572723889 2582.5110425984603 720.1403943864786 128492359.65014224 937.3487129404841 94567364696.14658 0.20884721287040114 0.9999735598234225 -0.7134604478198402 0.01947905846213205 -1.6538191136136382
0.0 154.2826720399296 80133737.49899292 62294399.29800415 124372885.24584866 -2240.3820811950754 -4831.663815905589 1715.1596883074799 73191194.02354075 901.2826720399296 32170857772.691498 0.06089614569199331 0.9962370406460065 -0.930718192773389 -0.728214764303635 -2.5538088185603574
0.0 232.13371725173533 -369962437.39437866 184556994.81132507 627132888.8077745 -1118.65876674232 -1406.9401665873484 2250.709679805949 114334343.16573584 979.1337172517353 58117577274.457 0.018235626318018006 0.9959426500099007 -4.276218988500914 -1.3893073792355657 1.566885926486286
0.0 158.405371842867 41137609.945495605 -186969424.88417053 -72692453.84548903 2322.295205751034 -2104.1664005590355 -326.26857697405563 126803807.31622724 905.405371842867 93700069713.41895 0.011828618162942492 0.999999074176616 -0.3910808735270441 4.562194544552531 -0.22690672846917836
0.0 92.03468002006775 -2199911.420196533 -79974955.38827515 190685908.37790203 2066.324872607187 198.69727692088418 -195.95268862733678 97627874.32144706 839.0346800200678 59468896872.80783 0.11584781180963005 0.9983716269340565 1.0004905091892131 5.126900441470171 -1.686274338685079
0.0 243.16044450940092 -93965595.87261963 -194495206.24734497 273738771.43821144 -2.5946550610005943 2.7083600238111103 31.005550726854622 117237521.74910153 990.1604445094009 43771346935.3241 0.010399022849582495 0.9997184753099388 0.005486392303541532 0.1679433206570437 2.416956860714761
0.0 105.44286619473371 251685743.76000977 -80378990.78718567 78760346.5552373 -783.872471222021 597.9978865094672 -118.56074814695963 62153852.55045242 852.4428661947337 25898297231.21521 0.032745017429167494 0.9999540349129666 -0.7369438051839505 0.5621487205617757 2.418028537439115
0.0 67.10047886834366 -337688794.4814606 -72241419.22241211 -97029027.52739 -2908.688406298148 8235.209979691313 249.9990311986674 41952814.88302415 814.1004788683437 22446223405.513794 0.26808878728403235 0.9998715444282811 4.397535395668256 -3.3955382771694795 -2.3975240974983554
0.0 139.15617888073893 -110044320.66569519 15947993.975250244 -30520168.497485876 1561.0339725159247 1249.4620929123776 44.69547081398383 97635845.72447655 886.1561788807389 55435271759.4205 0.1568227343504632 0.9999080214677817 0.5990878771566495 5.514262474375579 -1.697424870218804
0.0 203.9241197842324 17101348.270965576 -138975551.05993652 132592882.13417625 2507.6548005671793 -152.86772718497105 665.1190054128575 122679586.80228922 950.9241197842324 75166588179.97202 0.036035912358549804 0.9995579507391285 0.023983719556244454 -1.091731972657685 -1.952028962364421
0.0 127.67705894826418 94567510.12012482 -39510032.85888672 -109974161.53968483 835.1877627456597 -1225.3966818779072 -549.3596523579879 85139876.25250141 874.6770589482642 53702395302.97745 0.11512022258290694 0.9997403885494858 -0.3107262720017039 0.06949156055006966 -2.3336279772646917
0.0 143.9172204421119 4546316.826019287 -91057853.81710815 270458809.3009033 -1.16769884731184 1054.4088466693174 228.7532501132614 98703503.30560139 890.9172204421119 46186336703.99127 0.047753345397390116 0.9999405874969118 -0.21139372929674882 -4.660708703483275 0.8616554918510295
0.0 114.60045277460404 -367979685.2770996 -214811138.92990112 996843895.8014774 909.4636981280964 1083.3819445897825 962.1313089932352 107257188.16870917 861.600452774604 21629530819.93637 0.09275858553315722 0.9998576534497522 0.6391023262920092 -0.19733844366864706 -2.648742799097893
0.0 169.04945904936096 -44051789.32733154 -33082750.097320557 -407199128.038671 1882.249906882933 -1324.8505752940073 1145.2140361050842 120652672.21509796 916.049459049361 79565719802.00012 0.04963358240438265 0.9997033883911967 -0.01115108460491232 4.5107153502088675 -1.0673900861233678
0.0 207.43925864337416 638777090.4244232 172731159.72283936 -151871638.43088055 3197.1774318322277 297.28001456364234 848.9277133097338 124579901.77220722 954.4392586433742 91453450653.55591 0.048444643050383235 0.9999618131991358 -0.3013246910920375 4.060870886817178 -0.44789349271894996
0.0 231.2724369110274 -79936955.07785034 211277039.43107605 -21033043.48235035 1028.7968312612575 3623.8035449129056 1947.4902447745 128666173.38341768 978.2724369110274 108383093444.56769 0.2515923447218232 0.9996520942748266 0.02363942818774456 -1.118926447324386 -1.3227072807211282
0.0 123.90150136591308 66245034.74572754 171568448.8490219 -279816630.72711277 -4054.6449506767945 -758.7791974770662 790.6972020840965 79510782.40414694 870.9015013659131 59389697167.478516 0.10738282054629639 0.9987575727614393 0.47872849378551585 -1.0767066144841633 -1.981053398709136
0.0 236.7111084094513 -14671338.739990234 -33486340.172821045 -229226540.45380688 1687.0192577978269 -143.5662423591184 44.16569554607899 122309519.17709613 983.7111084094513 95476715619.29123 0.02142019848833289 0.999967350586598 5.515008393090663 4.286114195331495 -0.02518332121450939
0.0 159.03530795309598 -11401666.31350708 -186342347.34310913 273941335.7971382 3331.314031794849 1428.3536762993963 -101.17579486383563 126760451.479487 906.035307953096 92075182018.87225 0.08201811527129711 0.9999042181502878 0.13068751022435166 3.6053750881715922 -0.2962576068037226
0.0 181.18526992131717 544903872.833252 58597375.3470459 -326363771.4177338 1440.9381160567036 16.826079425587523 -6517.961879988751 119149172.463496 928.1852699213172 78194625540.5539 0.07088999375826495 0.9610024033179364 -0.48312047397157687 -1.2376007982346313 -1.9740295116987034
0.0 130.99641523038053 -403113663.6260376 -106001139.50395966 -132866677.38505936 1315.2860242320855 1035.8085339522804 -656.6619389481638 71259446.48119546 877.9964152303805 43400725357.27258 0.0027995106364353817 0.999944416849683 0.622625607127108 -1.2959048499831032 -1.657225180534733
0.0 159.11895206803536 1018179820.9255409 -3549870132.0363007 -436936922.55846167 5348.3849497501615 2498.2239280523027 -2046.8369101286266 92875400.9145119 906.1189520680354 101954365323.45767 0.17455808990029661 0.999921946209162 -0.5264726011317087 -2.6345811976584703 0.7675586065513884
0.0 124.38554952759284 194699141.3260498 102778554.83374023 -214327004.35084152 -686.153260176301 -1113.9991223743964 28.629631852233558 80045215.26688465 871.3855495275928 24828098158.86371 0.09799219300293965 0.999840762403404 -2.486368463561447 -4.174116071896015 -2.3524843942845752
0.0 63.12304298870822 -314397245.1659546 160498841.35308838 -268280808.83893514 -2563.9891004652745 2876.2406285087636 -10.558103714920549 42663996.18083228 810.1230429887082 21714894682.76538 0.1390997878634262 0.9999813717218999 0.9227444199062262 -0.5898231020916143 -2.0417121225764716
0.0 130.10358883772926 53278213.16874695 -118271185.84124756 -195480559.06061268 2143.649327120602 -1011.0040389009409 -761.9925004862897 121678328.5223263 877.1035888377293 97546476004.60876 0.047993008776660614 0.9998826387740547 -1.8155817802615102 -0.18671494356999263 -0.7138383381296481
0.0 141.36967466744613 51846140.1000061 -102467049.39807129 -33019790.352621317 -808.2249909731654 854.0132217181854 811.5147467456724 74535292.93205276 888.3696746674461 36936954416.20953 0.0684341111313369 0.9995076470137652 -0.07543281931349821 -0.2818493815332235 -1.9607108940730742
0.0 65.07862109606867 25242159.240997314 -198056250.86257935 432406819.7035973 21.71035683754235 325.8312180650137 124.76161970565406 62446972.03424848 812.0786210960687 14463368036.771576 0.006085377058747843 0.9999935488151208 -0.6406744220524114 0.46821563907852615 2.5439156441943163
0.0 135.53424081907235 193644774.96585083 39148911.65476227 70457094.55030107 280.5835701466722 -1087.3932228752055 -83.46014346393036 82975460.90927579 882.5342408190724 50033777000.29993 0.13493379508824474 0.9997771928894883 -1.8130172553761248 -4.5430684330271385 -2.165821169532505
0.0 140.81964789554434 130891490.7989502 35717185.57736206 1373664038.1814747 -669.2750922950427 -639.705810814583 -387.2027732833578 62201714.44602224 887.8196478955443 31753053336.954926 0.06517407037526204 0.9964773598036724 -0.38919697120758356 0.6172574622118452 2.3385100047330947
0.0 92.04803801013236 -128978791.54244995 -53746358.51126099 186937435.57959676 -4190.375540752182 1130.045657203471 -431.3536383333878 47117565.57806012 839.0480380101324 30367607427.706696 0.16458704436701535 0.9997049228488967 0.07730078520762976 0.29730191699071945 -1.8408256947082773
0.0 241.5170085388994 -38478042.12042236 -22275579.645385742 -209515652.39232445 1779.9997139100997 -111.38103706329457 477.10459391282495 128462403.91176005 988.5170085388994 73173519320.16605 0.05687945005888051 0.9983619981983524 -1.9538371218471464 1.3896705643117546 -1.5072957088837626
0.0 115.63142842689683 83809381.82966614 447511092.0991821 75284266.18776035 -475.1816107974082 115.33491594951192 133.6436141398745 74845616.34926236 862.6314284268968 32494737912.57135 0.04235730903017412 0.9993957244888659 0.5444324806791387 -0.7770079408294829 -1.789763052117855
0.0 72.5954342811956 732241231.5212097 -277782279.6707382 -56803754.135098994 -3890.0162260675943 2266.728493086277 -265.278520292124 44863879.226976365 819.5954342811956 21822201870.936737 0.15066527754551576 0.9999120624976091 -0.11164427697463405 0.572455181244239 -2.0394935928761004
0.0 114.67786737032804 -264300184.34470367 90097503.05337524 -31848004.685277462 1344.364989039681 -1534.2990460878302 -1084.525852888864 90737725.05294052 861.677867370328 55394843119.25403 0.10357938569020572 0.9993442001693205 -0.06035556352891214 6.154330507399565 -1.9862267694038063
0.0 120.89458128396484 -1168480035.2014465 1485301828.2817078 -1483261412.8467398 -858.9616789846659 449.3588361013444 407.68375520865993 77177080.85631019 867.8945812839648 17937989605.125214 0.056536634976177835 0.9995625653321476 0.04194606706519588 -0.265501614293357 -2.378844518320592
0.0 78.8522702795841 1877109.6450195312 -87753954.78131104 1305424.6319141388 56.005285583174555 717.9914436791696 719.5723908633006 72049747.49127033 825.8522702795841 29988087074.55661 0.007132187011181068 0.9997425461133511 -0.15303175794149693 -0.048701853597337114 -1.9917912938466948
0.0 162.66317043180356 -374433362.0149689 -3888856.1660461426 236669667.7369461 654.4011133075874 24.771722670317104 -19.024889727918946 94082889.30522683 909.6631704318036 43789252279.54706 0.028466340024008968 0.9906089616344144 1.0163874432699083 5.252547050298133 -1.9324488964503002
0.0 64.07332655054734 -132707801.20629883 126970834.65130615 -166631059.82045484 -163.09725985922705 2642.0618200208564 231.8380157922184 36892001.63565937 811.0733265505473 13037717927.0065 0.10487677280598437 0.9999185938131309 -0.16955841574228847 0.27540517959697564 -2.334507654040055
0.0 233.3022152148045 -32638516.621566772 180371619.38085938 -37726099.87796974 2162.8958500303597 -229.16901029678775 -28.550741901865507 127054948.88969216 980.3022152148045 85085979588.31653 0.06903299181312114 0.9996196336455918 -2.0175119686542464 0.9474887574402064 -1.3941207239266757
0.0 126.15745147110113 -52004182.06206322 68380431.57757568 -87737082.80443776 -1088.2632984739212 1004.3133852125704 495.6532253212289 79091874.07878867 873.1574514711011 39284834794.80377 0.10305188938448741 0.9999081926561207 -0.15415100772519041 -0.017441572555808697 -1.7749936868465563
0.0 109.65805643039414 28947583.65296936 -89517864.79290771 47678560.98471689 -123.12578088421651 516.0128677215216 624.3899605510165 70161190.77046809 856.6580564303941 29532964721.790527 0.003007832618182285 0.9996909001354264 -0.17395831553957053 -0.06736179198659262 -2.300840548939848
0.0 187.9690002069409 -69984392.68008423 -14112763.384216309 -95236025.62100601 1686.511003239444 -400.33161243382165 -700.9455265177274 90976228.54403836 934.9690002069409 68827899276.87512 0.13193236056371088 0.9987674908960602 0.29125612971362114 -0.4951923605554609 -2.0664547076338096
0.0 91.53874056018117 114121754.3144226 374467633.43292236 -86716867.14250088 -298.29799175397784 1205.697217955203 770.4660649947364 71670044.05923814 838.5387405601812 35905045609.054535 0.032511284580762426 0.999224707989019 0.10116800372301693 -0.560128684045777 -1.9949235551487756
0.0 161.1527207844822 6352663.928150177 64791585.05166626 -110064353.98240185 3016.281774896004 1052.790979032686 -665.6227056374278 126223602.86119254 908.1527207844822 100600996658.26715 0.13796370544771897 0.9999990772879991 -1.155358967217855 -0.7012412392279685 -0.50623200660019
0.0 163.86765268810018 -103664245.61849976 -910282540.0736084 -179819220.6878981 2789.1180731439163 1231.3504656295208 -852.1675432589617 128173374.54101057 910.8676526881002 97676314936.04883 0.14957158286592737 0.9999579992865388 0.5695479896361181 -2.146525356703981 -0.5720619682349104
0.0 77.38319262671416 209958814.84417725 -309524512.8658142 -176015024.42022187 -1267.7169425007887 5712.619416095446 337.24144001803967 38512215.337460175 824.3831926267142 26748597431.97287 0.20017115471935037 0.9998976279958978 -0.48004810998976355 -5.2711686215445805 -2.4518958253587986
0.0 170.12865302203636 -85076705.11434937 -114128965.91955566 -13807645.834587097 1802.6631975058408 15.909566414376968 -452.7354040249418 90400136.91638786 917.1286530220364 65085068931.6579 0.13381217873100307 0.9993199162180686 -0.13105326862866917 -0.037697361046449274 -2.449486679821309
0.0 157.19074434379513 -402112767.7057495 75143654.87109375 -353141717.03828776 -1730.6596440301582 100.3571046132256 461.37646011324136 79770085.14547768 904.1907443437951 46297965776.677185 0.14520163672473826 0.9995885716132072 0.2667805200425901 -0.5148885090530105 -1.8985393789911351
0.0 258.59597160593387 -362668201.1867676 258368135.0656433 730715683.3081932 -492.6628341447704 679.0106392456073 -2082.9314785224815 119472484.90225315 1005.5959716059339 34084366650.198944 0.014020204535734992 0.9858772392951801 -0.18531912894198832 0.18415752700909996 2.8392274542497518
0.0 233.02725804225508 -117396696.76223755 106894284.38883972 19345653.792209625 -1425.4143357615803 632.46245328242 2569.6111754426265 117337360.58375591 980.0272580422551 37316265154.90973 0.05494581646601138 0.9886179778899972 2.1976722384152914 -2.2915267396711507 2.4415099718897144
0.0 106.25304650169153 252838191.07781982 -67762688.85501862 40522712.02044439 986.7785861611046 809.8678478655202 522.3976177102531 71740837.34672387 853.2530465016915 42654310647.61569 0.006031921043126637 0.9998528905635028 -0.08637633439134584 -0.46245492982063185 -2.0792811455367026
0.0 221.6048636707569 -1829702800.770752 -981489748.710495 -1275747062.5973587 -1424.8062280851163 -1184.259776838353 -980.0264808676325 117799639.95973675 968.6048636707569 63340593819.260864 0.05436204371843778 0.9981322749557566 -0.1398912981178263 0.8331788913642906 2.140372984331985
0.0 32.008721191885456 61535021.88748169 72989539.0828247 22309297.63803011 -503.1857676474083 138.59559159479613 642.6084871805588 18321435.82541171 779.0087211918855 17787134319.236694 0.011745963176821389 0.9997528485756428 1.4695165245164088 -1.2028690882326525 2.340572867694838
0.0 149.52876184106594 -160829851.23913574 31975583.698127747 116931350.33596802 -83.67706568202266 782.3498021940031 336.38815466813753 107185742.46922648 896.528761841066 64974006974.66583 0.0031024199409731834 0.9999936646630477 -5.78670661242863 0.03578294683237404 3.232963119743853
0.0 141.3797135347512 -319996971.2233887 -196766484.43582153 -27557204.02078247 -4132.884459684859 -4249.455503647778 4656.694432943898 73222952.58532834 888.3797135347512 50190078424.44882 0.12995468728026233 0.9712493587766454 -1.0440916014204287 -1.9319280304004167 -1.2712826021192927
0.0 169.49557908720033 48937883.754089355 -35687916.28199768 74033405.33148336 1529.465252272028 2305.163931904415 1378.0357209750023 128605396.59976146 916.4955790872003 98545527403.59949 0.19483595354423894 0.9999777716722217 0.10668497629133589 -1.6351741100842312 -0.6808667858193801
0.0 74.58756019619625 131893397.70930481 -119662396.22973633 242556152.7178917 -241.8456088147541 418.7471521591033 277.89888858483005 74811488.50258288 821.5875601961963 13153825240.349762 0.04100719018538351 0.9999682187834031 -0.11112017199756141 -0.020098260001314483 -2.4951621013691994
0.0 124.52302332202873 112700595.13916016 23278423.210388184 -70314934.04518414 -88.14917007088661 1370.5186164255301 868.2340996926382 73507036.08319671 871.5230233220287 32623831123.601166 0.03187188741198166 0.9995189897974156 0.14024402407707126 -0.5173029240971823 -1.7185964164048118
0.0 230.71717899249882 836796733.1443481 46406842.24745178 240787396.81175923 3444.1071534301127 1238.1979347315973 -1109.3133808089192 97978912.00469145 977.7171789924988 65796222238.034546 0.20997926733486366 0.9993554294418655 -5.450663222002994 5.342557657871096 -1.8593233697227105
0.0 109.61236200646908 496962691.39501953 817060376.6764603 478782996.8382387 -971.8548516248102 -111.47796609630677 -513.9320483989143 58670572.99976128 856.6123620064691 14946669656.602112 0.03611176960063919 0.9995589561953118 -0.9743633927844451 -5.420057733800034 1.893563186762322
0.0 72.01624989591437 -153947380.73721313 -347150214.821064 -488159501.660759 1278.2879829662136 1515.0265724306482 -390.6969685820037 64905364.68957907 819.0162498959144 23658848302.48929 0.0442360453630079 0.9999084856981464 -0.3247792993508556 5.802777848199364 -2.711126719644751
0.0 110.60212082583291 30261340.87234497 27863972.078857422 -140520187.93850327 -1039.29886607124 178.54629265415315 665.6743615790895 77367230.0797503 857.6021208258329 35177107855.645325 0.09317876662997698 0.99980251211845 -0.11850863197003703 -0.1498093854447488 -2.1230660452678807
0.0 82.42988956342401 -898596641.6182556 236411530.55605316 -56617359.911354065 -2210.946284910475 1899.3759348522653 -747.7491781203018 45038942.771090426 829.429889563424 21392298830.83496 0.10371421217430185 0.9981109681522007 -1.3030910194607512 1.5831369035778935 -1.800970604032984
0.0 98.58013207813963 -103859915.56176758 -515715.77850341797 -2013204.0169751644 -562.7451632574266 -713.2515257275663 -138.88060015464194 79029041.85547161 845.5801320781396 24425841322.878754 0.047866792074102965 0.9999276511055532 -1.7296294246267363 1.6093223790610889 -1.8069861033683694
0.0 164.04365861601718 -1271931358.125763 -125339529.46688843 -2758672401.8481555 -653.6647858199249 -205.28963684732116 704.9649252099701 125637179.85765196 911.0436586160172 49132786963.6944 0.04999927363042883 0.9999369219515174 -0.8627459742731982 1.4580072289648205 3.2219994525734155
0.0 37.45257969218801 4273455286.6246796 15557480070.733154 -25993206147.96618 -572.6707056742962 -21.2385835737241 -104.50395645387643 35206974.613721155 784.452579692188 43693683017.66736 0.10939332045212052 0.9924947834574872 0.8312289026743311 -0.39416044588447585 -2.5759743534963953
0.0 131.27153888636906 1169922357.825714 126044811.9480133 -39388600.359861135 -3617.690803937659 -2409.381729238841 -291.67644624389044 80690215.90027528 878.2715388863691 63917868090.9314 0.17205064894383193 0.99960354115748 -2.2328936171365372 2.184378876568627 -2.29270003034515
0.0 123.4428633568458 68705139.78189087 -177041669.40259552 214408689.14700878 4180.164477327977 1999.6649961246403 -503.4620094987713 96876851.08468448 870.4428633568458 61832536794.55142 0.1642463820652144 0.999767878358202 -5.7526094676666535 -1.0343483187361504 -1.8725607671021847
0.0 92.29279520731177 239114901.35894012 -115941027.55123901 24429144.095787287 -725.566993963228 200.66087044161668 176.2024615134094 76423949.08848034 839.2927952073118 25216555392.61673 0.0603312860407233 0.9998983251048957 0.07208259083403745 -0.20588449873872977 -1.8128019067521135
0.0 112.81874350657677 193673596.93621826 161769339.68304443 140635504.87764668 -3864.624090686415 1533.1303346261157 -11.808499061476937 78788004.96791202 859.8187435065768 55690993192.45657 0.13218922045443088 0.9998463095481751 -0.013855659843191148 -0.5130892091662248 -1.80991360589521
0.0 156.02186019885733 -1113411025.1576538 1419306.4298095703 391156116.6321287 -1032.2847137284516 1129.2312387136826 -104.64041313403663 105709874.08456846 903.0218601988573 54227828990.07178 0.024770241634976084 0.9994885662928514 -0.3962201926587767 1.533989438758207 1.1884023422443257
0.0 71.67970197515092 51908251.569244385 2215375121.8137207 -984685921.4680713 -1691.905703282373 4522.397459169957 209.25000964532416 38932948.44400046 818.6797019751509 24173346623.87909 0.16398998368757467 0.999954827858472 3.1734960814368893 -2.8376599556421698 -2.3686261009147107
0.0 202.70036352826082 -29555008.204727173 -88305505.23693848 -303330576.2701473 -4208.267421806839 57.248018151973156 -1241.2832260501905 127959603.92901081 949.7003635282608 85476643359.36316 0.11486336903279494 0.9971684746654076 -4.740334664806426 -4.821618770951115 -1.3895045309454543
0.0 60.824213955906885 -2440286939.1006927 13066937393.38855 -16602687488.260567 22.658505750561744 121.35462002175882 195.68691083739836 31621468.61082158 807.8242139559069 39680023431.99475 0.00738233716987996 0.9944677266999227 0.6224114266451128 6.128988068882872 -2.738845955936887
0.0 132.03807438145384 54444182.107788086 -57144894.67147827 -76682036.32482243 2053.0585759622054 1964.0077587265914 -69.37298035893781 99103878.15041459 879.0380743814538 48385003156.88971 0.031041690678984116 0.9999855715394088 -0.030968013419196305 -4.546358125676273 0.7475545410322764
0.0 148.74979986719075 -134993232.78424072 -372101344.2965698 -381330253.8539047 -3564.099377344597 -2099.1528971355583 4824.279155869279 70444850.44271138 895.7497998671907 40874756337.22131 0.1687514130230094 0.9737281015788053 -1.4205796969962723 2.1954763316884636 0.9194839400420133
0.0 134.88675245167576 -117474090.47888184 -241602569.53248596 291229419.1260413 68.87541508896174 404.0374770298331 291.2272126248789 73337327.42083174 881.8867524516758 42314878665.31427 0.02449429131930657 0.9999882644375274 -0.46143371424617485 0.3323283185028352 -2.201936226954079
0.0 119.80265428989367 608347048.1040039 248060749.05991364 -152530234.542953 1111.3755494455427 1338.8305787404643 -222.4131230441949 71141067.24801031 866.8026542898937 43262628390.92575 0.01082592990921033 0.9997817628695493 0.7013894761397899 -1.4630511470530294 -1.5211499023446604
0.0 123.85662834463983 617685844.9561157 -215544274.112854 9528505.812007904 -1551.25055133957 1339.614664182238 -930.6122056902843 102531784.099117 870.8566283446398 69325488303.22943 0.000978068521917369 0.9999998715463985 -4.518558507947555 0.36232286045811435 -0.011967077128958392
0.0 111.11484990847316 -156637266.72686768 -42379070.940216064 237181792.13364363 -1452.7904208711225 -252.771762958032 245.30339715012428 80788728.9034759 858.1148499084732 41398072612.78552 0.10226115119831888 0.9998461654690013 -0.8132063142413666 0.5733980764811266 -1.6785890151378646
0.0 184.20844371157625 -20094043.692749023 -33088919.562919617 179740208.05783176 449.65077896093305 -1427.4831961209093 -242.59807289091742 113914085.48784088 931.2084437115763 45984168573.43686 0.04339013832981875 0.9998108140167186 -0.06279838915005387 0.459658046964237 1.7519182239343392
0.0 204.22337571459695 -143688569.97992706 526510506.33306885 -338916196.94486 -1910.5591691139089 6322.209408668616 1094.5792635134053 105389453.3539921 951.223375714597 84288425482.36649 0.24590341596776696 0.999704530333716 0.16511066797288493 -0.49113084906505283 -1.3946369662965172
0.0 141.54275536226874 -278225933.8982353 -356726532.5602722 -157261398.55952168 1342.3887097832194 869.6526763536287 -2327.681129218134 104711415.58869383 888.5427553622687 31031151089.187317 0.08619261054174322 0.9996068642920497 2.7760126880514404 4.489195440335986 2.9259168194691907
0.0 60.75399409145689 3216069068.398346 2716494629.349182 -12845340061.698547 -1226.000237774384 1430.9241353106918 -636.5114823714534 34205381.120318875 807.7539940914569 57525186807.84845 0.04318857914494856 0.9907556897857716 1.119962881531415 0.717727028040049 2.639962363239869
0.0 186.76871156588174 -663549689.8060303 -477926193.1621704 -260918131.60430527 1904.6850204244147 -1587.5708339476078 -181.22315769829154 119441039.00164072 933.7687115658817 106730957316.28049 0.08021349434682461 0.9998007198348847 5.583706411047443 -0.17604454418994164 -2.072005341054048
0.0 152.70564472636954 1450490.499862671 1096265754.393921 161317167.0550716 1207.3580660332373 4377.10693117827 791.6720121887072 103183652.10291111 899.7056447263695 58560800243.992096 0.17660768770311455 0.9997545481362894 0.23202555656164614 -0.7157503398920512 -1.5206193370391023
0.0 215.38749307429805 434191982.4642639 532210067.2337189 432629382.28123856 -4170.36423183923 1835.5410170136893 -681.5907677950966 126590572.67708218 962.387493074298 121657604027.42325 0.1902295268175986 0.9990644728559647 1.070205777890302 -1.6034287250608685 -4.232226974247812
0.0 141.1953990942652 3565035.91607666 -9171154.460041046 -67817407.49337769 -457.43656359092347 -1126.0068420331809 197.64652024245066 80094078.96990632 888.1953990942652 34192912883.45633 0.07584325748857279 0.9998460265182254 -2.3548939714293584 -4.2870092284719785 -2.408206297183345
0.0 185.73535957938884 -221642618.92910767 103461261.58117676 145220611.28276014 -732.6840757993523 -210.84940243948768 244.20515388697993 124297009.77043581 932.7353595793888 41714803312.11429 0.006972661387466245 0.9999811355709126 -0.05223334148528558 -0.04428878617308385 -2.4371709778867103
0.0 124.81422714831615 -102619162.75439453 180167956.24383545 -120290358.05094433 -513.8997711627599 714.8165950498551 318.9533511553605 77116197.51863827 871.8142271483161 32150903719.32437 0.04995989455138758 0.999082416698591 -1.4561035318617108 1.3082779336209565 -1.8186175507184483
0.0 40.64284985060624 -51640879.990219116 362057828.0975342 115663860.07797718 128.39450863631646 90.16173462137704 675.9124223595411 27924421.10829761 787.6428498506062 12800125965.167938 0.012023241875873975 0.9997496418996924 -0.7504807221973564 0.7922473361417777 -2.7383383569493684
0.0 202.55877717619228 -145135123.83581543 55421008.186172485 50444541.752923965 1613.1908067601034 2189.0143846168467 -412.11727854379865 99926496.44977778 949.5587771761923 46187378035.603516 0.14548378786403365 0.9982578808236885 -2.1444870846615927 1.8789045653240488 -2.0374487417751244
0.0 145.2690472182535 181514593.75704956 585633369.4737854 -63152667.82731056 3223.5151500730317 536.8510660570373 232.13214613810533 129118683.8481991 892.2690472182535 117070466254.33203 0.1799942296826981 0.9996689741522182 -2.257286232895648 0.42466598825553925 -0.5528104434519074
0.0 143.06910829679362 335195315.76730347 -19662468.560058594 -128584896.6324135 -2166.3266150579257 982.4599216573515 550.1482752568353 105964994.93558437 890.0691082967936 83009511769.13571 0.001712019612363988 0.9999832558031987 -1.0566050799990578 -3.01931639844039 1.4575306536273094
0.0 131.5845261527669 392329894.9483032 114418678.67943573 -232683106.0647087 1513.78709726021 770.6011876972188 -1118.2679412074751 69024135.14041725 878.5845261527669 38627434040.69708 0.011609627784341395 0.9996083010203617 0.4384945336984516 -1.0397623665006606 -1.6592278076487457
0.0 125.77207183368671 121020519.24372864 245632694.41278076 -370462923.1184416 -326.91226624132105 -625.7903705712379 -83.34854572222662 78810890.31830347 872.7720718336867 30674695921.478546 0.04935274071978771 0.997357831206586 -5.2130597353975965 -1.2184571955715968 -1.9101794365021285
0.0 64.39938039539902 20110068.741119385 5654166408.232544 -11620835171.249294 -282.6627580047716 -221.63491086835984 -520.8338631188764 33436584.926549107 811.399380395399 42104179492.87094 0.053179679656654474 0.997640621198189 0.680652201274436 5.867749362499934 -2.4991165283889645
0.0 185.87019136556034 1149726523.4108887 345035385.2325363 -609649914.6622953 3855.834755224405 2018.5091134376235 -850.7961507168752 99950320.40480913 932.8701913655603 79015733166.56198 0.19796467540314078 0.9999135180605075 -5.219793664020241 4.832633683601522 -1.5111431785355107
0.0 126.03907748894267 595658530.9689407 342549143.93963623 356453751.7592797 -1117.5251573844216 -240.93778166831225 -374.5010517001505 81266196.00040732 873.0390774889427 28330714108.009766 0.07094608068184843 0.9999722773580381 0.5660378832607367 -0.6784504889292589 -1.6317184658443546
0.0 217.9759225982957 -415383615.3651428 412537755.59417725 201841206.01383734 512.8425391810606 -87.48995680210646 -5152.77969970292 117316665.71975274 964.9759225982957 72477408257.4906 0.042494216872730764 0.9619166356509312 -0.3562828081360127 -0.25489672019800735 -2.937954273128855
0.0 121.79805753558071 -199615067.01828003 -156908260.87217712 -371276734.93769217 478.276902008829 2186.371339883557 516.3915302532764 103037748.69195795 868.7980575355807 34301561356.799896 0.13719775510590895 0.9999074854443533 -0.6996204417646501 0.3978771084354546 -1.777131150334572
0.0 134.92880896580004 -353134363.7510071 -359425364.16282654 206151770.80143785 1.118643595789763 147.10705084810616 84.43376707087236 106455657.710925 881.9288089658 26704662918.816925 0.050789218237500516 0.9999595035636236 -0.2654572625490985 0.38209901429675164 3.6511016275155748
0.0 222.46194367989574 -168536015.70254517 -33427948.29763794 365351469.95466137 2914.1798318395486 12.692577200503365 1746.7707754293642 126815261.40190326 969.4619436798957 65530989629.65155 0.028760973693415848 0.9954375150607545 -4.861279804260182 3.153180511890751 -0.8316262963889425
0.0 122.0759067781263 -52417394.271240234 191289477.55993652 264085152.088964 -252.5613699148471 1018.9437480193228 295.343484722334 70289131.40190239 869.0759067781263 39985298312.96503 0.02237615072630536 0.9999469399759039 -0.10586454198920903 -0.18774916025377597 -2.166785060668312
0.0 163.73752044192042 118631608.54995728 -62526839.37784386 240502264.25596237 -119.34033551979019 1378.3190140313127 -294.5043226697294 104038932.25355521 910.7375204419204 66946377993.60037 0.0197040596832124 0.9999228567061519 0.03965721810272038 -2.8766726991563343 0.06699840632277576
0.0 151.50618797518905 17654540.497772217 -155162246.05525208 -380965076.1273457 -1817.9134086805043 663.4756067983599 254.36423611586247 125535414.6228154 898.506187975189 29337499085.65796 0.013838605122469233 0.9999502988648765 -1.2654542682385364 1.861963565871541 -3.007074848986439
0.0 179.3767847824348 -8408393.627746582 96839131.31486893 168133664.5445199 -738.6641268812091 -1616.8603244463375 -112.70443797292577 83187802.84567371 926.3767847824348 57925543173.81665 0.13456372242019998 0.9998059530794042 -1.7599620154364155 -4.75890191609719 -2.0539389734423965
0.0 124.0536961671047 192240648.5169983 -158260347.855484 375427444.16555595 -6241.684028241698 -2025.3054770894196 4450.940270099423 71466587.35260466 871.0536961671047 32689824841.91855 0.13835158990936175 0.9745301038828051 -4.315849205811286 -4.797960608118947 -1.4029706998272133
0.0 100.09937421506538 150931918.82531738 348468648.83942413 144364684.04111767 706.6859311376252 1069.669707663841 -448.838664058188 71879095.93736829 847.0993742150654 35298917796.5896 0.006397326489123306 0.9998583241005622 0.153581529129866 -0.5670726022445014 -1.644854030738311
0.0 56.31840781116307 78340295.17816162 -207758343.18475342 -120589475.34437495 -1076.8316822449851 4848.8866765033545 393.7603367577009 36411825.247944064 803.3184078111631 19745059792.11017 0.14237509911283042 0.9997961371161721 -0.2293219293359452 -5.568144292921589 -2.630267707545763
0.0 98.60646786609107 101643520.90325928 345482866.0708313 -815650476.5412588 -988.698058460046 -97.20738534202974 403.7033258906142 74450930.52244689 845.6064678660911 22930901989.08719 0.029648161675706997 0.9997785590072706 0.4092825324602989 -0.49840955919691676 -1.8703453195588324
