[-1.04543669e+10  6.43944042e+07  1.01990708e+10  6.13922548e+03
  3.33567606e+03  2.61106039e+02] [ 2.76993233e+10 -9.91209520e+09 -1.27485257e+10  6.23768875e+02
 -1.14428332e+03 -7.18983977e+01] [-4.43112585e+09  6.33322324e+10  4.32714433e+09 -5.77232683e+03
  6.01200179e+03 -1.70908612e+03] [-2.97279565e+10  4.82453663e+10  1.47907289e+10  4.74637142e+03
  3.23076590e+03  4.86105288e+02] 
[ 2.63737185e+10 -3.23514826e+10 -8.52146779e+09 -4.40149816e+03
  3.06265018e+02  5.76438192e+02] [ 7.04915128e+08 -7.20082023e+09 -6.52296224e+09  1.59000984e+03
  1.90804401e+03 -2.55215902e+03] [ 8.80404962e+09 -1.93028104e+10  1.33809963e+09 -5.82543321e+02
  1.06986209e+03 -1.75834350e+03] [ 1.76749349e+10  2.88220778e+10 -6.41042902e+09  4.09612514e+03
  1.21849086e+03  1.09788884e+03] 
[ 3.08218491e+09  1.11268186e+09 -2.90451361e+09  7.06497597e+02
  1.33593371e+03  9.10642117e+01] [-4.04892478e+09  3.09931242e+09 -5.09241917e+08  1.51698535e+03
  2.57993023e+03 -4.96221692e+03] [ 7.82211900e+09  4.91848354e+08 -1.15495313e+10  6.36463358e+02
  4.45475465e+03 -2.63183322e+03] [ 6.55911013e+09  1.89043491e+10  8.97097483e+09 -1.11770177e+03
  7.42356263e+03 -3.35728107e+03] 
[ 1.44336576e+09 -4.00050273e+09 -4.15890543e+09  5.98901614e+02
  4.01578209e+03 -2.14539717e+02] [ 1.09628863e+09 -2.00430940e+09 -2.22664332e+09  7.26404717e+02
  4.21198337e+03 -9.12585578e+02] [-6.00029437e+09  2.48942768e+09 -7.47855127e+08  3.17976723e+03
  3.61006410e+03 -3.54816368e+03] [-5.26359513e+09  2.60729660e+09 -2.52312256e+09 -1.07815477e+03
 -1.13645271e+02  5.59864548e+02] 
[-6.74792963e+08  7.31595912e+08  2.30819105e+09  9.79464998e+02
  2.40430643e+03 -5.23458107e+03] [ 1.14226705e+09  4.91661914e+09 -1.75425110e+09  9.07543658e+02
  2.29844392e+03  1.07015349e+03] [-1.81640658e+09 -3.06632923e+08  4.42554841e+07  1.14042432e+02
  1.64017953e+03  7.08119186e+02] [ 4.96489656e+09  1.20420277e+09 -6.72384188e+09  2.22352199e+02
  2.50671895e+03  5.66533273e+02] 
