Label M_f Ep_x Ep_y Ep_z Ev_x Ev_y Ev_z t_t m_0 |Delta_a| |Delta_e| cos(Delta_i) Delta_Omega Delta_omega Delta_theta
0.0 84.21863614596225 154075730.97424316 31266417.11061859 -137406895.68316364 1300.8791362645538 2306.5678799506495 8943.812002259345 51233410.41917217 831.2186361459623 54696576026.02118 0.1304756295113525 0.9777103799303112 1.8298739486142073 1.8319175700755137 -1.915489094475227
0.0 40.334170927016885 -275783782.4313965 247149481.67095947 164857967.87262726 4196.301385389255 5696.895310784892 923.0034431201033 27592473.75668257 787.3341709270169 7083046040.069366 0.2837190207706788 0.9996989251015358 2.102297202846713 -2.096297617127559 -2.7833710301369314
0.0 105.12464914283589 -8660355174.803192 -4467047711.843262 -167821082.99277043 4214.944046076962 3110.3934299491702 -919.8854473859348 52854296.33743534 852.1246491428359 58723850580.872986 0.1392451224009675 0.9995161314118955 -0.2712612151576511 -1.9419592325449306 -0.24099110084188213
0.0 54.15618168290371 -314613520129.30286 -87251518501.57666 4465388562.954082 18563.400632760924 -53082.28627712962 -515.6300552447223 34878125.66852341 801.1561816829037 66859625158.77533 0.01045359928620158 0.9994829708218379 -2.2799727152559344 2.270103045208807 -4.103972054398455
0.0 68.79136379840884 162223060.5055008 204887727.29458618 62881078.219509125 690.9643200191895 7593.984413117977 -61.1529633571251 42377241.95367885 815.7913637984088 43174355629.48285 0.21316119100205205 0.9994056556769906 4.782214861757487 -2.9909389158786657 -2.7531880999960587
0.0 49.715501956799585 55489960.61755371 -7596987.907470703 96093953.6130619 -3607.8630921312015 7341.255667858539 1349.4232076980231 27625119.572119307 796.7155019567996 140156819644.79166 0.298240461675932 0.9989660359202494 1.6403345350935932 2.069198617095464 0.6097679880252378
0.0 58.483012774179656 -71258966.98904419 195366148.9945984 121866778.28938293 2328.7878240944265 2063.0459077688356 -1679.5882207254276 43311062.56682677 805.4830127741797 52045378975.26068 0.19379421209784498 0.9996985707319779 0.7803877086240706 -3.366815279768433 3.714817392724038
0.0 85.69494317027568 -54695873.99945068 -46062180.59732056 37583109.53511381 2877.42287465358 3108.1477076637602 1159.7971391834467 48731771.16864749 832.6949431702757 53409671162.38928 0.1916717343145855 0.9994011603274645 -1.6052002360417625 -0.5517789610640553 -3.325615840724186
0.0 96.03855908867729 9920332.299438477 388189470.52223206 -115374132.61260605 1842.5831539527476 2490.345945029596 -4930.230447490908 69098998.87522061 843.0385590886773 56195969179.759674 0.24667536286489755 0.9819643519469222 -5.4343776244371025 4.600637559802939 -1.3845936717497522
0.0 83.06798416103175 231765477.48320007 -214503282.24476624 194855801.29914784 -1392.0751671189864 3885.0440494200193 -435.1925559703343 58046588.06883193 830.0679841610317 39294708975.42313 0.16938444056518326 0.9998913216757503 4.867734558112449 -4.313899240225493 -3.8162630564634243
0.0 56.13653803298621 -42923476.66857147 61761356.327560425 -79637742.44529045 4448.99617694872 1597.1178873838307 -407.33895348761155 37458774.79609405 803.1365380329862 40590814106.57367 0.20671725469291233 0.9998837361773453 3.4876403887767338 -1.6700513381243147 5.704522791181985
0.0 42.68765052502306 180627330.20793152 111432336.41393471 333821063.23842144 5924.056923498796 -4221.573955015083 -1064.440636010381 32928068.17688438 789.6876505250231 37075554521.970276 0.07685753656017122 0.9999178229085057 -0.8577184382663412 2.3775324114715697 -0.19475027665310218
0.0 109.16949893789808 120966393.76095581 158229973.45947266 -358101865.9235697 -4913.858351101742 2803.038288717271 -822.3189525595492 49180942.91805625 856.1694989378981 39841376463.05316 0.11575851245286725 0.9993051940236812 -3.473994985745732 4.404681268212416 -1.830681156716927
0.0 60.57288949496342 -283374334.5750122 -234904305.33621216 265541170.59782028 3542.9479487517783 1443.0627508506768 6751.8591932201 35491647.90485398 807.5728894949634 40919460462.385376 0.2116020914859517 0.9800267045216938 -5.253915416938369 -1.3232759230085165 0.633277433075768
0.0 60.08510653731696 51389699.89038086 44473597.662612915 -2880592.0334284306 4453.132551742176 132.00335075151088 -370.2353951717066 30983940.62505298 807.085106537317 50241187746.8862 0.19751172434509073 0.9999061271654249 -0.6078287075517821 0.6533070911864367 5.114531388405995
0.0 47.23752401324214 -75286584.89630127 -24525954.01774597 54327797.61580753 -1564.8362373910832 3980.54733123778 -915.5265245698148 42496816.75856761 794.2375240132421 62490723164.49536 0.07563362810341762 0.9983455541907386 -0.5968807915456891 -1.3260103691492553 1.761467225044513
0.0 31.549323817091818 111556561.26452637 447697798.455246 251438512.807366 3112.5963841436896 2422.042870631085 -16.09412694430612 19019032.997839116 778.5493238170918 70581170587.29944 0.2726643667342532 0.9999996940320244 4.442956856517037 -3.023564344201606 1.967632930558318
0.0 54.32731825730377 -327336389.7384033 50143780.80531311 -299350903.00000477 12908.389141604606 9715.507875057752 879.553591324758 27683961.027482223 801.3273182573038 10888842625.901825 0.521283371666146 0.9995146265503394 2.713385455730886 0.5013314772309412 -5.580736690473598
0.0 151.10428267898578 134945075.6748047 195995726.37060547 147873173.56487322 -2602.3632861942933 2000.9381116267723 67.34782174446785 74612217.83253941 898.1042826789858 39390836302.74539 0.13641964122069805 0.9993574818691405 -2.0182942569586335 1.2372309135360917 -2.1176821362862888
0.0 105.31804370256248 -60396327.79489136 1043826828.5336151 783301024.7715297 867.9103444069788 4733.441522490048 1259.7962196114108 65880831.34151405 852.3180437025625 40629322828.71695 0.2853878844493451 0.9986412527831908 0.5904709353610571 -1.7108320038254825 -1.4150230304622198
0.0 64.22004635022165 -288685381.1290741 73639876.82745361 59401288.25219154 3298.0382401242477 4503.766630575825 1731.3560382266173 30763855.75068556 811.2200463502217 32108933848.781006 0.18621430350576818 0.9977687056084282 1.50492008516648 -0.5453388534026788 -3.0316707358141586
0.0 42.864325472308906 147590482.53175354 -296415699.107666 215313497.99352646 7568.172815334399 6985.417690751627 1017.995740869357 32258989.709926188 789.8643254723089 15666336163.513336 0.3562365651740781 0.9995687763214369 2.8509218662300495 -2.677518814388325 -1.9030098856997544
0.0 129.2842966208599 2186574307.5821533 -370054912.0687332 -1189052462.8771315 1264.8456844786124 1591.042505280042 273.9715405696115 60886258.561183944 876.2842966208599 63332478596.103485 0.1260265347708723 0.9994602408079982 -2.2921608625913965 1.1599614268714356 -2.2885583891496024
0.0 96.40529985777914 49404421.606933594 126160536.16934204 -2043518.6329186559 37.74303879546278 3612.7561931957443 196.94985489021514 59837183.67959415 843.4052998577791 52367536032.14447 0.1880996172841226 0.9999614440854107 -1.1801125740391774 -0.298349956637216 -2.3744473065524456
0.0 63.98868215179698 -8830869823.092484 -47676379357.65704 -1637164113.273151 2874.3369984538185 7667.503658108626 -877.0878183778943 37751766.131344266 810.988682151797 78838691741.36621 0.0835637916888355 0.9994362810526787 2.2660289341853685 0.8235987301012604 5.0049035823653405
0.0 55.68877931477164 -236685977577.35822 161301310676.6131 7279660338.204736 -43205.38593391248 -35934.568522437534 35.07450721390474 24242166.761020817 802.6887793147716 6320174485.089905 0.46715871058240055 0.9990140494879216 -2.153351959903345 0.9689076643648391 -4.081701844869194
0.0 161.08226785967247 -8568700239.389679 -5279104302.713135 -28388445324.271317 -22.651828738751647 -42.6352527572235 -13.656039162709021 72496156.43419364 908.0822678596725 22145821058.382507 0.03901995935203831 0.968556739446183 4.093997547959005 2.501657419011621 -2.471803618194699
0.0 22.197636644399722 16784165406.540344 11543596516.910622 -1657454580.5140953 -214.09500237836255 -104.06949212758263 607.5734251774288 22073575.282921575 769.1976366443997 46510733516.467926 0.05225270376998595 0.9997694998361756 -0.5867030173227391 1.4681146734664658 2.4655011663654673
0.0 96.10937981047596 27404758.03123474 161062430.48272705 -144076392.26034927 900.3972746856707 4118.659344177597 2512.0263782939733 68508343.18632749 843.109379810476 31102270408.338898 0.09371058924271669 0.9965190421658331 -0.8544461595856359 -0.774902209748165 -2.1493093709383273
0.0 64.34745714245969 174151327.6726303 175274486.87591553 -47464386.690264106 849.7721991033832 -10867.707257667254 759.2195310540493 38562154.8232131 811.3474571424597 3186991513.8759155 0.4042265841320609 0.9996934397865286 4.102513763860189 3.2123763964717784 1.2812426479547852
0.0 41.618117238351715 148735618.13024902 -57239578.330947876 29472480.273863792 2263.5981833161222 1961.4073006827675 277.02856543916545 31032527.737718385 788.6181172383517 54387628160.87253 0.12426007867071752 0.9996956873726047 0.9166767246954353 1.0461722525855905 3.1238479297264306
0.0 21.15579625058683 84313797085.84792 43697541520.15933 -4730290093.33441 -10542.011049672892 11522.455311996791 32.37852951369376 19262222.323468853 768.1557962505868 54534394735.02484 0.16184832392646734 0.9995576859188569 4.006976974551051 -3.9854637009151377 4.166693404620231
0.0 138.40438239471598 432151930.0383911 -9517944279.431 -15692929345.352278 1104.9981253338447 1251.7571228591423 147.2137488366806 75310397.41191547 885.404382394716 75022883816.65292 0.13358524669937388 0.9856413904883272 0.08939003444239929 -1.428469458596608 -4.959423762561148
0.0 52.02219699045088 -61454545.164489746 80047016.02354431 122924593.37133312 2200.769025819478 -282.80265981363846 -6347.20840526907 36988456.12798543 799.0221969904509 35955438900.13443 0.16929287584783936 0.9880103673350087 0.7912473875999971 -0.16790704504669307 0.15854298968436842
0.0 81.48946243082571 167284352.5202179 -308875386.6758652 423823347.74074936 818.4496460721675 2985.4287488271475 1366.9476426417702 71150934.42733 828.4894624308257 58374495274.55386 0.15895485892044292 0.9997533257345759 -1.497311550527534 -3.164860896655525 -3.3233525860228337
0.0 51.194424923292445 -82934116.19384766 -251957539.39923096 -81081190.78857899 4907.103190612164 6937.945226735961 902.4112498535887 28940404.5032243 798.1944249232924 18467310483.0318 0.3058188642514835 0.9994935020793797 2.231055455536978 -1.8478274300606816 -2.895629237312077
0.0 39.715048569608484 222345293.77270508 -65763955.02923584 37696762.64654732 -442.8490092722568 2269.737939832983 667.8533838000209 21744340.39624298 786.7150485696085 47802871684.39786 0.06854955655979637 0.9997915566801078 1.3481521676736588 -0.1281386395230723 2.0155857212058503
0.0 103.83028987472346 -8376971.416259766 -231620720.18870544 -60691254.60992432 2883.0756746910556 1745.4665259157591 9141.909242534999 64684462.01418619 850.8302898747235 51471435471.96582 0.2707557589947623 0.9484678144716772 0.16340581345175664 -1.3179671696207231 -1.8643638318755156
0.0 142.83353709089624 486118747.97006226 403953519.7766571 118637148.39142418 489.95251680262663 1585.1682857211454 1484.8175204764943 67911622.15821128 889.8335370908962 39917968000.86252 0.001993513453378823 0.997205342395957 -0.4870474010043435 -0.6520481250765354 -2.220496352223876
0.0 57.52588247566155 285281165.67878723 -507591220.220459 138756345.774006 -6941.580514514333 -8327.049017815974 952.0580783292727 42080155.532086305 804.5258824756615 820325564.6610107 0.3856898327182171 0.9987548967784576 -2.367049230502245 2.8563380757982277 2.7871796129163497
0.0 60.64231115517498 85920459.68023682 -223129391.38667297 317292694.6533203 636.3746010457617 3451.1566891819675 4459.822416074065 37856432.991455495 807.642311155175 56433584630.61212 0.23441159658171667 0.9933962203585136 0.5027057287237019 3.387230423482765 2.7306241531996864
0.0 152.5514854582799 591919691.3873596 -1568049397.8840637 -27692494155.785908 33.28630342648103 62.22825521565392 58.008240775523404 73786921.05844197 899.5514854582799 55341816689.27985 0.017928970160521723 0.9640094662871284 1.2407521550324112 -1.0017395777293248 -2.114009510481188
0.0 23.5825914493621 44765491609.75464 23586783456.942764 -3187535764.3197985 1022.5715127624389 -2708.6265506830714 686.670845426687 20435049.057854425 770.5825914493621 73788180578.63696 0.08332574822967725 0.9995139740733698 -0.6603414786529751 -4.021292973701803 1.5377973244672059
0.0 82.28664052745239 -38097952.69168091 699345433.257843 90919670.08846474 -3263.7895667691228 3029.776699244654 1666.2308378125172 56727838.19952815 829.2866405274524 39198350518.59787 0.06666656307866527 0.9971737573115355 0.07032485370364361 1.513071923907111 -1.2111400486057928
0.0 89.34277273828138 -133275169.38595581 20959839.404937744 -15631944.2437706 -269.72745543310066 1866.2245551022424 920.9130760734633 62788475.61411018 836.3427727382814 30364379805.80121 0.08151352170289589 0.9991279781949401 -0.03274621391762389 -0.7431508976652582 -2.381818678513757
0.0 60.51380239243622 3664546683.9879456 565961163.0102386 -1194876289.4032974 1600.1055604853154 1519.568741111023 441.5195926971387 30653479.465195227 807.5138023924362 60909664899.70969 0.1499471538897164 0.9997088155424914 -1.6518061395222448 -3.772814422404574 4.810184105207856
0.0 82.29021423945323 192693650.84475708 -36798833.19787598 62397531.24411535 1248.1194355437801 1811.614321916517 -131.9418307826137 58133223.19360806 829.2902142394532 67745036601.6604 0.127277047114393 0.9996115923368041 -2.0661792369967626 -0.1242719178322913 -1.2492533261087313
0.0 73.90362501889945 76579593.06744385 213765010.1781006 -117944396.45177078 -951.0605527416046 4285.641128329908 -441.5636190951549 39586360.493082836 820.9036250188994 40310907260.54138 0.0711992578985483 0.9990594870653693 1.2109190363453672 -0.11374874104397614 -2.67606882224254
0.0 39.49105871638778 -597299625.0597839 118906697.10726929 -201279024.25641418 9235.911812988099 5081.309211257452 1046.675700374749 32590598.231393825 786.4910587163878 48777651838.87204 0.3578506702346357 0.9996513891974123 0.6028772545532961 2.4959939107009435 3.680308166548474
0.0 123.72615608262208 6084821.559661865 -105069841.58711243 61810968.27993059 3613.887601453658 4281.108924846689 -412.12395255109635 65694264.82000229 870.7261560826221 43702939035.67706 0.3857171398413332 0.9998515238649286 -0.13542721509057754 -1.8068289695282729 -5.653072186277582
