[ 1.28208416e+07 -3.97765047e+07  1.31767558e+06  4.89469956e+03
  1.99039914e+03 -3.24658067e+03] [ 1.28208416e+07 -3.97765047e+07  1.31767558e+06  4.89469956e+03
  1.99039914e+03 -3.24658067e+03] [-1.13896445e+07  5.02134522e+06 -1.63316397e+07 -2.35724735e+03
  2.22133598e+03  9.93862888e+02] [-1.13896445e+07  5.02134522e+06 -1.63316397e+07 -2.35724735e+03
  2.22133598e+03  9.93862888e+02] 
[ 1.06734284e+07 -4.20115411e+05  1.63366640e+06 -2.24545313e+03
  5.56433164e+03  1.42071863e+03] [ 1.06734284e+07 -4.20115411e+05  1.63366640e+06 -2.24545313e+03
  5.56433164e+03  1.42071863e+03] [ 1.06734284e+07 -4.20115411e+05  1.63366640e+06 -2.24545313e+03
  5.56433164e+03  1.42071863e+03] [-9.85035691e+06  1.98738219e+06  1.34683778e+07 -5.90309158e+01
  3.43212376e+03  4.06135476e+02] 
[-1.69842351e+07  1.68451963e+07  3.84419597e+07  3.53748537e+03
  3.25189940e+03  9.60097288e+02] [-1.69842351e+07  1.68451963e+07  3.84419597e+07  3.53748537e+03
  3.25189940e+03  9.60097288e+02] [-1.69842351e+07  1.68451963e+07  3.84419597e+07  3.53748537e+03
  3.25189940e+03  9.60097288e+02] [-1.69842351e+07  1.68451963e+07  3.84419597e+07  3.53748537e+03
  3.25189940e+03  9.60097288e+02] 
[ 2.85263820e+06 -1.09921601e+07  2.81112770e+07 -1.98412845e+03
  5.25230949e+03  1.14844396e+04] [ 2.85263820e+06 -1.09921601e+07  2.81112770e+07 -1.98412845e+03
  5.25230949e+03  1.14844396e+04] [-3.87400465e+06 -2.25700140e+06 -3.98651643e+06 -1.29236448e+02
  4.14773888e+03 -4.06736806e+03] [-1.94752474e+07  3.73688612e+06 -3.10928943e+06 -1.10749591e+02
  3.91747722e+03  2.81795345e+02] 
[-1.03070884e+07  1.48805726e+07 -4.33912114e+07  3.49168806e+03
 -1.32046200e+04  1.79551149e+03] [-2.54039423e+07 -2.22562111e+07 -1.19703250e+07 -3.54215550e+03
  2.44022374e+03  2.02365506e+03] [-2.54039423e+07 -2.22562111e+07 -1.19703250e+07 -3.54215550e+03
  2.44022374e+03  2.02365506e+03] [-2.54039423e+07 -2.22562111e+07 -1.19703250e+07 -3.54215550e+03
  2.44022374e+03  2.02365506e+03] 
[ 5.91717136e+08  1.07084622e+10  7.46141006e+08  1.52072234e+03
 -4.45365813e+03  7.90207944e+02] [-1.22620443e+07  2.00317690e+07 -1.49437382e+07  3.54573370e+03
 -4.46714636e+02 -1.16964921e+03] [-1.22620443e+07  2.00317690e+07 -1.49437382e+07  3.54573370e+03
 -4.46714636e+02 -1.16964921e+03] [-1.22620443e+07  2.00317690e+07 -1.49437382e+07  3.54573370e+03
 -4.46714636e+02 -1.16964921e+03] 
[-1.39996941e+07 -2.42567496e+07  2.98020289e+06  1.59147560e+03
  2.79516988e+03  2.86601326e+02] [-1.39996941e+07 -2.42567496e+07  2.98020289e+06  1.59147560e+03
  2.79516988e+03  2.86601326e+02] [-1.39996941e+07 -2.42567496e+07  2.98020289e+06  1.59147560e+03
  2.79516988e+03  2.86601326e+02] [-1.39996941e+07 -2.42567496e+07  2.98020289e+06  1.59147560e+03
  2.79516988e+03  2.86601326e+02] 
[-9.85927610e+06  1.03935890e+06  3.02464335e+06 -9.73186442e+03
 -1.52367532e+03 -6.46105350e+02] [ 2.55093997e+07  1.78547484e+07 -3.52017462e+07  1.13015926e+03
 -6.15268648e+03  2.32289047e+03] [-3.73404946e+05 -2.01923274e+07 -1.46825149e+07  2.78641740e+03
  2.11320981e+03 -2.05930313e+02] [-3.73404946e+05 -2.01923274e+07 -1.46825149e+07  2.78641740e+03
  2.11320981e+03 -2.05930313e+02] 
[-2.75893716e+07  4.88027953e+07 -3.64960433e+07 -9.85061671e+02
  2.61461475e+03  4.86944539e+02] [-2.75893716e+07  4.88027953e+07 -3.64960433e+07 -9.85061671e+02
  2.61461475e+03  4.86944539e+02] [-2.75893716e+07  4.88027953e+07 -3.64960433e+07 -9.85061671e+02
  2.61461475e+03  4.86944539e+02] [-2.75893716e+07  4.88027953e+07 -3.64960433e+07 -9.85061671e+02
  2.61461475e+03  4.86944539e+02] 
[ 3.12193397e+10 -2.08235339e+11 -2.01135905e+09  3.73341224e+04
  2.49661755e+04 -7.97646342e+02] [ 3.59603005e+07 -2.13862750e+07 -7.46798908e+06  1.05587516e+04
  1.04621338e+03  8.83691296e+03] [ 4.18294335e+06 -1.68274031e+06  1.86761578e+07  2.13559358e+02
  3.46595473e+03  2.46639736e+03] [ 4.18294335e+06 -1.68274031e+06  1.86761578e+07  2.13559358e+02
  3.46595473e+03  2.46639736e+03] 
