1.3361781512944644 1.3361781512944644 0.7284286059426809 0.7284286059426809 
1.3079848068967617 1.3079848068967617 1.3079848068967617 0.7403954806209078 
1.0639279581427645 1.0639279581427645 1.0639279581427645 1.0639279581427645 
2.7169234190562213 2.7169234190562213 1.2297691894585678 0.8422723755318334 
2.937465295698711 1.0267229413255985 1.0267229413255985 1.0267229413255985 
8.193067213075729 0.8118420757478721 0.8118420757478721 0.8118420757478721 
0.7000310784820326 0.7000310784820326 0.7000310784820326 0.7000310784820326 
2.089335138925304 1.4390767969801115 0.7556822735949174 0.7556822735949174 
0.642997787064727 0.642997787064727 0.642997787064727 0.642997787064727 
150.2346156116474 2.9412922357668023 0.9113384571767444 0.9113384571767444 
