31.413792610168457 32.96892166137695 54.22594404220581 62.141366958618164 
39.197526693344116 29.857450485229492 30.73980212211609 86.9166316986084 
47.519569396972656 60.60449814796448 39.76810383796692 35.083087682724 
45.97856378555298 51.24896240234375 44.245845794677734 90.6822247505188 
43.116161584854126 32.70359444618225 45.73682260513306 89.80487942695618 
19.040631771087646 46.73987674713135 34.070762634277344 55.67276692390442 
41.321635484695435 49.37397003173828 38.700204610824585 57.837687969207764 
60.161693811416626 37.31545662879944 43.052746295928955 100.3090238571167 
32.652180194854736 29.598790168762207 68.26048398017883 84.58247876167297 
30.913992404937744 42.20075535774231 30.428536415100098 79.9062807559967 
