[ 6.73439315e+09  2.05779612e+10  4.97699376e+09  3.87657261e+04
  1.94635300e+04 -1.92310244e+03] [-1.17698052e+10  4.67189077e+10  1.28434802e+10  1.92979244e+04
 -1.65952469e+03 -2.47117249e+02] [-6.79037831e+08  2.11221799e+10 -1.84041793e+09 -1.61699060e+04
 -9.88523096e+03 -1.36168905e+03] [ 6.74614906e+09  4.05428247e+09  6.34243178e+09 -5.28158357e+03
 -2.08501781e+04 -2.19597205e+03] [ 6.74898526e+08 -2.25687848e+08 -1.09744192e+09  4.68754928e+04
 -2.32360421e+04 -6.21658822e+01] [ 2.50121045e+09 -1.96679844e+09  6.19676824e+09  2.88488110e+04
 -1.73162387e+04 -1.05945496e+03] 
[-8.93075827e+10  4.94696816e+10  1.49864563e+09 -1.12926987e+04
 -2.15673131e+04 -6.35354910e+02] [-1.52238711e+10 -2.53361817e+10  1.84840701e+09 -2.40454854e+04
 -1.00457025e+04  5.31801311e+01] [-1.16961789e+10  7.85238461e+09  5.72617660e+09 -2.59799847e+03
 -1.22497978e+04 -4.25326780e+02] [ 9.01615613e+07 -8.83310366e+07 -3.91098974e+07 -1.13764802e+04
  3.76004753e+03  4.58125351e+02] [ 1.37729348e+08  1.77661477e+07  4.60790859e+08 -4.09686987e+03
 -2.35541872e+04 -1.87025811e+02] [ 1.48663419e+08  1.93897189e+08 -2.27123635e+09  6.58746758e+03
 -7.47323900e+02 -1.03768445e+03] 
[ 1.28996267e+09  1.17377259e+10  9.11952388e+08 -4.79471863e+04
  3.33385424e+04  8.13523092e+02] [-6.69591936e+09  2.02467903e+10  5.63216864e+09 -3.08976113e+04
 -4.47719977e+04  4.48988504e+02] [ 6.66732458e+09  4.65479861e+09  3.47414750e+09 -8.78864265e+02
 -5.40592611e+04 -1.41893326e+02] [-4.92869358e+07  3.37389071e+07 -2.30348394e+07  1.38441757e+04
  6.23652489e+04 -8.19784641e+02] [ 2.38970489e+06 -2.28080812e+06 -1.11472610e+05 -4.24427239e+04
 -1.11440282e+04  7.37235623e+02] [ 9.20702093e+05  2.38612038e+06 -6.16168691e+05 -2.07779831e+04
  4.92332326e+03 -3.07223614e+02] 
[ 3.72482300e+08 -2.27755393e+09  3.99917968e+09  9.09969578e+02
 -2.05866453e+04 -4.68468090e+02] [-1.34021315e+09  3.38437573e+08 -3.37600208e+09 -2.33631558e+04
 -4.70051658e+04 -9.20627552e+02] [-4.56020244e+07 -1.27559619e+08 -9.29362815e+06  9.63498145e+03
  1.18845157e+04 -1.36634438e+03] [ 7.46953249e+06 -4.72855355e+06 -1.68346117e+06 -3.10767846e+04
 -2.01495238e+04 -2.99554618e+02] [ 4.28624108e+06 -1.32829930e+06  5.81286994e+06  1.09454299e+04
 -8.60234871e+03 -1.84927504e+03] [ 7.86174492e+06  2.02779115e+07  9.08771200e+08  8.11523419e+03
 -1.17600137e+04 -1.27986531e+03] 
[-3.74335759e+09  7.03781739e+09 -9.65074006e+08 -3.89085927e+04
 -1.84422796e+04 -2.87505615e+02] [ 2.60862745e+08  6.15592661e+07 -2.07747414e+09 -3.38661031e+04
  4.24068663e+04  4.76880274e+02] [-4.84891982e+07 -7.75095882e+07  2.13354352e+09 -7.78164570e+03
 -5.35640639e+04  1.42515424e+02] [ 1.40442390e+08  4.02064152e+07 -1.08981102e+08 -4.06590888e+03
 -6.36531563e+03 -1.04088381e+03] [ 2.23083252e+05  4.62438355e+04  9.89768130e+05 -1.28070556e+04
 -6.66905565e+03 -2.25273466e+02] [ 482370.51792908 -125678.53268433  177931.31176996    8456.53479048
   -7391.67250834   -1491.42715944] 
