Label M_f Ep_x Ep_y Ep_z Ev_x Ev_y Ev_z t_t m_0 |Delta_a| |Delta_e| cos(Delta_i) Delta_Omega Delta_omega Delta_theta
0.0 25.682996243421144 45102585268.8324 24196099052.197365 -4652117108.70323 -2963.0746617522273 1200.1556863178012 -131.35581932293326 20270535.32853983 772.6829962434211 45520632934.244736 0.20877649456863767 0.9993071002497363 1.0739063403545632 -2.2143838397359152 5.432907406843216
0.0 98.36251961373227 -8109243.613876343 9250996.56161499 -96551462.35781771 1228.2527009332443 3082.49043099552 -945.9936617439009 81703381.48670357 845.3625196137323 96391117460.24007 0.12065210914910546 0.9998606783921988 3.117294715219421 -2.5921393288322108 0.8556373990398498
0.0 70.34125740008722 -20345141.629859924 -49120463.837524414 15236590.192469895 -381.1386206473544 -722.5617867730666 1048.9309559189387 90823003.62157209 817.3412574000872 69920133882.0246 0.029372148980936402 0.9997192149220011 3.6488820722827504 -3.135742080881011 -0.07586331682039382
0.0 49.00764016748167 16858208.51274109 -30899868.71520996 -46303116.63477397 5568.409945330193 6353.950700354213 -1222.4374614602955 76606771.95026717 796.0076401674817 66348827038.62683 0.3102771652580506 0.9995550695271075 2.4978099197384864 -1.775754560076305 0.295533685939529
0.0 132.54016167395457 61513353.1292572 -1056772.9105377197 19667002.792554826 7693.158612896419 4021.800806043864 -997.6217914809713 123337520.33675687 879.5401616739546 33989222509.310547 0.3056288167726166 0.9991824634471652 2.7218173210596794 -1.916078445855217 5.450408152518197
0.0 81.76149157615805 2503377.378349304 -16418105.482757568 -3148736.123360157 606.5287115335996 3597.0064610996087 567.1293904033593 63287510.98744158 828.761491576158 57563325216.34311 0.10789689946467744 0.9997176589290006 -1.5403281662597346 -0.20453042315036118 -2.408200514020707
0.0 53.40346440147232 -26166220.677843094 -43041731.32949829 -22104615.766950607 3443.4643521341095 411.07579171096086 -1130.9255304854591 105433543.81488079 800.4034644014723 97408483645.65393 0.02641982515552907 0.9999891278218755 1.0492607106155305 -4.868771532459945 -1.8101237687434222
0.0 37.36148909531494 21113595.85974121 20369314.466651917 23095708.267188072 6803.805115048426 2139.245953470585 1780.2169413532497 35548182.248585895 784.3614890953149 45660976621.49255 0.22433134556888853 0.9995536836482248 -3.184739924134988 0.5819350240415487 1.75105658462198
0.0 8.254860616326027 16632314.975723267 22497397.590156555 14099860.97562313 11017.680551512414 5676.90861410895 -1978.6349776128245 30461797.139222957 755.254860616326 29208216671.491608 0.3116391157412911 0.9993594096678338 0.6376438655248806 -3.7156367113074955 1.2830234155020626
0.0 95.60061338776597 4356253.797698975 21011331.62271118 -4508530.444766998 1638.9350370805987 1269.8081952957873 2434.304165678146 94886703.8432416 842.600613387766 58011691875.17139 0.06537554435827493 0.998568180747875 -1.9297605077377995 -4.665813936222607 1.0900449229687004
0.0 93.88338260556475 6794214.454818726 47253646.95617676 -73007549.77972746 1574.6098284835316 2793.1912284157115 3178.001155243183 101486342.05546495 840.8833826055647 54959315384.243835 0.12826413901203074 0.9916775208135326 -1.261803882351836 -4.672413917227019 1.6529636615301795
0.0 24.997162083840067 -5658769.349151611 -39025271.99359131 49775088.085067034 10566.700198340946 8698.812205001093 1522.000325686618 29731726.628231715 771.9971620838401 12073064449.269104 0.4580503283424833 0.9996436890623164 2.0337119124708107 -2.084982426792255 -2.026548110887637
0.0 116.14880337591444 -20583701.53756714 320369.235244751 15561815.562083244 12285.677031525393 9912.378390298582 4833.23243631818 104067843.55597858 863.1488033759144 45993528207.85062 0.3197816744044526 0.9957775357843693 -1.6564780201307825 -2.1712234490411153 5.479901046348106
0.0 37.37932327051101 -50155066.86993408 34103338.37587738 -16249901.46742165 4989.9799957956075 720.5475081847471 1860.9700480227004 40003243.872380145 784.379323270511 48306749350.622925 0.20971598372049577 0.9992163083139097 -2.2812807370123207 -1.844659574374461 4.343847262744351
0.0 31.725875623994284 -27594978.189590454 18411407.70223999 -43446889.366099834 -5412.097975158831 -10028.809337295159 1137.5538601528351 41846832.51964851 778.7258756239943 15358375160.81076 0.2795298183978436 0.9995937173307712 -0.7728929138505878 -2.042006967089067 6.066762861083263
0.0 68.90278991275636 25455667.94168091 14279140.081825256 -31222303.623127937 2310.196562823585 -1724.0194573755543 6353.323381016986 116315309.81030323 815.9027899127564 70469038788.63422 0.1012986332171675 0.9632349898214024 6.03748629739156 -1.0991484102410185 -1.9553617128137113
0.0 81.15089738166239 -9708806.81072998 -14587280.563079834 112981295.68021202 -3340.33032444711 794.393313210494 912.3831446220848 77864074.94952095 828.1508973816624 24127312497.591583 0.042971903425666896 0.9929188977072594 -2.97800168160904 2.0721409231895778 -2.0511262314011733
0.0 28.050421741749233 66128827197.65517 1384738383.888214 -4768671906.699515 -9442.05933876666 931.5425555148067 -30.354943986244642 22192778.51065832 775.0504217417492 67464927784.53671 0.04745048221036732 0.9995510071533583 1.4855788547350919 -1.6373865059588848 4.846672232573105
0.0 25.87148228338185 -12842523.08416748 44800239.210884094 -42737922.68651116 3211.292544437614 2471.410674648123 581.7255141280496 30251513.568679627 772.8714822833819 51644928615.02771 0.25627222463470184 0.9998177918303861 0.5329438733741456 0.1925685930311286 4.780725047179949
0.0 1.3121572589620882 -25013783.04852295 -17302110.050605774 -245507.91052532196 12248.65000234959 503.5522101335082 2860.800296923747 25723149.470992893 748.3121572589621 14646801808.194092 0.38397644649000817 0.9990946514553636 1.6694665622355824 -2.492034499478883 4.9336431334563295
0.0 46.817273265853146 52229878.46859741 -14755007.903839111 8252575.816674948 -2913.874470680712 4149.921410969368 4865.764442473821 60644266.64271816 793.8172732658531 23735856872.570923 0.07070879090182973 0.9839536197461778 3.987643223491215 -0.8956936022288353 -2.088624818608885
0.0 50.42208154374998 14258669.270843506 -4057780.390991211 -40191247.223807335 -2110.307911931555 875.002429400316 2056.6529897870555 88398096.77095339 797.42208154375 47780957262.99332 0.018069489096693522 0.999771142989373 1.335017348000178 1.6922843008997739 -2.098438145244408
0.0 140.19513534038379 -6707566.661193848 -18422209.593780518 -15469002.606210947 -921.5655380626704 4224.995533721317 4854.068395716282 123518222.01706794 887.1951353403838 107889899684.36682 0.17123621475371367 0.972946350493783 -0.5405955441165977 -1.130727567216913 1.2610136936214282
0.0 52.30738925158573 -620446.9485988617 25935743.37475586 -60330568.52818966 3560.7087492626633 297.21574957447206 -387.03887990093745 102921046.31559037 799.3073892515857 97345056845.19974 0.10292094633563731 0.9985840050342848 0.2650783186219632 1.4619298153563802 -0.9588507258744785
0.0 0.5995690215124796 -258023468462.7444 115842533248.44742 5924225147.535981 -30156.601652517165 -55021.92554577437 23.88229205196926 27680248.70000074 747.5995690215125 54774573229.71825 0.1080805260319169 0.9994743210188589 1.5260375773347723 0.022534273301809245 -6.240739812132674
0.0 80.05776774493847 -1666792769.9596252 -8299691105.975189 -375189368.6388676 4044.1624886313657 4911.275849100526 -1043.731226702319 61351171.157885015 827.0577677449385 57726523704.52365 0.17842460902425994 0.999473159517523 4.055718765307625 -0.08302774291472148 -5.436778446875596
0.0 25.834747645784205 -53970320.87716675 6170667.858055115 13435072.674053907 9387.134484359836 -1317.0291702696632 -1535.8131014932 36268642.59729292 772.8347476457842 36026699749.89168 0.15889758635311954 0.9987533748209184 2.1752668695715114 0.17388775840570148 5.505062403038512
0.0 51.755379112940204 -33502417.290130615 58553083.93988037 123254769.2056632 3200.841210722636 -3217.2164044038764 38.012093317301805 113813954.51912516 798.7553791129402 64218087270.54605 0.13770372258748145 0.9995570628377123 3.3710674197409203 -4.599491141237248 -2.926502744965282
0.0 70.79703841341336 -15049725.717308044 -23373558.253936768 -30477375.760459185 -2091.787851040677 774.9230142100664 691.5396772691593 84332894.75616537 817.7970384134134 68039997463.784454 0.133143978526003 0.9996455741442869 3.1597848668004795 3.1836029911946864 -1.1639456495931735
0.0 105.62605846723272 11009619.63116455 26529902.517211914 -3481422.4935951233 4154.034143798377 -1411.1289245811786 -3317.5884360736122 127794627.88150936 852.6260584672327 147267138760.3282 0.23271606587304364 0.9959792606522337 1.6386566812481604 -5.460051223220016 2.028229769266814
0.0 126.79037458078506 2002069.542544365 10362577.017669678 39712938.46092224 -1855.2994035646043 -1165.050054695977 8181.632234911262 127220203.99245355 873.790374580785 128357367204.07222 0.016431944052848133 0.9556936349636862 0.4111097225786069 3.221988495642025 -3.13755836174075
0.0 96.76827830503123 19230264.588882446 7305236.803924561 17325524.432471752 1107.7071092229926 1759.9398505766594 634.641148650511 77398017.05331165 843.7682783050312 47945490720.41696 0.0792675565659013 0.9994783535732241 -1.4303163722695837 -0.23086286374783876 -0.7061607020349898
0.0 51.48230413265662 -22231710.210464478 58003492.639190674 37084263.54289055 -1495.2450980726899 10955.211826216508 -803.5984026166087 43259047.96238406 798.4823041326566 30535419714.176178 0.32514509303871736 0.9977214033029227 -1.2074378359877131 3.0440763491945932 -2.8585183008441666
0.0 84.66164668634701 -23270268.962997437 -37555877.75205612 -65603337.89682865 10128.699722040628 436.45654568676764 -2869.9202690539855 114567641.52894585 831.661646686347 37130957569.410614 0.34980748236057946 0.9930758702169655 -1.2071497062965832 -5.389295644150411 5.390532416444794
0.0 28.128803488231824 15721882036.614145 13573448529.427246 -1597924915.4337337 7473.168068158404 1506.8649944148333 -833.6457453720894 22274339.935502395 775.1288034882318 39742724643.135895 0.33317975273307265 0.9996744224179254 4.046070813344829 -4.470187401778448 5.331949814131652
0.0 0.3161073684519806 -176301965115.9527 87808984122.14308 596369183.4936644 -12293.289189181156 -21686.785729031602 -767.4266800573776 49114644.32115779 747.316107368452 19558994592.202057 0.011319399148323306 0.999389441452299 -1.8266581868488827 2.1164126596805266 -1.9585503037747019
0.0 67.57047716450154 -10629517.79699707 -3524372.5123062134 2535013.374753952 3545.5605507966466 -1641.1151429792371 -1378.8563207582113 74822075.38740107 814.5704771645015 13436344654.386688 0.05061859308958694 0.9907931815198677 0.35544262021933104 0.4354547333133892 2.9431021882682806
0.0 39.760554671734894 -13967569.169692993 21697745.042144775 24278758.01542473 7359.414586781604 -8957.985964059624 13.105753597178214 51340790.59936248 786.7605546717349 15755688212.174103 0.3591761625519733 0.9986594902271657 0.9482492493013738 2.50838688356522 -5.569922155207964
0.0 118.438968175568 10214496.763191223 80692401.52349854 -19843807.693484783 1024.05967726187 1222.8883120355154 961.7017098202567 128364871.87493871 865.438968175568 78960147936.42633 0.09665469463019338 0.9995281982026226 3.2677076313727835 -2.556337757764991 -1.407283832495225
0.0 83.15467492347511 7843972.934310913 -16399263.746704102 18352446.720896006 -2150.6714277116225 1171.452714777759 -1558.1362430661306 118610718.88757932 830.1546749234751 60861488885.532196 0.0821940103147519 0.998331674861372 -1.8313298599345038 2.835088160908382 -5.754186526630956
0.0 29.59905895403324 91880182554.4073 87952133587.04337 -5008729016.761477 -16728.347288744397 8711.21961891724 384.0303799092668 23251465.81663375 776.5990589540332 58338614209.71646 0.15340320180635034 0.9994398375761525 1.134016238051276 -0.5108369964180883 3.990397569775308
0.0 37.0266046302105 20304964.97885132 2773885.2040367126 -558317.7751877308 -1382.0162424459322 3282.2102979785413 2826.3077929975616 38046693.31379129 784.0266046302105 73661413161.78384 0.23140878427265266 0.9956908907305385 0.3590082676214959 -2.0238791289304676 1.6444380302163752
0.0 57.62019409140555 77448901087.84941 -16835827792.6568 -4972551397.011443 -14837.488284436895 15363.384955312114 -79.75525982455177 56192107.905252844 804.6201940914056 9997991514.73529 0.3643809844317336 0.9994541365446221 3.602588710466687 2.635357755229146 -5.9371003786947565
0.0 50.442958906575655 -603282.4658660889 -10511974.693328857 -14668019.829855919 2283.1755755846643 -5193.01904680174 627.9401063600449 112457359.9062938 797.4429589065757 34445124656.48355 0.1304916764334858 0.9997570389830913 0.92208492482533 1.5459861922029103 2.9975499903782215
0.0 95.44596836224514 28426178.284576416 6023091.523086548 -8114207.06249091 10895.898837565812 6448.511469475952 903.2191523201831 72831678.40566972 842.4459683622451 14952904508.597961 0.4369891445506562 0.99945398757689 -2.1895608908263435 -1.1090735025998972 4.968001294332645
0.0 27.554835709340182 16489713.49609375 -17729384.80227661 1069900.6110830307 -1478.3598858670666 5866.853225509789 391.3670335719419 25478392.378308166 774.5548357093402 113131877248.04364 0.26296339172311584 0.9995812668140195 3.497462108956439 -0.11320956175221475 0.7272724654449176
0.0 75.73995820872699 -42867676.695510864 -44738753.53939819 -75411452.71633244 -1431.588783616884 -411.820398281252 -289.37269096818335 84003656.31430207 822.739958208727 55732038578.46402 0.08223491828051174 0.9969099493483106 -1.2859065958155373 1.2435377489550827 -1.395090260299234
0.0 36.06646501203488 40554694479.59859 86403282058.77634 -3501416943.463784 -11522.82433053126 413.3887265227386 586.0775294993507 28501539.096803933 783.0664650120349 52451472512.37131 0.18906877731773714 0.999441688402572 -2.2286113827137966 -0.6675020794231084 1.7498377333435977
0.0 100.05058610660956 8615706.829055786 4244868.575653076 20527473.746286392 794.7269210803497 -570.7002328898143 -6600.992167807219 94375681.1309459 847.0505861066096 62061749939.5314 0.02544004213258058 0.9912634880345385 -2.0412053799022916 1.3366693615126846 1.8079317224923988
0.0 38.88310932314391 11806639.669250488 -32020911.889080048 -12047520.746765137 4017.940403396177 -1455.5873905007902 -430.7051631354103 71952321.72977193 785.8831093231439 10914429978.429565 0.03414579203232787 0.999755245100506 0.13207773820252466 0.9671354159288893 2.6524645461514202
0.0 71.65040967847847 8365296.217903137 -42289117.600494385 38795097.813521385 -2590.866938940686 5220.039661218136 2071.135695477999 81155736.35371302 818.6504096784785 66153433161.61725 0.23785565173985262 0.9924241861441627 1.6699492718063327 -2.5833070160759233 -0.3064705436098276
0.0 52.72334385438194 -20822671.129188538 8197052.209014893 -25689373.953359604 -4924.850867837584 8975.749990632912 3450.541500546422 118651441.4481539 799.7233438543819 28915409854.08612 0.3461937583519676 0.9985883194833738 1.7197934231799323 0.1585625685356306 -0.1834630550434655
0.0 6.2374416253599065 -32472360.54171753 31101574.162597656 48171777.49231768 -542.6942397705461 4585.820327721857 -721.5856275424394 57647370.03611836 753.2374416253599 31242838359.86435 0.10307623179456606 0.9999654607736601 -1.6228416536940784 5.178164885232537 -2.580257601295245
0.0 90.04110459651395 -56778066.855148315 250139.62481689453 7435015.317632198 -2683.8362607618765 2803.9151438178833 -2943.8816194432634 97846689.03364873 837.041104596514 20616975413.257233 0.061993378962520496 0.9946950421895764 2.3035889806303684 -3.4409769159989687 -2.58162506564548
0.0 38.6772386357045 -2096252.8553466797 -4574462.391906738 -1110145.839056015 -1542.3305212739724 2008.3577935631838 342.2799617784579 83045327.99578427 785.6772386357045 56413724103.31381 0.035345063468657276 0.99968874511965 -1.1838119160500549 -1.9430160241129035 -3.1681188805263494
1.0 46.67922339658219 -2004313.3333129883 2501066.7768707275 -14872159.313959122 44.18008039686174 -488.54685853916817 439.2069365481565 73731670.10214193 793.6792233965822 4471246400.452026 0.004539097119221819 0.9999643629794636 -1.1452871133812084 1.3597200034227808 -2.5212274169212545
0.0 89.6468254464063 -65596939.03078461 -633414.9971160889 -6306029.676143646 5400.559807405989 12592.584479958985 1617.0012151546734 116185145.9890882 836.6468254464063 33179331364.03607 0.4066680536205514 0.9990362182991538 3.3277975630840384 -0.5597597924051865 -0.4047477950619993
0.0 31.979915005542694 3709914762.045624 5210964631.2651825 -901621962.9998953 3457.1879850496916 1519.2240187730495 663.1080899153453 25207346.218569476 778.9799150055427 35990893392.463196 0.16113775578120454 0.9995243384552737 -0.36892286523138096 0.9426467420305054 3.1361242705116226
0.0 43.63008355849172 -8143964.982177734 -1457617.6703033447 -60855836.951850414 6271.134360313923 2734.5794374152356 8585.602230328272 69667806.13453948 790.6300835584917 65216453098.71515 0.2667241581676607 0.9664652261783818 -1.6801757021027044 -1.051310683084164 -5.3062121283840735
0.0 39.254421492017514 33190885.88420105 -12386717.513031006 -4329744.368265152 3461.0894549393997 6730.3005740357385 1708.3685585868532 31371232.69850523 786.2544214920175 19377140298.10022 0.24162698056456744 0.9970002889004047 1.3343390579499057 -0.5948098477968218 -2.9279200087315944
0.0 28.93506272511172 621492.7078857422 -307457.065032959 -22795220.508411407 8096.409266843122 -2621.0932011905097 -612.309783612584 59396941.12076925 775.9350627251117 47545789565.50784 0.2288259615554844 0.9997716889636401 0.6040397401730716 -2.134226201521402 -5.828042571813377
0.0 87.36040025530576 17169648.153015137 6460610.23550415 39508739.42554188 2343.278201078054 -1665.1355081613237 -432.4311039838407 106436102.67481998 834.3604002553058 105167733274.14316 0.1326294975911314 0.9974336395111395 3.8012292108263535 4.822740758254175 -1.2513209930664448
0.0 96.25708620368789 2479820.8136749268 528718.0886535645 -27842406.952796698 1338.504345959991 1049.098133010515 5153.768541208587 97550694.62827979 843.2570862036879 64362150292.80893 0.07164593147599214 0.9795307699086945 1.6611790199434382 -2.3267742365226676 2.3279734474792937
0.0 64.12490251276881 39365832.227394104 -5272012.748504639 -5929271.095109224 2122.8742210153396 5229.7308114380385 -1151.8815912934972 68027121.69374274 811.1249025127688 60288023745.54166 0.17494568842862235 0.9996404743612654 3.7855724175627863 0.5527211805726049 -5.300703278421391
0.0 92.35931034036685 -39027704395.43338 27262364448.485794 5892449605.046239 2265.072329011322 1548.0027132530558 -247.82660543462862 116776594.2683147 839.3593103403668 96976330922.20488 0.07385908322928847 0.999758542338241 -1.3115940844770382 1.6234326092874454 -5.020292474555962
0.0 33.72480737100625 37261343.099823 45574011.02433777 -43332733.398599744 12671.204078377546 5281.038664098425 994.704415657963 33407933.69276389 780.7248073710062 19614339781.177185 0.4408475576397827 0.9995485049701303 3.355171678359922 -2.5518321406238544 -2.0231334692931187
0.0 77.43355061497243 17545150.4654541 4186172.0376815796 31129525.089559555 1932.7586492436055 1907.3140102457983 7124.778361308501 61968990.92801093 824.4335506149724 74107184519.57947 0.11136092123929762 0.9660547552714535 3.23735782930266 -0.8065144442002395 -5.55959976525987
0.0 65.58139407328895 20940137.85017395 -5602834.544464111 -7381793.186228037 2704.1892362084727 7958.194410588387 1816.4558089695104 108490889.59410584 812.581394073289 46980970798.90408 0.27200471165585294 0.9998067779858982 -1.6584641655569519 1.6614487322917946 -5.633568028089731
0.0 28.21318876791952 8989406784.852356 7085295852.819489 -990257953.5763619 609.4762297937505 610.9307513526037 747.8067634130706 22251948.568108547 775.2131887679195 49388543173.42334 0.055038345321898746 0.9995245214956394 -2.3306689421367652 -2.9993936637629206 2.2767635607813346
0.0 54.671330823932976 -31826639.66467285 -8554771.347198486 -36143929.8730011 6149.466306491515 9774.009655795995 1151.8562560150763 112073746.00587294 801.671330823933 32598325200.533875 0.2888127489207256 0.9962415480133405 0.8578940508517956 0.9997222709900819 1.9605187252387688
0.0 17.947002609340075 12427209.960906982 4272911.29536438 -24007998.830565453 -6722.971369081586 2807.6839622984444 -2471.4596781985406 63642811.48175648 764.9470026093401 20813664367.376007 0.03994882888284776 0.9960218702179902 -1.5691354598006315 4.4441144304986295 -1.5941996352451413
0.0 32.08636820761626 -8081262.183822632 -52749620.6887207 -77742808.61970139 -319.3898753146568 2472.1417080899027 1077.6756808412115 69033445.57259704 779.0863682076163 9592786073.311157 0.004116444301435235 0.9998106362230256 -0.3932595077123566 -0.32709164610079167 -2.4382132331415365
0.0 78.75115916372772 -83311218.34747314 75698361.88196945 -23422004.841299057 -8807.976320927573 3367.1215114161205 277.596067937559 100535494.65883219 825.7511591637277 17689278286.30243 0.3042876580560974 0.9926709273998452 4.047157296126376 2.002982707693333 -1.9907942954642084
0.0 27.448710927130378 -1662208.7481079102 -10795002.118591309 9034590.99247408 4855.589340828967 5543.737381566611 -1496.3578111707566 27209697.199782144 774.4487109271304 68916891630.93716 0.275600026639794 0.9976876460650003 -1.1189422256209243 -2.201844248957077 2.158021703238756
0.0 84.33295458387761 -38301941.3367424 -64754662.53359985 30685538.750154972 -947.0384786858158 7421.611709265882 -503.9317896528407 125242513.25258225 831.3329545838776 49689519629.346924 0.19283783680961417 0.9994872723832315 0.9535230609280068 2.324531531385396 -5.5956846218917615
0.0 52.252830302400525 -21952896.98199463 50656456.946121216 40530570.0061717 -1131.8554622636766 5079.581150389182 -2180.8072886299524 64357003.08055365 799.2528303024005 65820825318.26669 0.06225830980547395 0.9984491121073443 3.479051844886174 -1.1772262143233316 -4.7518327933265105
0.0 42.30985505494402 51118376.45349121 43421125.38012695 11931856.516531944 996.8483065130422 4468.79144478212 -666.5921645648975 67886401.77042408 789.309855054944 23673284566.536713 0.02317969171447476 0.9974883189691058 -0.1590348380473987 4.856701768297341 -2.0959043579610386
0.0 57.6538896996567 -10307943.445899963 5904193.430480957 -20752503.51816511 -1253.5747819272474 -833.1250258786113 787.2202484778734 78679932.4777396 804.6538896996567 50172232982.046814 0.08840517793509914 0.9999011142991897 3.836055053024367 2.5687313266770233 -1.6858169117383035
0.0 72.20788123172656 16617322006.845886 5674026064.139008 -1217548745.9170842 1587.3990553631897 -7160.629889959673 815.5693732295746 55027529.865287244 819.2078812317266 5057915976.835663 0.3804419165469104 0.9994548756121167 3.9689788130403687 2.1742003191482127 5.694565617896549
0.0 41.82170701656116 -25064537.539985657 37929701.653533936 -56791877.28296876 2100.9921669192954 6192.529588132409 520.6135740630856 36565947.35702562 788.8217070165612 40572751108.90933 0.17853905446302765 0.9995930690794723 0.3374404504653148 0.8823917791992466 -2.7907270851932604
0.0 19.27342986912049 -11269217.287719727 5839631.429595947 26934378.41634035 1427.0768229859914 2574.7256903230846 900.3884128193425 24893055.930347856 766.2734298691205 20055765454.099243 0.08111981279999653 0.9996600282499144 1.3895053750655215 -0.9644263463599567 2.915563180970698
0.0 19.416988770045577 16094263.300949097 -20466322.2497406 -5342963.462165594 9910.080531666486 11271.454309765515 455.63972928036065 35723274.97702711 766.4169887700456 22387923423.857086 0.46522173631639235 0.9991817907444945 0.862846660270472 -3.5456924173450055 -4.894020767185814
0.0 4.468536720524298 10876759.426940918 -941023.6609573364 1508014.4826900363 10854.383697223453 4571.417221834723 1295.2591919791626 30087260.38811519 751.4685367205243 27026181906.903687 0.3572879840310842 0.9998834564717316 2.839946978665144 0.4999893667257702 -5.121651556052669
0.0 30.613180236419566 32677670588.29013 886997302.5631561 -4580522688.005499 -2295.607863946301 -874.8909239497989 -173.60202990315207 22964266.653713495 777.6131802364196 52495499758.66609 0.14006346681654983 0.999347648227678 4.024549272044476 -4.343241672282414 5.099387355914929
0.0 33.5722221379591 7116229394.983704 5876274597.504623 -1626479304.4174435 2628.6381017131794 1738.6383466856641 715.9741160977803 32723839.61100099 780.5722221379591 57389641838.75745 0.20680131461739812 0.999501833852981 3.904091900616409 -3.0657158103652966 4.70797950134468
0.0 56.57391042270194 -79356282.3566742 -29797515.752441406 -40190474.59916258 1886.9923973296063 4811.470753926225 721.7898029633556 59815105.280778825 803.5739104227019 53454116049.258514 0.002319860964877643 0.9999595571925214 1.409991277330542 -3.8923068665899763 -2.171971737355936
0.0 43.531251286443876 12453375.415771484 4868628.263046265 -17950537.477962732 3067.2088784497228 -2171.922542615881 -295.50864804547956 93797064.53106779 790.5312512864439 80361125902.11441 0.10656785228974552 0.9990843134141749 2.4920992936048307 -0.2859250535001605 -2.218264292535764
0.0 81.80110115898003 13386723488.63205 3184491468.9987564 -1679118313.4787316 3463.9992887625517 436.89362137819626 182.90896710845414 62912564.931453586 828.80110115898 79885911014.4852 0.06892092381998988 0.9998001196855081 0.4442322868723485 -2.9165351430370823 -0.7758756345876536
0.0 3.625901465989955 9094876.530395508 -23421107.034179688 -240031.9673717022 16666.18499002745 9078.45483391835 664.7090063454797 19745443.576415632 750.62590146599 2016070171.2987366 0.5572773499329438 0.9995799020103603 -1.0064207837863208 -2.559550300236359 0.09869011049219356
0.0 46.64422965454753 48714741.07102966 2392686.29473114 31525686.660710335 -12176.27147343499 -6275.102499359469 1209.5294054231172 49831182.690159924 793.6442296545475 10823299782.100311 0.35412399377059556 0.999163287908283 -0.5891861718581415 4.918360002982329 -5.725023534226164
0.0 76.4692953281509 -12109362.749397278 -104867789.79663086 -66780852.78887987 -332.08541002097263 -101.50777893516897 -506.67684623005414 87819233.54727973 823.4692953281509 57806410775.643524 0.034264942997273964 0.9998608437006966 1.3818249267698974 -1.3406274037234935 -0.36692883512111496
0.0 28.490982829990003 -19433047.634262085 -11244257.59979248 11402791.457148552 2368.099970759282 172.87242881602288 839.9948301340311 24914472.49754367 775.49098282999 42880382333.60101 0.13862606783996798 0.9997724758923469 -4.360072450276837 -1.3920143155111475 3.9548746698797697
0.0 33.51607125768817 -7837423.223083496 11774304.37310791 -14387291.063322544 -150.7191645522962 2270.683844134437 883.2743780426295 26336450.525108036 780.5160712576882 54681363697.39011 0.04214067520341057 0.9992709756497669 -1.8181883398758212 -2.8394374160269105 2.0355285848824876
0.0 18.92938515001913 70412959509.92752 53583915967.322205 -4930336506.827277 -1169.538225136188 14665.182541619706 -323.9757627418563 18797494.37579333 765.9293851500191 32791763373.09558 0.33129694063985415 0.9992277221379054 -2.294357348849213 -4.333481308475686 4.494835761613364
0.0 57.907199226458715 7395022.692657471 -24736841.851119995 5690073.063421249 1622.0364011038364 2514.345159953722 -6085.4503640161365 55742836.275843404 804.9071992264587 53389551883.224304 0.21295817913537013 0.9805613530489151 0.11256955431425864 3.85166909860778 -0.5672399038734142
0.0 74.53384028126584 -4514611.461948395 -30459067.758270264 34839437.799397945 -965.6348006989283 -680.2453573423866 433.3751320324153 85084634.71504138 821.5338402812658 57117815448.15695 0.013880810749810596 0.9999099547729209 4.577135982150949 2.481650312256236 -1.1461331076490298
0.0 109.90356050474747 24039802.63900757 10274595.735336304 -29163151.77266693 8495.20382600814 3192.876046036934 3789.9860577326867 107337585.87905787 856.9035605047475 72757111064.23068 0.002560438477507254 0.9820756679069742 3.7986845784129093 -0.794114416131714 -2.199495277501507
0.0 30.71693743934736 28352412812.030792 17889604757.270935 -2184093165.431404 2282.709657797732 -1007.1474162713421 685.4061953121152 30319281.655257687 777.7169374393474 71699782578.49701 0.09377897094147553 0.9994880698888219 -2.2899759374932387 -0.7741378040016288 1.3145076909170479
0.0 58.0265789003962 40410247.966659546 -6192558.851604462 40594443.71314396 14243.565611455171 -7761.62467803001 -327.0346854622194 69597621.85422386 805.0265789003962 3299558331.0781555 0.4779359347455823 0.9999784927829056 3.572043058180816 -1.4016422870110465 5.955003222513188
1.0 93.97153174358232 -6396177.659408569 -6289427.812774658 6949793.919870615 -558.2916070363972 1361.4510538654897 896.7274734676508 111242193.07589988 840.9715317435823 75471337762.32791 0.06665971927427962 0.9995519004619389 2.0539567384448576 -1.0222232365709212 2.1847207921217975
0.0 83.14530267839302 17542843.77166748 28706069.90652466 49472666.01441288 1322.0070017922262 1550.4156738502788 -591.4946916491912 115058773.11901599 830.145302678393 75211867441.3005 0.04003305012844972 0.9996201880310136 3.1593594234103786 0.6963297895817477 1.795526263877623
0.0 21.69337455312825 -14576645.250106812 24215892.568588257 30470704.82703972 -5089.46790105234 2256.40685158873 -1121.796561356827 75123079.59560363 768.6933745531283 6655277569.247681 0.16305227715592385 0.9998883330987028 1.3395236541607878 -0.8211626108321788 -1.8756502515670084
0.0 97.63085215866397 9999799.9924469 16406833.37612915 16012184.562100172 2090.9993229753636 3149.3585785953983 -255.6086258066881 76823473.8832357 844.630852158664 66148518292.40405 0.004753327915257108 0.9999668692239893 -0.3209281063811108 -1.603196659390189 0.3228972172551906
0.0 67.9108548179347 9659025.07736206 -31113992.693145752 -31623989.90354538 -731.9763063354185 2648.5562554562166 -57.25367464727242 66692948.418547966 814.9108548179347 48374363650.104004 0.11350233465236195 0.9958170416608124 -5.7062275897077726 6.052271658728275 -2.809122689034157
0.0 88.08071410160028 2262293077.746361 -12730941880.36499 -1175992066.4743052 1978.9553997930707 4286.6683475361315 -995.4500583294018 66846925.00431207 835.0807141016003 70904475199.88132 0.12461272943481379 0.9994943794280032 4.105350973872047 0.599291137855549 -5.437822149406268
0.0 59.99432816190108 1673145.2064361572 6090349.7632751465 4656103.865535259 1527.841299828564 4903.757725433516 589.8802310260799 56337296.19820962 806.9943281619011 53776484198.293304 0.002693129662162022 0.9998809167714023 0.9431175886056613 -3.525153990323367 -2.675960010121443
0.0 28.78237397726548 57311494.49493408 -29169983.138076782 80504698.02111983 8964.907857323471 2802.575054573128 -726.3217341755224 54025303.621370435 775.7823739772655 41177929734.891174 0.2409818787885091 0.9993934028304907 0.027350836942999335 -2.6638926267770677 -5.979603609940896
0.0 15.302692411581575 18287656.31677246 2689763.9273967743 -421072.0948588848 -297.34504155245577 -2940.989759458025 -112.75766254723942 24946831.91893164 762.3026924115816 35492463322.908264 0.19149306459510576 0.9998735355234182 0.9051986825537712 -0.8300853699436206 5.5271212316585725
0.0 48.963251762237974 45114118.34063721 -27743988.64527893 29596428.322092056 11913.186712308212 -2564.012303599702 -978.273092261658 113657682.35648157 795.963251762238 19061843741.42871 0.37135485169670435 0.9996422094439738 1.5425194577533283 -2.2639613819587283 4.952516081922693
1.0 88.51606232904464 9831727.875167847 -889382.6288757324 16545005.633257031 459.78316960458324 1454.8828247428482 950.2141016942307 87644502.4605428 835.5160623290446 67287155480.86783 0.03471568721428785 0.9994260055690304 -2.3860617124005064 1.9111577949014282 0.2080023530203284
0.0 29.34311607336656 1609938.0320587158 13880327.461914062 47982508.66775441 986.903628721946 6304.465559804921 761.9910343764363 31495149.322252 776.3431160733666 13593629401.776337 0.19662636145021206 0.9996220089671142 2.741177450290173 -2.3051929833729123 -2.93924026811642
0.0 65.73963991129335 -7371662.393768311 12802737.85987854 19810663.758561134 -936.0474274132935 1445.1614815633366 832.6634810743708 83290991.41394338 812.7396399112934 60383857042.56464 0.01981330687690945 0.9996292613242722 -1.1645803530781 -3.6203899415681002 -1.9374815428634515
0.0 85.77677141883782 8387382957.655266 -21156602662.287186 941001638.188072 -2397.106056611785 257.2296043708284 -2695.8616973496805 82283549.60811189 832.7767714188378 99457671980.65547 0.023489154046742164 0.9993566850762385 3.6977775387634715 3.141340097280047 0.8958404190485614
0.0 69.29764710491986 -3294946.5388641357 -6384430.3670043945 13206883.223595142 10023.668912630666 6287.735950603932 1308.140005609636 96762423.99261235 816.2976471049199 32467906246.433014 0.3628794565546895 0.9995216630071687 0.2926419947197762 -0.14757451019643442 -0.7194677312748121
0.0 23.341791179417783 21714272.413223267 -6045851.19418335 15532612.416309595 -2510.813738476474 2724.4018597228533 165.8222088425117 47191383.21094067 770.3417911794178 44283977752.14136 0.04087624329300679 0.99991622640264 -0.9233531285255376 -4.216851427873509 -1.928571352982641
0.0 104.28210269547299 -17016516.174468994 771999.3826141357 19523202.71338725 7527.378824023983 5854.158698840187 -279.7444856069591 83997736.01560771 851.282102695473 33364393807.30728 0.29986900549289186 0.9997775235333223 -1.2929825024470112 0.09166515709272338 4.801364436767536
0.0 98.53979104786026 64832433.90376282 325273979.8025818 -266406187.6346035 6413.592870782555 6260.067012114825 9409.190243047693 75106960.63179487 845.5397910478603 85071511443.54282 0.15744586149871415 0.9554549330249762 -0.8923861094702046 -1.102499953335601 1.1316723168406795
0.0 96.61325783787902 7450046.979480743 -3540939.8619384766 -37584002.74130249 -2497.27891960759 21.141718579886287 1433.9376602389525 92346355.62471731 843.613257837879 75641206498.79047 0.175017812806013 0.9940801564716166 0.6872422080366307 0.5231496933822588 -0.7429792962411841
0.0 86.63637438222452 -72577857.9868164 56480841.378601074 141919967.6186819 -368.8510653339217 8097.129224406204 22.253826938561588 123702359.43609546 833.6363743822245 21597551584.009125 0.2961464095892913 0.9945541637534988 0.44012350602283845 -0.39709827269456693 3.3846201007534145
0.0 62.66621306796196 14936295.323547363 -23666603.47897339 -71824794.53102016 1142.159010395415 3519.3356034824046 515.4214815572197 56383927.38696076 809.666213067962 52215961944.56998 0.21909607802151418 0.9999392839827459 -2.5249429523250666 1.5725774290103571 -2.5891609338302843
0.0 58.102009857695066 -14681929.169784546 11367008.311218262 18585819.370756447 -5890.12961046208 3781.2945041505445 6724.424749161104 94284391.38714617 805.1020098576951 38699948022.42844 0.06816158639068007 0.9745231630688761 -1.0638750920021929 4.573978697235967 -1.525238115534854
0.0 96.04358718417575 -14936077.847812653 11601109.57623291 65720761.16349983 -2405.5805012362252 9336.213013985358 2730.407775796402 115500577.42951103 843.0435871841757 52164898765.605865 0.2070686256147214 0.9998681699857787 2.639631640667836 -0.6267813523830433 -6.020456865180616
0.0 68.93800025107703 -20034942.80126953 25109556.024162292 -28011935.07783866 3038.5089616854007 -2514.7682961980936 -133.04114356270398 115541259.33327481 815.938000251077 83716077588.61963 0.06761989956583825 0.9995636906615875 3.910207827061991 0.15255651072975418 -1.1326536461985866
0.0 111.76812329838788 1871789.9590072632 -4850940.006057739 -16574306.636203766 -1203.9874818845929 4116.725746810896 6356.74348457207 84848408.77550948 858.7681232983879 63982468024.02072 0.008374647307927821 0.9774658375166293 -4.77976563223683 0.17062214100591278 -0.9327427056247692
0.0 101.96907080857989 -57665744.050216675 65300660.78942871 -26378952.7920516 -1926.4510357948639 2802.677806747888 -319.012690186626 102984393.7016147 848.9690708085799 93346881283.68488 0.09259687966521916 0.9999654716352298 -3.0153180200126166 -1.5988340266675931 0.034594128268342184
0.0 75.89108070341456 14190690.48261261 4193639.365447998 21130360.21513343 206.28345754152178 2513.0514718594495 1158.4478256112563 105523026.2897784 822.8910807034146 70177336388.3107 0.07406802053446715 0.9994763634053492 2.3374479027606685 -1.0042226903449403 1.4826150281324915
0.0 57.42334315430924 -18761013.843948364 25947098.960113525 -64935606.488716185 8976.855690055141 -605.6495713136064 -974.7844223198133 49089851.3009337 804.4233431543092 10510918713.293793 0.36412931610858906 0.9992731611609551 -2.063292989456411 -3.769580824851225 2.5759496961466426
0.0 15.715507613305022 -18243844.309051514 -687663.8596496582 13132231.401134491 -3396.516844050424 10898.037219319804 1085.934728638315 52473308.562337846 762.715507613305 27493455794.236298 0.24038678833993682 0.9999959366627594 0.13389693955099602 -3.533422739959173 -2.6972865952904885
1.0 83.43785185512127 6238167.778207779 15411536.25289917 4591807.295519829 -177.44466170819214 1498.8870805562844 396.0831241588441 99908432.68226072 830.4378518551213 60693442192.14865 0.021733258204988185 0.999949349834199 0.6576174260764605 -0.26879002380271544 1.3210335669098483
0.0 101.7260142129852 32097815.9289093 50152492.200286865 -87796433.3528657 429.30017755112567 2256.434380200688 3523.647399883559 113947390.92471695 848.7260142129852 77074231730.25674 0.07952672840547514 0.9874535211676921 4.107368476895374 -2.7980498816631862 2.0930166284024945
0.0 4.3124398070337975 -37764242.20993042 -32657455.615325928 -50606780.97767639 11139.382904721455 3756.503334170986 814.03115837616 18083035.97392436 751.3124398070338 8219049047.18335 0.3861197320306731 0.9996506864367104 -0.5805797631399183 0.34670910507266983 2.933332589097064
0.0 74.23437823395716 -9664860.63999176 7309361.528289795 -14820008.697847366 2187.5432144077568 2379.9826861461397 -836.124607270155 107612728.14246795 821.2343782339572 18666596844.61267 0.04574679290712613 0.9951321766195431 1.9938057017908957 3.4994522727737274 2.4818601085292102
0.0 113.40728582019142 14948983.006393433 13034758.502563477 -7709214.2386831045 1639.6481140664037 3291.878028224296 425.088915638737 87069445.55777259 860.4072858201914 72444361288.51892 0.05523138494750354 0.9999095487379246 -1.5122267692613172 -0.5896255859053188 -2.429103412500484
0.0 111.52487448809211 -10168111.628173828 11224434.233764648 -47985380.392652035 653.4687960236297 1937.8049269322619 23.73265956413732 88682933.16172275 858.5248744880921 75403257312.76816 0.03825474232487299 0.999152083357907 2.280900729044687 -3.755437559156541 1.310144713392743
0.0 53.20243741511797 -13682405.586639404 54569204.16833496 -176330667.77401948 2125.642618401129 3371.0639527744897 -894.9919866105652 59185387.33741968 800.202437415118 76098129686.27985 0.06525326930529594 0.9999013508550767 1.393026509703753 2.0442131394217373 -6.023127122829296
0.0 57.52783946751629 -18922101.784576416 -22523275.467315674 40009503.40207863 5137.158315459099 -10922.973827622634 1006.8805184967752 51105421.85383441 804.5278394675163 10439579670.546143 0.40346482896138874 0.9952808851584897 1.020755315325188 3.626258435814572 -0.4687610793568342
0.0 0.38203437955462505 -134055407490.14532 182228556254.42462 4156545529.9406834 -67012.41356545931 -30077.235172257107 757.5150930534738 23517505.540017396 747.3820343795546 37785163453.338974 0.32152411595261876 0.9994176969770234 1.7162575123183617 -0.2806219346983292 -0.17556403340076265
0.0 26.48395112597609 1252170.306716919 -17905591.272460938 971692.5485916138 2598.568836793129 1977.1637693337852 414.1970019929338 34444290.92078756 773.4839511259761 52622393738.542816 0.22849578446510782 0.9999513947043553 -0.23487175605761235 0.6532318613081212 -0.1550589425993003
0.0 88.88314892155165 -18592073.556350708 -4392392.425994873 358091.9288005829 3274.587084211784 1898.414628283499 -5538.748638007168 69979472.43315731 835.8831489215517 76534698068.70477 0.11548326891880187 0.9909495967320818 -1.4646070897077343 -0.6633574444220516 0.7072469796277434
0.0 87.92844974532204 -27653379.266418457 25196095.13571167 20913567.568668365 -1690.4673239842218 -182.8025155431933 -4777.369593931871 112516077.58402681 834.928449745322 72877475864.79257 0.055381084313967766 0.9833559783626628 -0.823478976333015 1.0891056759144602 1.9305841550889926
0.0 49.714441507620904 18132371.429092407 67273687.93179321 72260081.63763745 3106.23617831877 -134.68816939095996 -966.8362566806696 97281308.67096588 796.7144415076209 98915394981.09732 0.08967740754113837 0.9994816398040011 -1.7380971466941333 3.804013365495681 -2.2155638948886893
0.0 27.795781137527456 -16314659.996528625 16534502.274841309 -74568112.0547558 5356.919118533719 1717.473562178904 -1740.3724762266604 53891364.0839243 774.7957811375275 67681938168.49379 0.06588843442790127 0.9999980670624977 2.7788209521075555 -5.215258872940863 -0.10679488503880874
0.0 95.97317100811506 79669706.0275116 34649136.12301636 -19267835.968497276 1202.1751749950527 3970.895834632601 3201.2379579917224 81066996.41022106 842.9731710081151 58321875565.28793 0.08877386190963668 0.9915852868286965 -5.606690199628491 4.276495800035864 -4.3338511333879906
0.0 55.81601145962554 -135666467.0967102 -33002809.46060562 -228106066.11602497 -533.9389459233621 -570.26896968242 -735.7652736468287 99090546.05379139 802.8160114596255 31274770991.134155 0.020745148916107223 0.9999938860047528 1.2314204444308103 4.762857857935159 1.9145045465482184
0.0 21.55216951777652 -8369276.456253052 16811133.694366455 13139814.611216664 6374.983460705011 1222.6240651428343 -505.87093844493313 25848985.437974196 768.5521695177765 56274622431.03351 0.3025268242279663 0.9998471984095331 0.21114373499652572 2.6751791019332183 2.2987816218739843
0.0 69.65077861048894 9743301.9637146 -15033215.607635498 31430497.214452267 2478.6261879934536 2853.29579577786 -1266.1685315992622 71920034.70077652 816.6507786104889 71435346566.04001 0.16911135739590383 0.9993430546748311 3.4231425318975433 -3.8591243512048283 0.1832530255595688
0.0 49.97157176885446 -8398866.708847046 64071520.671066284 50441911.00373459 1292.9254448074898 1610.8287373193562 -1587.4584308837918 62589029.18890682 796.9715717688545 60998931322.98889 0.1062979256300243 0.9998274473961583 1.1166432264186765 -1.9753362545790116 -1.917134155028676
0.0 34.464329956822894 10412683.391067505 -8036807.019958496 22789613.246811867 9295.081062489997 -3206.1006145899883 1495.067298794097 43199517.590182856 781.4643299568229 6253603659.700256 0.3329806554591708 0.9982514815645563 -0.3707785880513468 0.09166807157630437 2.72853792126421
0.0 27.510178350805745 11668250904.683533 6923560103.345497 -2162837246.8028545 2313.217455251771 713.5384778692969 676.8432314201984 21802513.0733446 774.5101783508057 51541574640.51105 0.12702693897530187 0.9994762818479096 4.009922170845502 -3.0739150610728 2.3616018347573924
0.0 72.97251949497047 -3498943.0419158936 4616655.851898193 -31165896.203403473 -2224.0293387556594 1714.3028851320669 788.6127689905445 85597788.20933887 819.9725194949705 54954758392.9599 0.1748795416003045 0.9920362570748243 -0.41750543522817773 1.5108931605196132 -1.3668049983485158
0.0 59.831342240942035 -12742370.884872437 96847197.9668274 -16825360.650375485 -1009.538717070227 972.6493941400622 1009.9683998478375 92697420.12996279 806.831342240942 54348729940.860016 0.04399615127937585 0.9994025342088384 1.5657231147144004 -0.6698383870441024 -0.2550515728048893
0.0 68.43880601958233 -115439548.96234131 88471579.05838013 -375480852.9650974 5119.369556725611 14900.00156953894 403.96361606827935 102411802.65848522 815.4388060195823 21417857790.754852 0.45615296769422703 0.9999851827468909 0.5686700897332716 0.3495121881508223 -1.0148952546154357
0.0 95.23826059027067 27553507.989990234 -40140931.609436035 35643185.10109079 3085.4285738279614 1231.7159306616923 -1293.6564224678307 73973184.84702842 842.2382605902707 85712474797.09964 0.0885476393068157 0.9997056113388467 -1.5395619321136755 1.2507298446767185 -5.511794534337213
0.0 47.55467246597834 -7981289.799865723 -42209764.40621948 -39611406.939329624 10764.421029138835 -146.46344348485582 -778.0353542488945 52279256.161180064 794.5546724659783 973441262.7443848 0.40842694662741225 0.9995106855676891 1.154047785768796 -0.7045613721033617 3.0923038794839632
0.0 27.008384411407405 4214889.233901978 9291639.976470947 -4431822.006292343 5057.069041258517 2486.5575013901407 -305.83438039189286 53427918.02217998 774.0083844114074 67352076495.92906 0.07329232811058262 0.9997536300814602 -0.12568617409905358 -2.166503415938045 5.856061504043259
0.0 67.64616793156245 -57255854.016059875 -139610415.36450195 -103449295.12126875 4017.1076667197412 4709.0316599251855 4229.140482209912 121810866.51280606 814.6461679315624 90544091688.09879 0.23446372313387173 0.9926557026436741 0.10744265511943185 -0.6533595025161083 -2.44731408290591
0.0 40.324321830026975 -7131507.332382202 -7287932.762908936 21625183.58299637 -477.7850898685065 16075.7164752938 698.7318803039226 94257467.61404662 787.324321830027 15387847780.066742 0.48792561760503284 0.9995054594593294 -1.5632448388270375 -0.7317089249794919 0.300564404760701
0.0 69.02544508831784 30774112.219299316 26311866.16191864 15531006.091451168 9897.272033359908 8247.291117742721 -328.8827475906937 112526151.71788989 816.0254450883178 3908602473.299347 0.4214843363784051 0.999377047168282 -0.30920978076319916 -0.4209157130151078 2.9926458949431747
0.0 69.67995676893679 5965584.868865967 -12300460.447257996 -28011676.586826324 4815.2413425799 -3982.9236845812775 -1475.7307037028338 56042055.869807415 816.6799567689368 54618981208.513245 0.0916296317333046 0.9973509378440136 -1.4345138525717267 5.927869321240541 -5.841331312048643
0.0 59.199928984654775 -10248962.891342163 8301766.605636597 9510554.21295166 3209.5118954973095 4388.146516025481 1898.1395587952243 46382065.04119914 806.1999289846548 53893423116.58023 0.08217999270046432 0.9969516530753899 -1.2582263087871595 -1.1588083089991723 -3.163863489519894
0.0 38.06044039151709 -34669215889.9256 -7982867182.420425 2233745904.746666 -6493.485289109647 -2255.8223013059796 -637.1750880786694 75110866.71601912 785.0604403915171 52099194115.57916 0.1108561672625402 0.9995881015510693 -0.814326033950839 -0.9262634993509895 -1.8146174003513693
0.0 23.89355977985406 27397697060.184753 10981594528.046913 -3527080115.3769665 -1845.498764864089 -328.726706271671 431.57580012252936 30329804.560401 770.8935597798541 64775546104.826904 0.14791383179644063 0.9995150279413954 3.959460980818229 -3.5672342199611977 5.148089732278093
0.0 40.71395460756287 40632005045.84265 -95276435163.75337 -663083121.7769426 20401.34759361492 14868.734875304071 -1021.7882624191208 31767616.72404941 787.7139546075629 50740017729.75015 0.06389115117012016 0.9995061050080835 1.5608050734856431 -5.44535200003779 4.684472964121255
0.0 35.03835604361882 55607531437.50519 69405822973.94997 -3635374282.500718 -11933.787689435165 -868.7490062594843 571.0060826842456 27673240.754988156 782.0383560436188 72750633661.22336 0.11619866826701437 0.999508245425442 1.0499654372973897 -0.17290994003783355 4.180345444347805
0.0 23.832587153299414 26592262.781360626 15231953.7578125 -27921720.16988337 3195.8903654839305 -2540.8726200767187 463.89735524121676 23095359.415429484 770.8325871532994 53538161814.19858 0.2080660111462746 0.9999047778238408 -0.31232593898082683 0.0019027987638513544 5.365527272531255
0.0 85.91385958226556 1074852.4663848877 -1752109.868774414 -9175609.377130508 260.65999226295753 3192.6506243600634 2464.0885022103266 119404252.95767955 832.9138595822656 56075298047.97308 0.17371824741236835 0.9984151295021031 -0.34520517058679223 -1.6080232163765906 -1.8090964099493834
0.0 109.48976805615916 10060136.486824036 16860071.377807617 97853830.35420322 4435.7763440444505 3181.4284944443825 3189.7742212940834 99824384.36311013 856.4897680561592 121744176634.90419 0.07563188208193349 0.9967286239213691 -4.968880733122392 1.3318181157909523 1.8987775923216295
0.0 38.363983863157046 -80684010.55841064 43398454.85694122 -5331451.238253593 6909.149422008749 3861.1187273335636 -185.25265180690235 53730529.71653601 785.363983863157 38428558964.869415 0.37837686839306073 0.9975671132426834 2.7413204751080356 -2.7881815719149032 3.237079332755704
0.0 76.24769605725112 53658742.73498535 -657703.9848022461 50750600.23193383 15512.426138774703 -2062.9511964722333 -392.61681062745356 108027032.04769067 823.2476960572511 7066347027.374908 0.49360765070647344 0.9997185960833966 -1.3715758968775584 -1.713473526821543 6.135083346598494
0.0 95.31219420388697 -7318741.194900513 -1817292.7258300781 -22459723.274951935 -1317.3946570947337 -123.73887424146596 -846.4618241987732 90757100.38868302 842.312194203887 36516934748.40326 0.049444122296537954 0.9997440992592889 0.7086267456291375 3.439180683478577 -2.758076146284878
0.0 30.81120593999981 -239883.9958343506 20327124.956695557 -34300589.22682381 -3992.686383570479 3663.408269002136 1224.3468726301314 48611183.261999674 777.8112059399998 17602672182.21524 0.04153620527700794 0.9987307343181895 2.353435190834424 -0.759461087899149 -2.251385080470139
0.0 70.25325173365138 -33729312.60015869 13749043.81672287 -42669222.43866539 -3350.443685667138 649.8122468504735 2849.170841248772 94584125.49450457 817.2532517336514 43605929077.940094 0.0728526203951351 0.9980195267440953 1.341851671973571 -0.6688881450666686 0.4366555830059834
0.0 86.85066343087283 16972831.892715454 -20034009.587768555 -25719030.3639822 1609.5751991444813 4554.315897908058 -444.9670582606808 87057110.31859352 833.8506634308728 84423213012.77774 0.2752416789540318 0.9998340082154785 -1.2755440365919966 1.6798895115969423 -4.732360005629415
0.0 82.84386983958268 73896825.8196106 44532323.25727844 -18269842.88194847 2844.8638291252773 2208.431600822205 -6494.1859364656675 63148509.4737172 829.8438698395827 58403018775.06149 0.009925203824921583 0.9621819862041655 -0.7649098866431938 5.375371622701667 -2.2486088185282846
0.0 57.299604446476565 997832127.6145935 640615982.2227783 -153520417.95250523 3311.1647410330215 2759.712851775421 731.6365150953069 44232936.7843546 804.2996044464766 67028901644.42313 0.07403429149574961 0.9995107084100674 -1.7796369238364667 -1.0919378773715749 3.001033468442802
0.0 75.34486392383087 -4658451.230606079 20202507.9453125 -3512418.4206733704 1088.6517863625922 6463.669818792057 1787.644617504612 121451534.87135969 822.3448639238309 50620552971.05353 0.17532800640484564 0.9992620816730867 0.45187004000103465 -2.4261702039348014 -0.8172315258273843
0.0 16.30302940499439 -108202775703.0369 80074976146.11464 1513281289.3518543 -42872.61642386146 -23067.369640192184 1344.2747124308694 38820716.611119054 763.3030294049944 30807802968.701157 0.23454216515084358 0.9994231751080289 -2.236047477292571 -0.9467593911940863 -6.035861165767463
0.0 52.46530024271294 810378.5668334961 -7989317.445846558 -52071912.09098697 10907.696664429963 5528.019800171376 121.80595524567457 73173065.46107878 799.4653002427129 52207415093.44852 0.3998120796086969 0.9984974030803513 3.1723564914565934 3.3797853423043183 0.31425643797245284
0.0 32.79762395972716 10751227.249664307 328777.39501953125 -33228074.404437065 2246.4925048441946 6070.420351797018 3781.5846171500025 56944087.54919935 779.7976239597272 50883555210.27115 0.08389421662946392 0.9958536912511639 1.5531102682664881 1.592095529309073 -1.6593801364400593
0.0 32.981664434374125 70540880.52558899 107196242.66267395 10394584.58232367 7028.86215064588 3996.945478042231 1866.1201071677938 27974788.54710779 779.9816644343741 24631040956.23535 0.2846257751481345 0.9998693478785963 3.1821165759020404 -2.678635094976968 -2.7149079934773415
0.0 54.03570972957607 -23178747.18234253 -59778738.98957062 -13145491.594312668 10506.708204395803 3213.3925545079037 -88.93545969754848 52698109.368076704 801.0357097295761 12595464497.74173 0.35910162366723436 0.9936102932975368 0.5025664546289286 0.07827072723349499 -3.4543724880134317
0.0 10.501265605023264 12312755.862232208 -9983932.837860107 -26746790.82059598 2319.2593094903095 3221.634137596582 -6752.113997205051 42591388.59445741 757.5012656050233 48745033416.349304 0.18364645608458185 0.9775394081969374 1.0303217929059012 -3.327437240172112 3.44076225614253
0.0 39.44922806185207 5201269.180358887 -9501909.022003174 38479663.31649113 2758.9159607614747 3254.421821790702 -664.7223047554221 45019473.41626976 786.4492280618521 61232048164.93826 0.1275522720513269 0.9996647686862625 1.1237492284172683 -4.942396795907986 5.903098325246047
0.0 74.15899314568912 40536623.39448547 -16905582.33454895 58222843.75759888 13545.610953938089 -2484.647239033915 801.4731633196653 120256107.87140787 821.1589931456891 17883085019.43692 0.44361869731493947 0.999934318990256 -0.4214643873155555 0.048828334389611094 -0.587468897609773
0.0 39.195851649828455 -30971102.61593628 32956637.552635193 -1302616.1519093513 8820.901886434465 4325.709924876337 -209.5946103585414 42284469.41368327 786.1958516498285 47006776887.280975 0.32013206789251314 0.9995498915671703 0.05326932897981962 -5.731729355625951 0.3329728518689481
0.0 21.191048340900352 -131536777778.59079 179322512659.9 2911084482.3688235 -58545.77812614506 -29291.1152605704 1010.6858290682519 37342287.50928663 768.1910483409004 26105983334.464996 0.28151861745826057 0.9994254097908629 -2.2454434379110397 -1.0340764635640654 0.1262612716275502
0.0 21.68882130445695 22076049.021591187 4236911.220733643 -17086980.54125738 -1705.9176240336346 183.1452402527284 624.2956346213914 28552144.9344054 768.688821304457 32770975638.4581 0.06562541617004053 0.9995745586268359 -0.19881567955512014 0.9961348624094679 3.0458337395211377
0.0 35.41164100170647 -2255864.143005371 -12996170.47240448 -5538737.250907421 13643.663141177149 7098.201666088207 216.32864655325974 35676324.46328899 782.4116410017065 17688160386.33719 0.49194638620223785 0.9990723675924208 1.3511911748771708 -4.773028471282738 -3.807135278694515
0.0 70.95039294411015 12599717.613327026 -1006739.386138916 13566668.521904886 1572.3318928212539 -2618.469073450362 -1733.5636728598588 92179861.85564138 817.9503929441101 93571475626.47842 0.09127319280983626 0.9978064658818594 0.696120213620385 -1.0485159979423748 -1.6225779841651073
0.0 70.50919829605095 15508002.744064331 -20798492.71420288 54876599.95014858 -925.3289428355056 -421.843215344039 465.9436378449768 119852732.60903193 817.509198296051 63503411096.13214 0.012731004939643395 0.9995652557926112 -1.1533225922155264 1.5192147134254876 3.214070950636447
0.0 64.98520050124398 11497452.9164505 36194054.422821045 -20861024.386624932 249.86218515146902 4517.071604958533 797.2498286312322 57807595.57356691 811.985200501244 60150617731.29904 0.0015770163781101548 0.9996497227301493 -2.0094344123097994 -1.622352818917029 -1.390985451194242
0.0 72.30400007414039 70221439.7415924 -49185560.82662964 147746454.66790485 687.452633114528 -3763.7743728473706 -3803.3782647600333 102421369.03037557 819.3040000741404 69971470374.13849 0.1273024205329522 0.9951620473030282 -1.3744308144707271 1.4913437172253696 1.4291286085083974
0.0 71.76236815365678 -9631020.77279663 160195124.15481567 61954386.89292812 -797.7837180462557 5988.45007509724 739.1596450562507 69436367.37759754 818.7623681536568 50553545969.20001 0.06483007994850555 0.9996792717383632 0.9390467964128204 1.8931054924588118 -0.29456099288606025
0.0 73.37451203218734 -14489312.662399292 22616348.721618652 -10144227.666630745 -422.8311074219673 4091.6044798116436 387.8597244725935 86142664.78309712 820.3745120321873 73122420369.49585 0.15306797734920305 0.9987598772558979 0.21625578225143838 -0.1967001897041707 -0.2675797999889957
0.0 36.52823104292531 33193274.570236206 19486698.99181366 45599379.433843136 7488.800327908424 1046.867977027141 -1380.6871926708839 38768097.26463872 783.5282310429253 44092960446.385864 0.1466049113705537 0.9993737271937502 -1.275506708013122 -2.499421235181364 5.619525016913269
0.0 124.73042606676256 -6519224.586791992 -31444879.702423096 47587740.932813644 2148.766165976467 6634.59324766349 -109.82031612669226 119560766.82469341 871.7304260667626 25225156364.0972 0.281336308083677 0.994934825750759 -2.6293704791782724 -3.236585111426389 -3.278732067845254
0.0 82.31787792108264 -68491420.3535614 5870059.887023926 59031943.99326277 620.3390562932291 -1656.6070437620801 2704.7240959923975 117902872.22284754 829.3178779210826 91671194020.82132 0.006001561416250703 0.995617922764866 -0.6731388520220909 1.9787047980334171 1.2220954674959963
0.0 87.20365810472424 36647698.57434845 -7080612.8728637695 -32780598.454406455 3229.899455197279 2953.944962591193 -537.8840267175228 79821661.35435309 834.2036581047242 92861361779.36066 0.18101462274235736 0.9995142279440741 0.5000652337244502 0.3739610049123434 0.4862925263423854
0.0 73.39795264088889 63898952.4441185 86276739.05194092 -9026763.122164726 -890.181291575831 -1744.8539680370957 -1973.9843674095966 108885727.75524826 820.3979526408889 55705590441.38196 0.055666326328024554 0.9946880631877147 -3.7977743820945715 -2.1927206595730553 1.951742025762324
0.0 65.19475672231954 12176087.10572052 39027018.29437256 23156564.42612095 649.3536082143037 2258.464251273077 870.3945999906165 71909493.55474488 812.1947567223195 49835925192.98639 0.03183447418007691 0.9996863958873006 -0.7353606606554808 -0.2600604748380317 -1.5312563041897285
0.0 37.55144531914709 -56621097.22123718 -51228837.604782104 -33573772.45379734 -2917.6293445348565 1779.41930384861 1037.9536704016648 89481079.48113096 784.5514453191471 64402319535.36417 0.25486137004293113 0.9975035965019442 4.348496170822371 1.3561997483850277 -4.7521532360341
0.0 122.38679426837257 -28468686.76072693 7124526.552886963 -20965697.54604101 5867.9957645549075 1221.829882028147 361.17015847925893 111436744.23600362 869.3867942683726 139339434688.91418 0.09608747726459807 0.9999271358057416 -5.341045094033609 4.2354282978230176 -4.014941471980095
0.0 51.91793934248278 42582922.36386871 69878760.64562988 28758843.52489996 318.2150075027639 -2239.0716264800285 -975.0269143972207 103584300.39279383 798.9179393424828 28979670648.424988 0.009779277785995313 0.9995910435603393 2.9585391335816444 -2.009346245713126 3.0407453484238394
0.0 78.32720205038436 28426906.758270264 -15667868.186172485 -25313158.47404194 1204.6568845593793 2046.248248038588 -5899.191663197007 60133116.3708467 825.3272020503844 56398416368.76001 0.08291798698815031 0.9715319042572179 -0.6973081204666569 5.567858035708506 -2.4600257453322767
0.0 103.52726824042315 5110424.645103455 20891800.43963623 25519223.135684967 -549.6305887861199 1544.8479542564646 785.5689571755364 128378866.09832047 850.5272682404232 77856734184.91156 0.07168254111787051 0.9993860050674771 -0.2671072602809754 -2.1045318711057233 -4.88382910262605
0.0 39.88151781934505 -21367846.16392517 -27822607.810333252 56394712.840662 3422.814240569194 3105.879522950352 7267.884453532217 46122808.48545681 786.881517819345 53012066589.82553 0.13584231214533604 0.977599493645812 -0.5289889669756982 -2.4084359827481445 5.460495510162868
0.0 86.07123717465697 -11072410.661819458 -19708788.69216919 -22678716.604217052 3536.752849665845 3011.273638942135 -1536.4257451290055 71143932.54474492 833.071237174657 71984698190.8729 0.16074674032195385 0.9996462209461132 0.7741139922296941 -0.5101149394936406 -0.27204924174217515
0.0 82.30584984580491 9778564.137451172 -61549415.561416626 37006036.24932909 1514.8507330892835 -2913.554176903617 -708.1017706526582 109638700.25712651 829.3058498458049 101573123263.26471 0.02178978926927251 0.999218011350855 2.9440964829048104 5.103001791018476 0.1917724793029707
0.0 72.08854647857027 17410085.6151886 9296020.320785522 7483387.411689758 -3655.1714274419755 179.71530199705376 2844.0503135476974 119683526.58983174 819.0885464785703 54444451028.46146 0.22200232390253316 0.9981355519950769 2.876013324542594 -1.582080646121114 0.9897588931465733
0.0 78.91873336511401 -9421997.447219849 -11318157.363250732 16113202.568666816 2079.384593275634 1790.4184062216555 -1851.555292488662 67896137.45226653 825.918733365114 81619705063.45132 0.024519623425776085 0.9997673994519007 2.5449572981191473 1.8505761393009807 -5.781478725553752
0.0 58.70606615966926 28542613.341278076 -8720570.037826538 96305575.84459114 15022.731443934372 -2828.241506770879 -889.1103838249471 110783408.24248047 805.7060661596693 6520959560.010315 0.5140436807782883 0.9976332308064546 2.4457076439402052 -3.0048284561145775 3.3452847011989597
0.0 51.06369549222882 -45671439965.54112 134173206621.7757 -75329510.51565497 -55322.51738980376 -344.5096064024219 1554.9017974516382 40042925.109974734 798.0636954922288 22744485503.55789 0.2967900663398334 0.9994185775527229 4.052746778591395 -0.7905932962484794 -5.978937981750339
0.0 27.96056324728727 -6097184.665588379 9341717.204742432 -56191414.80692792 1367.6093945289576 2492.6642668228524 1137.2398566849795 63749053.646675885 774.9605632472873 24306150188.300903 0.05420911784774149 0.999999706742948 1.8275889481800853 3.4961460885185027 -2.697625734372316
0.0 70.15780977945144 -15240888.241020203 -12386519.179229736 -34700244.816079855 -1178.5072579403022 -879.1012012711844 113.93704864972352 93524128.26128198 817.1578097794514 72523040310.16632 0.040128398088672176 0.9999664605103203 -0.7114274316580977 1.601536760735597 -0.38596921792386707
0.0 70.49116745346441 -122391054.66874695 -27007841.042419434 -31977854.02268219 -2532.2481619009486 342.0679945156553 2894.5209335761588 126863750.77333547 817.4911674534644 80288708221.5657 0.023114123433217393 0.9984503352988785 4.787193424862724 -2.8963039095327456 3.102309506511829
1.0 56.27588161191977 -6235435.921279907 7608202.145202637 -7676060.8515216 -572.4613265667394 837.6903674455098 1037.909251278215 77215621.36269243 803.2758816119198 45104807756.25781 0.08015360811062362 0.9996309402330456 3.3172012331941305 -3.290586917713578 -1.915033965118397
0.0 16.445754713252086 -13454069.009292603 -13043599.49331665 22481813.57815051 2571.8618442872757 -5925.582766814983 -1205.0752840165765 28768880.66481809 763.4457547132521 35811119263.250916 0.20518800894928269 0.9992023644807334 1.0435482767112492 -0.12231097430667015 5.490897058325234
0.0 46.53089045145214 4443472.442932129 1639942.0006866455 -9801920.005373001 -6436.394204343714 1261.7715894234534 233.85357557943456 64251740.639345884 793.5308904514521 32606630851.964233 0.05304757381935504 0.9995862818964909 3.0534028095479657 0.1058376211073519 -1.804055730403242
0.0 29.99576412490228 -66247587.08149719 2549447.955799103 29160452.948019028 5630.333440416873 -1878.0153426197794 -647.4501802928182 65077352.43044869 776.9957641249023 61208728027.20047 0.2086155915779258 0.9996699622079591 0.42303820390547986 -1.2437493652894718 -5.685010576129827
0.0 34.553109888236804 -43439806.0123291 -36300283.248054504 28957558.59675598 10502.326598893344 2555.5357015478367 1963.8322169823723 34194400.1392895 781.5531098882368 28512990575.403046 0.39329646439795185 0.9989842437286547 0.1786954381040513 -0.12436923813221434 -0.3125605001249321
0.0 22.881694784426486 23258914.68257904 -3360485.1141052246 308400.84085059166 4015.5856599520193 -277.91661971333633 -1332.803904439326 23382990.150719818 769.8816947844265 59328466660.01254 0.2767189572192929 0.9991440087563659 -1.0910383673646393 -5.1980757799869455 4.743274402047963
0.0 59.183517449881606 22885953.69683838 -67823771.36245728 -72860650.85587597 -479.72745615456006 1340.1580649170974 2964.1236185454527 86963916.79174319 806.1835174498816 46446032989.01773 0.048468476113505084 0.9967818520271133 1.0876232787075901 4.371453941772437 1.6995417995165278
0.0 83.27972312532347 8474221.601875305 -20678599.245513916 -24807605.334007263 2929.2124356312306 7206.955465506159 211.35926708959585 117238925.80640699 830.2797231253235 23319298872.023834 0.23338224650889453 0.9882099892472241 0.6811176629757523 0.1553985242115643 -3.0796239487110175
0.0 48.814483936247484 -131512662.80940247 -54180342.91633606 -72095860.5616765 -8701.237153808466 -4239.110611184751 1226.890727805926 52733820.24663352 795.8144839362475 20384042268.49791 0.25760670653657 0.9997803262142186 4.918524557547254 0.46833708148315256 0.04139197894579549
0.0 18.07218871510611 68269973.36906433 28662330.97065735 37678479.12266731 2053.714539761546 6379.039838675795 -8007.0892129241 70550267.08395372 765.0721887151061 56382718243.82486 0.27929394419312487 0.9909330642530984 -1.7828573571858162 -0.15035118644513945 0.11152204951858424
0.0 74.2105098988959 31427749.01625061 -34565943.89897156 -12782769.220440865 -545.5250947056848 244.10699176440903 490.7469058650873 97405204.02099854 821.2105098988959 63215456167.30887 0.0028900917451319466 0.9997974922060698 2.290639706602275 -1.2016256333001811 0.7487609317171458
0.0 109.70425020968139 -36225874.75701904 52131246.07577515 49453281.10595131 -2648.979115020269 -2793.729745161185 -1742.5533143089197 125446602.37571856 856.7042502096814 48281064315.673615 0.1391155301805455 0.9996960158609974 2.286103990034033 4.996666404292414 -5.501856413828378
0.0 87.5314765919469 -30167276.995803833 84753580.32461548 29675647.867292643 343.06166809881324 2467.561762939225 4314.8472847085695 106511403.49848722 834.5314765919469 54979825829.265594 0.08610705834405716 0.9844799706536025 -0.615134258688719 0.770012914217427 2.53671153535432
0.0 31.64344539922115 43957300.66230774 -3133889.295196533 -14924712.757805347 7771.261980015035 -14314.989690939983 -1276.0546032099733 76092551.34532395 778.6434453992212 6618501943.242828 0.38258881808592027 0.9999576345830081 2.0099227919480134 2.0266366410216983 5.616176995267216
1.0 77.06853840848112 1274152.1243133545 17388278.590515137 5026930.3982412815 86.86701120435828 -267.23200907657883 1167.6932286607787 77150813.69603391 824.0685384084811 46914333877.27536 0.037620752893404746 0.9996989843840971 2.991131174765267 -2.67723661875679 -1.714675952177876
0.0 35.61086702954526 3877563.919052124 -12401576.0625 33919010.107144594 3420.493902108372 3755.155595608496 663.0318011395748 36747766.2903416 782.6108670295453 40124043591.4487 0.15736710089803058 0.9997078389484568 0.22730370082026974 0.5867100050060055 -1.819312286693573
0.0 6.92938033306541 -10044376.41923523 27174921.928390503 -5792437.744886398 6506.996565034509 -6973.493920943081 170.8374844065786 45835596.72162867 753.9293803330654 32202413341.60579 0.1761044967484212 0.9999764194474754 0.4122688187651226 3.300493038262703 5.937116434328924
0.0 66.2808018186364 50912972.05819702 25517883.864730835 -37715563.721300125 11389.174024759937 4729.225712469401 -446.78908335037363 108787172.85925926 813.2808018186364 12417124316.087341 0.46535210888081413 0.9985889069270264 -0.41413797365814353 -0.26763423573230094 2.980542017737041
0.0 20.828067139545624 10880815.505310059 -33566.81149291992 13424153.363740921 7608.501076587598 1216.7189439514877 4228.056734517829 38502146.717777014 767.8280671395456 36664828610.45593 0.24683877700257056 0.9961968236192893 -2.0759305809807316 -0.449444188155951 3.610299403888234
0.0 55.488847641331176 -4177510.7286987305 -27716523.651145935 36366939.54442358 2114.986193558928 1592.905190724814 365.672657586067 56920767.53049916 802.4888476413312 66744898201.348236 0.10128599960810142 0.9994842110947542 0.03121179663554685 -1.6925592303575776 -2.284274557449036
0.0 110.22530323556907 -8520099.826698303 -28917573.76144409 -14698692.519208431 483.9415182310222 1681.475901059086 1417.5058932609745 110656452.9612318 857.2253032355691 78083739690.50183 0.07728914566435018 0.9993912486604701 3.0483967555401894 1.0215284751540268 -0.4363981112251558
0.0 89.10235868857637 14998565.735321045 -1742645.2335510254 -24132315.58668506 250.90595634448255 1934.2175066489363 695.1049806452903 75623559.92420237 836.1023586885764 44295209424.01239 0.01836141346756877 0.9995232734871822 -0.6140206761851872 -0.22470884332168153 -1.6206721302292708
