Label M_f Ep_x Ep_y Ep_z Ev_x Ev_y Ev_z t_t m_0 |Delta_a| |Delta_e| cos(Delta_i) Delta_Omega Delta_omega Delta_theta
0.0 77.16668755317744 2458174.7665100098 -2677480.407348633 6002400.270309448 407.1503828063942 3643.685337878771 4369.411309083801 65276910.73852406 824.1666875531774 41512867704.6145 0.019109875363767972 0.9787235455395208 2.8994209678237546 1.4930153291225996 -1.4300686005992862
0.0 50.96661226717538 -39873182.57785034 -30061932.3412323 30305318.981869698 8885.641014123263 -2229.74857259131 -644.0725968913312 53444367.08663865 797.9666122671754 35941528375.33298 0.2399836765791851 0.9988795110733774 4.011374829538547 -0.10655366915604336 -5.888926576884668
0.0 32.241418183986866 -66766500430.69217 -23871643433.965576 2810703150.677121 1909.1676131319064 6952.087265710528 -188.84194974258608 60442102.96127179 779.2414181839869 78061083488.83322 0.005955503165819331 0.9994289590647248 4.031878276458878 -3.883072816033085 5.528728097986378
0.0 159.7482420027535 -46941281.90825653 21452239.92932129 38776354.591804504 -3924.1363326992214 -3851.534852620469 1124.0805752332035 122371094.17970894 906.7482420027535 23971298588.976837 0.20882900701815799 0.9994663852308384 -1.1185860308205733 1.5874511851635889 -5.690028198694378
0.0 39.40223706468396 8373304887.540329 -56746991056.00593 890719824.9458013 16193.675966757135 6530.212416191782 -1123.332520214217 31033812.626200873 786.402237064684 45729762410.93173 0.0619279797542778 0.9994665082361354 -1.8229775022076704 3.764218066461141 5.132622102629638
0.0 125.85663478488198 271023.2822570801 2286057.7669525146 12268356.387332916 4063.696329464817 2860.4247965797986 -1055.4167789670514 128445579.4210791 872.856634784882 96382529141.21207 0.13370554195882786 0.9944414460116671 2.2571726914132078 -5.7583529596817815 -0.22693781258148385
0.0 44.149070965135934 494101.30487060547 -2944672.1467437744 7805261.463106155 4330.180852279993 4541.934329569223 -181.78873376070027 34825037.857411355 791.1490709651359 42595400055.173615 0.20989083808423195 0.997843498534501 1.315871766490388 0.1140425016160318 3.5420079975941268
0.0 87.3507478172296 -4675580575.266418 22064179400.337997 -53379107.714064464 -3320.508109460443 4889.2956138117315 -3927.210226571164 61293866.322198175 834.3507478172296 54528225720.4216 0.014149138964133404 0.9830711331107276 1.6923703832602315 0.40083466033642945 -1.0227283919120898
0.0 108.10534664361433 500003.419052124 905345.0328369141 22583338.142252564 982.2105856521957 1687.209005924673 905.8111728983921 95461915.30052124 855.1053466436143 74012992462.24959 0.08460190092468578 0.9993107025141895 1.6257379149255016 -1.4584141855419346 5.424180267325313
0.0 79.65152841812801 19457133.225593567 -14924930.907440186 -18863278.82365799 -780.3459181968574 4102.54510693673 -8962.701045994774 86100814.39664379 826.651528418128 56150293158.25021 0.05326276469750335 0.9540075178368506 1.1098690707392755 -2.3012214918200904 -3.9484140121984814
0.0 65.87497177334706 15898831.913650513 4030518.780822754 14178992.064592123 -167.74310031458663 -2719.898648234068 -114.31175727322432 101531700.59961246 812.874971773347 72926709785.25076 0.0988311761370614 0.9998101602385135 -0.5441193895967817 2.520313905246541 -0.7965988408527579
0.0 6.8117849565228425 -31339908.085517883 366024.54150390625 -25480641.212609768 274.68997684475835 6471.237328854662 -9358.30331218124 37192149.51353073 753.8117849565228 58435236977.91083 0.2821471034659611 0.9731607425400558 3.4814694779458923 -4.883081070089083 1.8500692321845789
0.0 35.2708820611532 -1902342.098707199 -47705154.79321289 15911007.209103942 3707.188837225898 2028.5868621188383 -114.79912899875413 34196976.51353278 782.2708820611532 42999277205.15622 0.24045002139228044 0.9999715261630445 2.3567488393652334 -1.6933153430004722 -0.11080458622307265
0.0 65.88727067308957 4737135.76763916 -14483397.4455719 2074362.8705177307 6857.683183044126 3739.86578319026 320.1212153078181 63700819.760732085 812.8872706730896 57970841767.39114 0.1690480328678641 0.9945013439285103 -0.8881162954165828 -1.1297132933273162 -5.3474675808205205
0.0 35.45934410621442 -11478569.888702393 5221653.50743103 -45916860.57430649 146.53611754101075 1440.521950130762 -6768.869362980492 52717850.89832436 782.4593441062144 46477937031.33438 0.15579505603139077 0.982843236824167 5.11794363674286 -5.723840455418144 2.6956068199985985
0.0 79.56122596743603 37984116.882629395 12116061.970993042 -65854022.939454556 1018.9574772130982 2265.6629543139024 -733.4324802314002 69172354.43066406 826.561225967436 77633990165.95285 0.05565895066753144 0.9996241092580388 2.4715352061266964 0.8263742576262199 -4.959505165503621
0.0 97.1874638027682 29354782.29988861 44166930.56245422 -98401092.40219498 4052.5267368280875 -580.1723876288797 770.8714777389943 80440043.91888359 844.1874638027682 93648329340.27298 0.030318228567794953 0.9983390479466502 -5.677213239586832 4.3261707550597865 -4.140224451994626
0.0 93.55694418988162 1806384273.121933 19184992337.18515 2537295120.766575 -577.4807497319744 1319.5698326267673 -1407.3947536374562 119096960.61623205 840.5569441898816 109665719671.51462 0.017477254440605022 0.9987313492733617 -3.6850502206901705 -0.9395243601324308 3.748502088254749
0.0 84.83015399511919 22170668.21746826 -8054692.288818359 75734943.15209246 1423.3839944690953 3071.8155288737025 338.17445647592183 125563688.69682804 831.8301539951192 79342333810.1242 0.06631097772579223 0.9999568388650696 -1.1329079010309273 -0.6617167973932676 3.2898130797263616
0.0 40.72596707897367 -24664584.989379883 4009666.5391845703 1469761.6977090836 -944.288399161127 -1869.4944137309249 -101.62140765031432 72842472.2328937 787.7259670789737 1247854622.4492493 0.008187567727236528 0.9999992943675551 0.1201348350053457 0.6363477363828192 -2.4310134011788236
0.0 53.02033549128237 12203854.187042236 27577193.12373352 -32092806.8669405 9325.237828396457 4411.4514561220785 282.09959271475304 94365397.52823383 800.0203354912824 35892042092.29068 0.30014933325246546 0.9998268741641295 -0.9944964955166078 -5.365751701373423 5.889382046506097
0.0 81.62549360328228 22702135.054748535 33543425.305786133 -30043717.85990143 -776.1874191714069 1683.5845176476905 704.7048365336382 75687116.06484412 828.6254936032823 66801734352.59744 0.04587395290717839 0.9982725354846383 -0.6937696238724451 3.270186384929849 -3.3566368835396405
0.0 119.97754398000541 12998026.173095703 9706954.842010498 -5266251.135021448 2944.4348332176924 2281.029630434869 -197.33950322748214 92040303.7085561 866.9775439800054 42014523462.51987 0.016436321950286686 0.9999522143456196 -2.376824805921322 -0.49335895125059737 2.397313899392223
0.0 93.96623971368297 12200877.726379395 -4809032.387771606 4213523.671531081 -1187.4668145406795 -2197.6579759213237 -870.5855044063018 114991397.5826467 840.966239713683 103370779700.25168 0.00011421162634857318 0.99997082487159 -1.9858643727941387 4.281330066807639 0.6209153894394931
0.0 79.39430667295028 3224010.0161972046 23814969.573120117 6071914.057803631 749.6365890934612 2618.010691405584 -2049.4923110175932 86656580.45865896 826.3943066729503 57709003158.29544 0.027746363500498486 0.9975264022885943 1.3129626698025278 -2.125168124111464 -4.073680539933785
0.0 17.160159652440825 14790337.192626953 15604189.232229233 19475040.950940967 10823.912008297279 -25.43814340840254 -510.9067721119936 41547170.82374064 764.1601596524408 22259625616.403442 0.34161967777825986 0.9999994008871435 -1.9949496034324712 -1.4270865744394117 5.567257589980288
0.0 107.19971324826861 -13986067.688995361 7838742.633666992 8515338.945820808 319.8124801283484 4956.153310948718 6310.6234489691415 81288969.11439206 854.1997132482686 51011853049.3107 0.14358019892341764 0.959779114864401 0.582165742257776 4.192152339804178 -4.310494910021672
0.0 10.64511896182296 -2353121.383239746 52274112.74005127 -29017786.085741043 7249.717661272898 5658.587940554968 -1135.0477630424195 51698220.08828091 757.645118961823 18210403595.665924 0.3187668143037405 0.9998258156176789 -1.2770811314346804 -5.015690910713252 3.004416671621742
0.0 122.42458014719068 -109157768.09646606 16354368.485427856 -25429698.8899889 -8658.004699051686 2026.747214048355 519.1075166911055 123443989.0380525 869.4245801471907 1841078557.589508 0.35185036311903606 0.9996019764465612 -1.6722992855825125 1.5721421169844336 -3.57259386198512
0.0 111.12913788666924 -30258259.56980896 839698.4102172852 -72243036.9693067 3972.079049333275 -688.2803817191088 1193.3721059696186 117438251.8454006 858.1291378866692 107441344098.10873 0.16480951934772828 0.9993613523054874 -0.3684280130103894 4.018003050387489 -0.27961431335756726
0.0 42.953324575073566 6506205.86164856 27154191.88922119 6781568.619976997 6809.150396885594 6530.0215663499985 -909.6760085094887 55657287.92527861 789.9533245750736 27150437834.076935 0.3046391047576608 0.9992055251136135 -1.8708735770802158 -3.551469425032642 -3.5840468050726635
0.0 83.37114553583524 -3739258.0045776367 9715625.55795288 26438248.39486277 10884.99384979225 5096.704813132841 602.5983500382912 64036869.168477856 830.3711455358352 9262662698.315826 0.49865876888102245 0.9996095771664829 -1.4356853377347172 -3.534065550102127 5.12180551329806
0.0 100.94830689461253 65936676.36994934 -34966020.89958191 33610593.40254593 8598.821532044407 -1350.8805797850764 -1447.9154373118977 117699407.03808449 847.9483068946125 124244360646.64526 0.15779526145877032 0.9994720504945916 -1.4104280437117065 4.333201853665345 -0.9339773067725577
0.0 134.28875981291253 -785479.8261566162 -84186920.96540833 6818193.805868149 2937.2539507471156 3646.6493162391507 778.3854032430082 102172234.85922135 881.2887598129125 103328491664.23383 0.1254145300062111 0.9992796776907841 1.5844466343242891 1.64251148145166 1.1619948344477742
0.0 51.624789324836115 -27031083.83305359 -12861074.993896484 -7206335.888507128 -1359.2251834018134 -11361.924323541247 848.6192212897777 49740673.27288959 798.6247893248361 9929508734.130402 0.36017826455905727 0.9985823196970912 -1.603328789142946 5.182953017015995 -5.487216571676166
0.0 62.1442802942812 9246012.088912964 2573197.7543640137 9862535.83556366 2542.31384242063 2664.8530924429797 -485.3473263799351 55258488.61440531 809.1442802942812 86247471110.7018 0.00199645650586619 0.9997151242471797 1.4377095872118266 -4.183833264237773 6.010134485139133
0.0 115.91304951164364 593826.1815185547 11147052.720306396 55363198.00917053 1002.9559825437027 1795.8425781216501 4599.460838728261 93876287.63243379 862.9130495116436 81495736174.03693 0.0995199339762373 0.9829628516541992 0.8593977078353003 -2.8736286807091913 2.7538346357509442
0.0 71.81451077201825 -2240103.8033447266 -20479648.38728237 -5181588.741426468 799.6161055295154 1574.2218840491369 1464.9475455175002 72885810.28034844 818.8145107720183 58873162305.20856 0.10636580389523503 0.994115188997828 4.152270248660915 1.703691651754307 -1.6368895492168059
0.0 71.62427734873461 5811101.620880127 65299630.29437256 -33867614.303435564 2744.780770900068 2721.0934551914834 2523.7762683059673 58844184.282545224 818.6242773487346 84600395168.52792 0.02519983398335429 0.9987594676267181 4.06979543910303 -0.8517788388573709 0.0035390021463901356
0.0 13.368664118543848 -85405079652.01285 -42563615268.56613 5882895819.517193 19898.327175526603 -9964.038862144384 -417.8929270306386 51998439.166834086 760.3686641185438 32861460852.34189 0.23554656563109355 0.9993017142729124 -2.272176753775182 -4.6483311309967235 5.016677462642807
0.0 125.26898637099555 -20431415.59777069 26259896.451385498 -44854867.900857925 5518.807993950064 6962.350084930196 1850.3195365085185 106936956.85339622 872.2689863709955 59464758441.39902 0.2689252904614208 0.9998339689981804 2.03987978607436 -1.5597943094179496 -5.668923595640985
0.0 34.47073221289156 -17008271.623321533 7583584.731811523 56312799.3561275 11278.558751289502 -5304.3642516834625 56.100757538358266 89084618.55683164 781.4707322128916 18306726458.840317 0.3647750637615337 0.9999599098442467 -0.35268077545802445 0.0997326443801545 0.15089719648423428
0.0 81.94422920502211 8507862.591308594 8620931.943527222 -4550332.083654404 -3202.1175629132804 980.5952328817366 -1686.5307795124816 83299241.43907017 828.9442292050221 43800321055.88071 0.06762239214454435 0.9948969041901758 4.883622590050393 -2.7239600069891523 -2.1128856568529444
0.0 87.67787949136243 -330196.36935424805 -15063000.516635895 -21556189.09875059 4618.136215598206 326.825941155661 132.45901695435984 84961906.10617536 834.6778794913624 56481923973.03665 0.13734089837521923 0.9999659468776567 -0.9264438985198423 -5.347475125298381 5.427873006463646
0.0 34.123601573471205 1628818.4732971191 -41900768.50827789 -29438467.443351746 14241.963262028386 -127.57602455080632 -1361.8624921038258 125920503.60823248 781.1236015734712 24681067708.1781 0.4303386861252244 0.9999655848508785 -0.8722117693752118 -5.405487237333621 0.09095632234503404
0.0 142.65111446249125 -155219467.69596863 186964805.09835815 -213233275.47939873 -357.8595811488776 1125.8632656020418 733.4247522018953 110339653.42391124 889.6511144624913 65036256678.704926 0.048584718521438516 0.9992715154797883 -0.3944399089877406 -0.6836459343092706 -5.372452250840824
0.0 19.666868502874195 9400714.111816406 36947328.86122513 -14153516.347121239 1139.0001468814535 2902.8488907788233 1922.357599296909 56895983.85110436 766.6668685028742 54451268381.4259 0.22840767657484887 0.9982515095668809 -0.15008767445278648 2.0850890713565025 -5.425710400859279
0.0 29.48870160200454 2767048.5761413574 1193375.5069732666 22677512.870962143 2551.690897735342 4529.930908660383 5117.052808847846 60847903.82987199 776.4887016020045 64278606278.96286 0.14518512462351457 0.9935958126794328 -2.391116499141295 -1.5134328909540993 -4.932519183623462
0.0 78.2183594619737 -13010276.098098755 7321651.380828857 21756323.249250412 493.7064275160701 1350.3452071061183 1303.0700705852937 75814505.0396744 825.2183594619737 55189763865.39639 0.0023180250021721666 0.9998387572798414 3.0303271276102084 2.640298875671668 -1.032581086013627
0.0 112.71279046117775 -6717374.454345703 -47923786.620269775 -35529290.56956744 3569.379413378432 3006.403588468327 -995.0954402552409 85148694.49236016 859.7127904611777 90178928661.63293 0.14178275657884126 0.9998208236733171 3.068455037954452 -3.0794813052085477 -4.198541872189577
0.0 18.07734464252769 -19711073.76965332 1358127.8874969482 17592346.24203396 9840.57216287887 3150.733560779936 -1035.084924156884 46989448.880724445 765.0773446425277 23699197398.701355 0.3571543381504168 0.9993415915347847 3.419639364979569 -0.24543387335065425 5.8355746457152815
0.0 94.99070173378539 4526713674.649384 2860559064.2214966 12519884054.443102 3388.457263188915 2115.680862340647 -3666.795436141861 72380133.81574321 841.9907017337854 81344457246.5112 0.050456984328845066 0.9743707555857535 -1.4732128005641123 -1.2769313080198545 1.233431092625705
0.0 40.158678038757444 -6187527.0919799805 9709575.409484863 5090747.531645298 1181.7991042749454 2224.014701205673 147.64524584170297 59068364.638970315 787.1586780387574 62693897062.35486 0.15505199686483648 0.9997316908708958 -2.173758749822939 0.07517905499141109 -1.2623876251387984
0.0 33.24310023097212 -12681704.053245544 -41608491.372924805 6520346.270407677 4986.364035402337 3350.6392289941045 645.8036655387044 62816938.23295027 780.2431002309721 60539303838.09703 0.17631030993166796 0.9999484596617455 -0.8729531665348583 -1.2756325266197484 -5.558836935080966
0.0 13.452983106263673 -119978692128.52614 -56866748924.75394 6082865383.118225 20915.861273524413 -16476.979329804646 -371.75301271943897 52600661.738991626 760.4529831062637 44051903821.83154 0.15175268911748316 0.9993567472260912 1.7997425400934792 -2.5809909244003366 5.447563707803356
0.0 56.601573001719316 173689006.2472992 -51650311.08578491 -10401897.275406837 11788.013595088885 -1671.9864678097983 -244.6472666911501 122243453.6768043 803.6015730017193 26863715582.960205 0.37279124746521375 0.9987322386609047 -1.0013787522289226 -5.372863445040814 -0.4790777736797165
0.0 28.844966303912884 19187003.861541748 33140770.41230011 -5613570.305800438 7736.3962519184915 -93.131160767236 -3192.6812353715127 35259436.30188843 775.8449663039129 34926699115.978 0.18859834533722164 0.9971530414478988 -1.7720405627966342 -2.126046871637011 5.186756757338262
0.0 79.26292684164844 -44967369.73791504 -48035587.516204834 -73436041.72135037 361.4585174153963 229.39094206382288 1160.8804852368376 63460740.20133072 826.2629268416484 43662092998.29672 0.001535723420515167 0.9984944057371469 3.8378702578803754 2.4718847307807983 1.2217518032384322
0.0 23.952527043759574 -14595434.45878601 2204912.682723999 4426696.675093174 9040.678384923274 6247.866263474625 -3.2753102520100583 29105501.603639647 770.9525270437596 28162395048.794647 0.34988998812663014 0.9999522880475167 0.04947534526939967 -4.309832423752648 -4.1439870654017446
0.0 47.836655693474086 -3157355.3139648438 2291297.910598755 22439037.139904022 4587.828796510978 -1449.8819539203905 -784.4561446023756 61315439.66936613 794.8366556934741 64327190787.60773 0.127779655726024 0.9989380093320859 -1.5632986093663668 0.13796363207990003 -5.843575929070046
0.0 72.90739585796655 18906028.427703857 -7784334.477836609 -21049131.25502205 9396.267204656877 2692.8516637107386 2914.370805776208 59752397.12676058 819.9073958579665 72266448702.7012 0.17697932199383415 0.9998421051841707 -2.6118558086323738 -0.3298690860429492 -0.23270159416439595
0.0 27.258006592262632 93625241385.76079 60206629979.00423 -4788000747.13866 -14291.742100264573 11191.103054757727 227.9018739934573 21124260.17249087 774.2580065922626 64199720066.3667 0.15305315984904275 0.9995144875365007 3.9986830770863895 -3.575882989876681 3.9635619255642123
1.0 114.1581234721557 -5376188.091567993 -12688457.603149414 -5717810.828987122 -6.544514028715639 269.5745106969007 1955.2696453734177 87167831.61006735 861.1581234721557 68877201540.90256 0.021337043000407917 0.9951028492599813 2.2443449139093197 3.338456773516164 -0.2591443848425381
0.0 32.28583337870327 5773579.5068359375 9040635.488464355 -18954567.78094721 1026.458424422548 6221.7365823449745 -259.2757362656431 63631197.32734786 779.2858333787033 48138637396.47952 0.2588228388667961 0.9993444241892426 1.9429009444139245 1.5063683430344108 -5.347003989014051
0.0 103.57660849797503 -7303774.413154602 -7538849.880630493 -3929390.8564357758 8002.358938745892 2468.321417339863 -1830.9765108454317 99273741.48462363 850.576608497975 104524845188.90173 0.04850335577233486 0.99920692829262 2.719843145212014 1.28634313547057 -5.114475446979716
0.0 55.567968298785786 14388561745.215881 5072614175.927414 -3429380779.8025208 588.6849378204133 3106.937027593998 -332.85059438450537 42241732.07693879 802.5679682987858 52197860112.18222 0.21003665357364693 0.9994484672679956 4.073712010461852 -1.5675851053801169 5.168512169396312
0.0 67.35133812595802 -3987007072.9797363 2916449910.8289413 -13138897517.738928 8956.5285579359 159.47457816803944 465.76791259697063 52101252.143926635 814.351338125958 22417913020.83185 0.33135855538220815 0.9878275080161574 -4.667824068677099 -1.0325410484534638 2.568737381672001
0.0 72.10368761152188 7131250062.79361 40941974843.27609 4786602158.627454 -169.01316866755224 6764.280388858539 456.26136979437257 55679269.49983517 819.1036876115219 68494521531.374115 0.06951266088827984 0.9995070301125967 0.16020217553265914 1.7536320849425238 -1.3075729268780976
0.0 100.24939924484875 384030.8904724121 18615779.413146973 3247356.1543741226 1719.7416810252143 657.2164065399884 -5770.1116876470405 102917372.31226663 847.2493992448487 57125408766.176605 0.07310677211300712 0.9678982293285072 -4.406738155964433 -1.9942471241035251 1.9892071416002586
0.0 61.369423000056486 1924019.4386901855 -34214449.32108307 -79853222.64259863 10759.732289334279 -6278.327569226512 -2212.57098266554 82132609.29714844 808.3694230000565 11648140826.460602 0.06733972744475603 0.9985812695804613 5.1551208898145395 -2.0209557747666933 2.2950045151659078
0.0 57.79142262596224 1185293945.852234 455830420.52015686 -913271336.6483822 -901.7011880643586 671.2022512319236 -671.4837937031481 74859752.62271164 804.7914226259622 52705775399.60123 0.06542090072133916 0.9995907876023129 0.8905219980462944 0.11969531933090324 -2.315675427700488
0.0 25.601926031077824 21918936135.147346 28514804050.38629 -3501552887.960969 8539.490809527168 3089.680131566315 -993.9188011789378 20275686.33944909 772.6019260310778 34105983662.449463 0.3676997221822107 0.9991252511987632 -2.285887092342119 -5.0617275054935105 5.511472461048722
0.0 63.564301375544346 -20285819.080368042 17363802.090393066 -2769881.794513941 -5970.4799080916855 10990.830943863166 797.9241728724128 50916420.500338405 810.5643013755443 31276721446.46994 0.39694604296543107 0.9993883899053941 2.950290330879265 -0.27724896746284594 -2.789927397370025
0.0 66.30728908377296 -10031012.289230347 -3498303.8455810547 34815873.89721346 60.31620487073815 4602.3529638783975 615.2784936152734 57042964.30710303 813.307289083773 47803387878.234955 0.10165766708376772 0.999886205283111 -2.1854934056415956 -0.2689653992533308 -2.716910719884947
0.0 119.79176348117142 9813589.951721191 -32402713.598098755 56766079.35606706 1531.8385532948923 2811.3354590186646 390.0138863021794 114966497.4961137 866.7917634811714 71516876850.4545 0.12226497031835754 0.9997487917100298 0.31269138454812406 -4.01609740603551 -0.3417645858399525
0.0 68.66979277901794 6433801.2900390625 -59162143.76675415 -62141444.0129776 -8647.850829304924 5099.181396713528 936.3375403520563 99606929.5090577 815.6697927790179 7590127980.263916 0.33723674961463096 0.9953794629700465 -1.9709754685685055 2.4084822569006876 3.8549495702162924
0.0 71.53370412232914 27384439.579467773 -50499609.85734558 -37137315.375777245 5236.979312341973 -4900.913328630271 983.7989569221668 120755605.44891463 818.5337041223291 30041454939.839935 0.20283113960238697 0.9973846643953109 0.07453754966553339 1.7799068235745232 -1.7685192849833173
0.0 50.050581045401486 -72351236.85342407 27548487.37152481 -1002147.2789945602 -3468.457512177443 6568.882621580837 -224.56757203360382 62298173.82985835 797.0505810454015 38248210544.87967 0.3964914676813379 0.9986047753466152 1.00473732119034 -0.27447019042312243 -3.1883092915173585
0.0 16.1520733216272 -35228564.440826416 -48075600.776275635 61335081.21665096 -2725.8575064112774 -6879.452546096627 -1553.1753014381416 77471505.44551326 763.1520733216272 33475640880.850708 0.017174564564391342 0.9986510788737384 -0.9771278170033402 5.559897259273459 -2.006543245897948
0.0 90.37370486727173 1427875.0195007324 26439939.394195557 8836510.719780922 4566.946368750243 2260.2247701820233 -6735.333731124411 110430971.46085353 837.3737048672717 75229272103.66501 0.1318279874705447 0.9658621904972691 -2.0140572532508534 -2.0214270185259835 -1.2092977245169445
0.0 20.384797119989457 4593162791.620392 5369157020.480835 -3274292945.833309 4361.156070916997 -266.4449791447623 -467.3468449246311 20266417.501887783 767.3847971199895 40531245725.339386 0.2686489246786666 0.9992867454606745 -2.309469347275489 -3.8833438942863756 3.687713849316166
0.0 55.57258222647215 16793215.800201416 -69773040.56414795 -75112769.35380173 -1978.978230085202 2860.8175387014553 -797.0986927352608 125602880.21621574 802.5725822264722 16118438021.470001 0.04748901022134616 0.9986906755995546 0.6759744225266915 0.15881097444289027 3.2343966697791506
0.0 26.815917907562493 -90934040915.65456 171549099771.5866 2635852675.43808 -24916.66597941958 -13250.054570110988 -1003.8034623133419 52665643.55055151 773.8159179075625 29804333429.55127 0.001103047385094591 0.9989735401763411 3.101007512425183 4.221593659858307 -1.879250187632669
0.0 22.300462959184074 -8517304.941925049 28928355.708892822 27764541.922219276 -5553.455446776301 6941.546576801631 -1421.279997971229 65545491.3931321 769.3004629591841 42755042236.83121 0.2006417745751112 0.9982232361827481 -0.16941059217657572 4.164073266413524 -1.2660233673938235
0.0 88.7160961179884 -63111775.09308624 -46605674.89746094 -198877787.09871292 265.01139587902435 1666.805302578703 1817.9529639878688 71069696.5255281 835.7160961179884 31747523283.07306 0.004964671229509998 0.9911002278465169 3.394226339053698 -3.84985498493087 -2.2314502856164844
0.0 58.57593519144723 -13990386.001792908 26151009.022094727 12698693.114467144 2353.1248395516996 2560.3808728862623 -11158.960767722678 45830831.70208364 805.5759351914472 43339582558.00418 0.2168752273398149 0.950163063149543 -0.7778513079788816 -2.7021909029220974 5.942249346325982
0.0 73.07098740839274 -1981635.0345306396 -21720122.957458496 88062746.2013092 -762.7477817655454 -1241.7284820932427 287.40653700518885 90596556.40881066 820.0709874083927 75730045076.00754 0.032976350774917604 0.9998990081359006 0.19624802306858558 0.7720799509813646 -0.7124767034199151
0.0 42.8084693179926 -4309815.496627808 -1996700.092453003 -18078485.624519944 7586.14805393652 2544.022549815905 675.6659911302407 34356758.374759816 789.8084693179926 43843464017.7504 0.27157756226431157 0.9995743255716497 1.3219519167849603 -1.1833347030393075 -0.47848129955447627
0.0 79.53700142875937 -27702553.079483032 -14834404.041732788 3051069.8325892687 3072.316162032792 -1520.353119355017 221.59546244349002 106788605.46723053 826.5370014287594 117656686429.01123 0.14074075919404272 0.9995414573765211 0.43239915690943675 1.9428927860213023 -0.7618727487655302
0.0 6.604900275105024 -48061965.57400513 -18835945.599624634 44130008.71283054 4068.763124242543 5860.457259970994 3633.6014835392975 48671243.0820686 753.604900275105 45530349200.651306 0.27577230913686035 0.9974870770024467 1.3956416808846375 -3.435175319901236 -3.065670426843228
0.0 76.25731920262228 3236787.1219177246 36871312.3780365 -36244033.32590675 -1349.1128399163063 -2547.091862274201 1395.1333482782734 97603718.1052554 823.2573192026223 89538215357.7684 0.11725451286997912 0.9995497650627265 0.8439004864371354 0.611446674315292 -0.5323561602202589
0.0 69.21391968216824 -5902568.156814575 8740044.071105957 -27244418.56916809 -2490.2687839273894 4528.690655030137 -3651.0042197697 55022766.22366489 816.2139196821682 34413424223.695984 0.19737343071295457 0.9949758793932889 5.477341070512413 0.5051440322786918 2.7586475295071975
0.0 117.26827097072407 -27321987.250091553 -18514118.695983887 -1534424.8437187672 2309.0928967581203 5089.909882614078 -2959.5744809007588 105323243.46692342 864.2682709707241 93713016632.05682 0.1365631806974546 0.995866236331748 1.5285586569763858 -4.22984680990473 1.2759759583056707
0.0 26.025067841033206 656565520.3201599 316472629.81010437 -384907541.84282875 2860.719178481955 -85.22073675478532 -470.87073272890655 20617266.536749635 773.0250678410332 33176277217.855865 0.16165546946073486 0.9998372269333025 0.601303632675894 -0.28117955390189975 3.3952823661932148
0.0 98.9638840726492 3110471.537460327 -27833721.31576538 15126249.8215456 5371.260033994629 5237.666376901064 3490.2300350995747 124366805.34702949 845.9638840726492 25467880933.294647 0.4037025034833289 0.9984669378998542 2.944993105047544 -2.2869694247391124 5.642011279493009
0.0 24.52979209369221 -7104332.058654785 5941555.877151489 -11391814.94333744 3555.922738999578 2913.585817658077 -6288.462577784654 68400703.48353112 771.5297920936922 64107089559.66882 0.210585480146084 0.9966864168193118 -2.3037009906269104 -0.0064056910581449245 0.11017261730577355
0.0 65.64027376497722 238567.05520629883 -17701267.863967896 -87905176.76677442 4056.9253071225794 1161.327060062853 -2803.016365992049 98672722.69017269 812.6402737649772 38640342260.88806 0.14741463451185616 0.996717405224322 -1.7998541078487058 1.7903715574076826 1.5101011925990635
0.0 12.805009160688087 2720938639.8438263 5901818837.092865 -3827682002.3323326 4016.189249604071 2537.859758978557 3.621348601751663 25318303.302691273 759.8050091606881 56543475071.887695 0.29784009220619295 0.9994197830803232 -1.993672570642008 1.2914518728764408 -0.7335820113355855
0.0 21.463710822829057 3338463.0049591064 -26823159.22631836 -4677703.31188035 4053.376647859539 1281.936789081874 -2760.1062410461705 27409588.616766628 768.4637108228291 57799113204.90384 0.2521781267446975 0.9989828895689867 2.743518418463877 -2.4457769188711582 5.053968988640655
1.0 78.03207577653768 -9268005.968704224 -5943909.488143921 10754390.018262386 -459.3403582107494 -971.6869032278664 -1370.183967575715 82416853.31194848 825.0320757765377 51873582306.2504 0.060907578999829674 0.99927940020196 0.5590357450749639 -0.9358229120709205 -0.24194668675845116
0.0 57.38439754450815 62858598.28543091 18362181.320144653 -62055988.290849686 -1610.116705189921 1233.7132032853224 2068.709292524629 92183970.3020791 804.3843975445081 28639152572.331207 0.031178083027635 0.9999426092338444 -1.0784081000868249 -0.05729211613233698 2.7485177947314567
0.0 82.21023861780452 14293030322.075043 11741194000.109367 -1232460873.568227 3291.8321190070455 -3425.1210398554613 908.8787666174183 63227751.82963183 829.2102386178045 29938673422.77704 0.18830696503712718 0.9993228898026856 -2.143639136078735 2.993951677941822 -0.16224329106266078
0.0 62.2914609788038 -2236202.4628448486 6436077.186553955 8601096.701541424 2462.4810106804507 1804.9370777454678 -186.7050058994713 49571911.43841637 809.2914609788038 77023474937.30826 0.006427527192075025 0.9997171447759541 3.7944832051863684 -0.08246537171819912 4.543498411076592
0.0 12.548261167983583 -1109736.3190002441 -10236725.073242188 26432066.802945375 7274.368967827078 9131.712812070451 883.5170120673508 22996459.3632704 759.5482611679836 13967368154.914825 0.4348974060837228 0.9988590838759746 2.1896200985445256 -2.4641491957294868 -3.1414876905158824
0.0 70.8484391162117 14859563.640319824 34285794.86758423 -7382380.716948509 -983.5721998529734 -2098.262664040494 -914.2953865202535 128948922.55200677 817.8484391162117 78596849854.83716 0.0599414946542664 0.9997766215696897 -1.3439979623616503 2.162184638933342 0.48483122928460387
0.0 54.29076984162009 23181621.79701233 -12906545.929138184 -33757948.08948016 9459.323601417651 -10567.65423717963 -334.48991354062036 46750366.99361232 801.2907698416201 718894366.8461304 0.45393029785797967 0.9989827750521602 0.00043479737369056526 1.5032090617427938 -4.5358525317952445
0.0 40.541859342627845 46862160.5357666 -9589671.08562851 -23970867.318762064 5172.000717743636 2272.4941093043053 2779.172149444802 33263831.879147768 787.5418593426278 48769942452.21297 0.22730687027581353 0.9984794897548332 -3.175854934677945 -3.0182499948460446 5.7325992306776685
0.0 81.06336712957363 -14132849.373443604 23291391.533203125 28170841.80877471 3648.999874816869 1868.4171862573821 -405.7939809813913 103759956.81685147 828.0633671295736 77102002643.7239 0.15883417829404944 0.9977890309338389 -2.3836295728606856 -1.323520592813837 -2.1723496909222266
0.0 27.66094662572732 1692310434.3719177 1959952016.7223969 -104634259.48644221 -2543.8545976910973 -911.7399797153339 787.3428882552791 21929583.76968158 774.6609466257273 35214771482.78162 0.08107643444093263 0.9995729087042303 -1.0987736147670777 -4.43027074513188 2.308664729653104
0.0 111.86125432139966 15839942.399810791 -23054480.735668182 -45746276.30503273 8735.80143096971 1733.3972386387613 2356.3969245146022 94239263.3845462 858.8612543213997 97256676350.79538 0.3279474764471821 0.9955241879688634 -2.042402193704381 1.0685859799624156 -1.2697381504986942
0.0 41.455563563878286 770039.3192749023 -5664896.1949977875 16028062.380711317 219.50425445630208 2883.6377991999616 -2.358738364013618 71388977.3919117 788.4555635638783 41264039974.45413 0.20047557978342345 0.9994912613579576 -1.4392439434932403 1.216961603596964 -1.1938841777239615
0.0 132.87270888026057 -11494724.572223663 -36805181.74874878 -77133060.12486577 2215.8980552491994 2863.7829675065705 -744.6713474756359 107032700.0109956 879.8727088802606 85975432471.40768 0.031235337597394525 0.9996183652873478 -1.6304127967305564 -0.695391787208048 1.2574296782701861
0.0 15.638873860376066 7522489.250198364 -20995696.505767822 -17759382.85862136 625.0197900976382 7593.155116297341 4223.18330484821 67990191.27347323 762.6388738603761 44846769254.18851 0.2942109931656406 0.9929475030340708 3.077974233436957 -3.7373815975690903 -2.468988409873792
0.0 18.589638951270672 -20884476.44468689 -15778519.412002563 -1212384.7788534164 3084.4511306666463 -1752.5373330034527 198.76500719720502 23143880.368607156 765.5896389512707 47436992335.012665 0.22125937887252484 0.999859681597438 -0.6418292814013324 -5.211962432065221 4.499221255140384
0.0 86.98043952386001 36567033.66709137 -193918360.3079834 7297688.108478546 -2411.1230077711443 2904.038935768821 -2842.5593020415117 66766347.05278058 833.98043952386 35610606243.740204 0.12904855916578162 0.9852836160745948 -0.19456730495750724 -0.9769935675761539 -2.3476679939092073
0.0 29.046233534427188 2942369.2192993164 12655284.094299316 3885488.132148266 1171.7009518644736 -3072.576023318152 -615.0275125007021 115448045.3890698 776.0462335344272 36540293875.86359 0.07730204960291526 0.9999641598826654 0.39452168411099603 -3.4249624197272626 2.676166335518806
0.0 63.16419547051339 23098984.374557495 -10379867.383712769 16309186.808176994 -1654.3636517266823 5671.92243153824 -2521.290157007141 92400622.17687836 810.1641954705134 56100772523.80875 0.16204875997613336 0.999525766566241 1.8001752160796838 -3.640971353011317 -2.3263433224734955
0.0 75.00082074764236 39585943.56729126 22072801.385528564 -24687883.44068575 5430.212330236607 -5689.416507674727 -872.9483881910048 57938196.24280497 822.0008207476424 8351340694.634857 0.3423678672972529 0.999941982447569 0.8992340391536764 -0.2600734393965989 5.534499128270593
0.0 70.18530344938847 11113992.98387146 13017977.473724365 -1236609.3879618645 -4195.3696479894315 -3257.0007167410913 -28.325518065877873 59246369.32255961 817.1853034493885 39088619159.17444 0.12230326220614879 0.9996856124273775 -0.45387066941674936 0.08685412457141323 -5.779582136572293
0.0 85.93377479430217 -3324192.397529602 33710522.86959839 -16268807.74295044 1088.2515078011784 2077.6890500347745 -821.7753968592283 71466656.16098544 832.9337747943022 77001806757.69138 0.06226326685685191 0.9984854285465024 -0.9347817186719305 -0.14298726273089457 0.3235113150520017
0.0 104.87126050455674 2889155.9842529297 18966552.70767212 11860560.146265507 -1720.6176051638176 5163.00480267754 -730.2008518393772 113308582.8924856 851.8712605045567 65050467473.497314 0.16566815192055917 0.9993074877222865 1.033349146053013 1.3380866157814906 0.02725560335772803
0.0 98.0894522089975 3483432992.036316 1836458001.592682 -8828244804.646502 2781.220024479964 1881.1498426503167 2543.9632179841033 74714854.59586519 845.0894522089975 79115998994.4957 0.07129543114285249 0.9773752505189423 4.34235093604449 -0.23903048243306668 0.30329239654800144
0.0 14.289442019977173 65148290037.35892 42538987009.901245 -3666722242.3666916 -3236.3895024855374 11663.021981491793 -261.6163075567183 18846152.195271198 761.2894420199772 36819069438.197205 0.27799772348263946 0.9996204426213684 1.1281787817494964 -1.4722789359393833 4.505612883113805
0.0 46.770805011849916 -85485664.30999756 101149287.36533356 43979189.30947137 13046.068937849246 1614.7166962133197 463.15708828898545 92292174.84212844 793.7708050118499 21202439850.213257 0.4077652309598089 0.9998942652486731 1.5039318602242113 -1.639785343550786 5.93010611982268
0.0 119.91773363167249 41301152.484054565 -5569533.819030762 -52849722.80915427 5981.257794446794 5462.8551042640465 963.5212867663702 125992546.75402816 866.9177336316725 50564875804.23068 0.22572696392334463 0.999768261312805 1.3375777934447983 -0.6201511826036799 5.622752372879727
0.0 99.84494615941821 52886880.29673767 45169438.95274353 -1732849.6895599365 729.3243754592659 1740.5757604061055 -451.99870450418496 75362757.1415291 846.8449461594182 80898619773.94736 0.034806927899715 0.9991526245230422 -0.41883585054712347 5.03474703523226 -4.965052423209781
0.0 47.827390248675556 -2648933.227218628 -21515847.521713257 -9718555.75662613 -2293.058373393191 774.7212967986052 -1136.8631449536656 89299450.1558012 794.8273902486756 59739176884.47769 0.11490477807800863 0.9992754172336556 0.391273095916155 1.0078536271552034 -0.43153452312332274
0.0 15.055000212492928 20450624.544631958 -11769323.978622437 -18072972.21387458 13820.063543072954 7586.692329821799 799.4594761981102 30832998.795444854 762.0550002124929 18410468941.11966 0.44458057357992997 0.9995410118142075 3.7351860542049637 -0.322615949420999 -5.1686295599255665
0.0 112.07810418171948 -1968446.451538086 -38030814.53839111 -69203821.84179926 1843.2478739528924 2222.134175916807 -72.90754591675432 87576596.46467848 859.0781041817195 89777107686.89413 0.10129647474033675 0.9996104826737855 -1.3264823310669258 -1.2521067102901196 -1.8474899982729904
0.0 30.60414209723683 3715382.8083496094 550451.9801635742 20952277.616818428 1587.117187772339 4335.3630375681605 -3142.665033983579 44309375.22110645 777.6041420972368 56993578210.04538 0.0457055372395129 0.9949227622450085 3.840597464081034 0.4597679828671044 2.961504840180858
0.0 35.92508656225198 30878653.595855713 -29119697.65725708 -16739146.85078621 1117.7648095178083 2513.515047249799 -3277.534667684489 54375591.135045126 782.925086562252 47607305331.631836 0.131879788839891 0.9987321388847807 5.341916322699104 0.2408550157539624 3.1614403825561452
0.0 82.12858114550545 3582220.420272827 -32767322.14602661 25717224.978775024 -2455.855667542757 2828.759686584247 7865.529030040732 114392142.29605149 829.1285811455054 67002890828.45627 0.010314491974850001 0.9753557352715884 3.573126891454975 -2.064529831917333 2.1746246296574925
0.0 29.288613317933823 19138184632.400146 14938217464.720314 -2552615379.1732397 2414.619707785718 -229.66120559650517 643.0954389066849 28889249.392271508 776.2886133179338 58318837545.518005 0.13310453413675402 0.9994612558422498 -2.244146992477072 -2.06396161086592 2.401018814047516
0.0 60.37605599784456 -3966190.082336426 4141438.608947754 -23500806.050234318 3405.1811453193077 -664.8716923091251 786.7377430709137 124769977.67932358 807.3760559978446 81108007173.5719 0.000589924516693624 0.9994391700853534 -0.2592003473573955 2.1446154006978686 0.4995418172420576
0.0 91.20747665104466 62106334.40237427 -27170932.055618286 -58737806.83904934 474.71479116512273 4517.143152990231 -4418.821831477859 102303113.62827025 838.2074766510447 89030882756.75696 0.10876341532905459 0.9941370159192322 0.8555873330154028 -4.422235121851601 1.408272301468314
0.0 62.88582878390264 -9951958.139343262 -5984187.7088775635 -3682316.2738571167 2463.2972193311944 2006.359675107422 -8399.26770657333 60662613.2845815 809.8858287839026 78928389060.39975 0.04144117870035455 0.9673715276870177 3.9508260780214615 5.801287723374696 -5.698838521179244
0.0 67.02669601822413 -4761824.065490723 -16913965.503814697 33407034.672016025 -521.6681122893278 444.2390379482349 635.2394418095735 83840302.62635463 814.0266960182241 47451045231.34061 0.03048942334362105 0.9997512123394499 -0.27179988254081444 0.23790393300896745 -1.0931378935214797
0.0 66.61712169864404 -78221438.28155518 51481873.45639229 -134137507.60161018 -13761.229725314643 1502.1924814765007 -2387.9410126343278 109109724.39079195 813.617121698644 16925814224.34143 0.34217907436982087 0.9983098244830694 -3.726550169740335 0.463257630818394 -3.9478851203233623
0.0 21.30203532557846 20273505.967269897 9519551.18799591 22010706.938207626 8662.135022489956 -3724.9394397152973 -1826.9244650210921 37329334.356029764 768.3020353255785 26599328388.112152 0.2412994129012077 0.9999601464612329 -1.1585678768527747 -2.5393843020386067 5.454232585524136
0.0 30.192136269918024 525533449.2488098 -440417951.06752014 1009012132.0642755 7882.823066603849 -6676.076859181998 -1149.0433135021187 29609224.922459614 777.192136269918 27856728551.283173 0.2804819219794695 0.9992743937137686 -1.790275124711477 3.588057348766781 5.116252015311661
0.0 13.0730343885308 7556010.999824524 -3975840.2044677734 21714455.011018038 3087.091456496346 -11321.420311540045 990.192159685358 39483872.7922373 760.0730343885308 1227189732.5950317 0.3889708994513935 0.9999937841393355 4.335317418876455 2.899892142151975 1.3900710664943094
0.0 33.76302010593918 -8803521.478759766 2256048.9836120605 806068.7481546402 3055.6588291978915 784.3531877829555 116.27939381286197 31121580.65753566 780.7630201059392 52905925232.21335 0.20150836780635895 0.999835487511167 1.7619767588104582 -1.2624314489674588 5.5557024637806975
0.0 72.38437040213171 31986354.53923416 -18765166.36303711 -3671091.4629918337 1927.321279761396 5816.384001877789 -831.5630534837129 72215082.81810568 819.3843704021317 56918806878.34122 0.2106161867173224 0.99977846532032 1.720480234500155 -0.9687735401825215 -0.8661997582956513
0.0 59.70791262330647 -39627675488.84465 39646475433.93805 5171762545.389835 6255.45365699684 3840.7783544332506 135.57206728523866 76733453.30789919 806.7079126233065 43461001275.482635 0.2562044774016302 0.9996186280127273 0.1426777202773607 -0.06776571400159792 1.5536499920278133
0.0 77.50650788935548 -3609297.78707695 -13682829.618225098 83221951.30593681 340.1538816390239 -272.1793473464369 4401.656131378076 96872630.351922 824.5065078893555 55845352408.319214 0.0042739117549811245 0.9838128833730981 -3.2399014900536 -2.3647436853982873 2.2348979767508914
0.0 86.8511077765852 -7643655.472900391 -4145657.3513641357 -53414194.40594149 15940.698746274935 6721.29683623683 -2005.9130084765582 94883969.9669052 833.8511077765852 18802368197.480682 0.5103738084948577 0.9996848148673174 -2.5289466113104195 2.661289462579189 -0.30053526997198166
0.0 117.1271711946589 6710935.197128296 -22031190.097869873 -18013937.448114395 1763.2505532102914 3673.5088001982476 -601.4127414987141 102425403.76834771 864.1271711946589 89338534232.45566 0.09894605363838199 0.9999272940807585 0.7044378048842851 -2.993815602840827 0.1967742043835582
0.0 65.48314165769068 -11635868.917556763 -771333.4122924805 17004742.582417488 -3957.4039740268126 6241.675823859891 1299.1269724460697 71163843.6975952 812.4831416576907 63017281713.28903 0.25634017418018956 0.9992939916692427 2.3108068979774954 -3.3254357414240565 -2.115438093784331
0.0 50.91172012240668 -8398325.936050415 -12843236.738052368 62359673.18101311 -9126.762417390288 6785.97142312434 -388.78123273514313 106003897.74336042 797.9117201224067 20849311754.34207 0.3660201481728907 0.9987531732018289 -0.6578119258025263 -4.089427804428478 4.166894230487099
0.0 80.8773410497854 -5761796.43523407 18873517.12942505 -8348592.250356674 2394.629244216583 5984.007762403634 1325.5672176760183 62396323.0537097 827.8773410497854 56949304777.146454 0.19114096789385096 0.9998867254619543 0.9544150862630718 -2.60840498593143 6.035879883617309
1.0 76.73765006784288 -13426839.343524933 2690255.1051330566 -11665009.798842907 1854.0470560900649 -493.20359501411576 -478.9474403516071 87498318.60345918 823.7376500678429 37963719668.103455 0.13517650607347623 0.9995181921968972 -1.387529336889934 -5.092224084923663 -2.488656470204868
0.0 123.29303230253356 1929212.3038787842 -31182384.645828247 42974906.8390131 -501.2826150700239 2037.7606146339986 -3345.3427830139335 98376840.18668997 870.2930323025336 92292564570.95877 0.11487245382375305 0.9899612913024174 -1.6300535691769005 -6.147962289174956 3.0011005643555504
0.0 22.89382347067385 -5043916.035522461 88869472.51112366 -5213310.580842257 5039.436313261871 447.0151487537951 5703.633236027934 53835094.56912775 769.8938234706739 59657569147.805176 0.20124649894114655 0.9913944813524243 -3.4360486078904953 -0.4608064960541121 0.24754977662527988
0.0 60.840087751170586 757942.0916442871 6337104.272506714 11508006.05248046 4521.692311228504 1605.8916837854958 -57.22020865385163 111192463.23302607 807.8400877511706 101358719886.19247 0.17755482048437682 0.9999398506967463 -5.4398872630282415 2.2724132229734546 -1.98868454968499
0.0 67.84960290583126 30939684.90765381 -11605428.7371521 50683115.53532219 2226.4647337765673 4612.186774338714 -5351.539038163117 68974619.35606472 814.8496029058313 58855002072.91351 0.15501434014280907 0.9752914078457029 -2.949961562474904 1.7538629606735263 -1.7299941604891094
0.0 89.58102858827749 -55503484.91972351 83759005.16819763 -101055371.2174263 5371.710393335521 -3181.024165066432 2969.380038198306 109263825.47840784 836.5810285882775 58170046050.3638 0.17509531763627487 0.9800233909209561 -1.4392483830941332 -2.2669638822212885 2.136952732230543
0.0 18.002367831703054 332817.48851013184 -7266571.167129517 -9214542.44702959 6323.140867596711 -4668.043940242453 -3538.149580720123 30358924.290774155 765.002367831703 33694654274.972214 0.12247837193217129 0.9958599725713164 1.2034452237573108 -6.104346162786579 5.779942124127789
0.0 42.2116154125672 -1069380.9036254883 11950704.509284973 -30467379.977765083 15548.829121579183 -312.5998742964257 37.00387846648607 110084450.50424606 789.2116154125672 18325334209.819702 0.42983989292776204 0.9991021447390028 -0.7950404750057967 -1.9958849383019608 0.23490573629746736
0.0 30.859079487474446 82683421729.40335 84322891066.67885 -4561427847.678677 -16496.171487901665 4987.726360750916 448.086348406607 24298462.01000866 777.8590794874744 63821872621.68448 0.12381554425901314 0.9994779235449894 1.177561681310736 -0.7074430689626119 4.25182555122384
0.0 96.61478239761061 -15353325.354934692 -11538974.64428711 -9669419.020972252 2779.669564126707 5156.249521115144 909.0343114103898 119282731.9428518 843.6147823976106 32012002921.264526 0.22959934303191087 0.9988082729095639 1.7258833747255586 -1.1503592504962992 -2.662319582421605
0.0 25.613132124711683 31692290.934188843 -2705453.677001953 24337018.222955704 1918.3729209336743 3752.6313540164583 -3787.7361980348637 39926694.210462674 772.6131321247117 54685770848.27356 0.2059020109952282 0.9917818718916318 3.488018159747251 0.7440926267898464 2.57266752470871
0.0 97.99460198404654 5688612.9167099 -16847383.96685791 5466211.818297863 3128.661920277911 4485.250314527955 1980.8517023085128 82746165.75484753 844.9946019840465 74372745863.93048 0.16131812501129056 0.9977580096230646 -5.1178182729103625 2.725575050166966 -2.5009395637618557
0.0 47.54977740208005 -18505756278.35756 -2846150027.4507236 1980410725.432966 4172.107763198381 1231.8287649801205 -1030.4556237076667 62227071.97446444 794.54977740208 63385156715.5161 0.09754513734189203 0.9997987639618131 -1.569989423351162 -5.039069064509396 -0.4012565499171532
0.0 75.86835153634229 -62116303.70655823 -56968098.37042236 102284638.51228619 -2033.087982713725 3497.8060386804154 6689.673768473781 123710055.75398333 822.8683515363423 31214394716.405273 0.2612725113851349 0.9904040098809528 2.8286434809768393 1.710598097375817 4.556930896461965
0.0 57.75899835040889 11332578.902633667 11419012.347442627 -35161465.1520555 10771.357586725595 6090.66070530724 -760.9907551991311 62802440.51702531 804.7589983504089 23817905254.266357 0.36067556472498397 0.9994646710839657 -0.42045153493744736 1.5413833897750966 -2.465822916485991
0.0 69.62396842463238 -70563594.93121147 -108490855.91111755 104752016.44873643 3236.309732129397 3905.074923642364 -1394.80492498703 124981889.60889883 816.6239684246324 52245874432.45026 0.18317220506321885 0.999752534652209 -0.44211442428835745 -5.19082751276905 5.820825796743259
0.0 77.82196542349391 -30290224.809444427 10958792.209655762 -9514445.569459915 760.7581955280766 -3864.9966882966723 4442.715964666002 93778986.2396969 824.8219654234939 53102433414.94464 0.10239310898926701 0.9864666847639993 0.6180456143561818 -1.373653929018347 1.4277983137308996
0.0 71.84688534686518 531335161.0807953 -467087583.6760864 -371599755.8491974 3920.5410732061173 991.3281834185946 1109.254877357008 55611602.0283899 818.8468853468652 92367959924.3045 0.045771441967140725 0.9997704977102164 -1.29838155731664 -0.9835864250279642 5.760406080026124
0.0 59.852455897006394 -18410143.799362183 56340220.72505951 -13830047.39554596 -9212.671084634603 -1506.4128022494333 592.016705780694 87643049.69226284 806.8524558970064 35170585323.60782 0.17351251635288978 0.9996560823779257 0.7977395016102906 0.4075714817588875 0.055752874777167616
0.0 73.9851681540797 -26375978.257019043 -34684116.687927246 -15717453.73236227 2093.0380087234553 10500.4419603182 776.4083520011136 87288724.34398305 820.9851681540797 25451879826.249146 0.36502071741474085 0.9997533099701915 -0.8499356065947261 0.9089620079457317 3.2952605944562725
0.0 73.05461984468309 -17743206.791732788 -3346178.5291290283 54110078.18066406 7734.815942620058 6646.669078895266 778.427467860802 71950771.78487454 820.0546198446831 53983457949.9881 0.33687608608685743 0.9889417669043871 -0.18425801970953914 5.610253868934645 -5.44897251793128
0.0 99.95143555255027 -9725711.163967133 -319231.87518310547 49728652.28015661 10.657406164711574 7941.2551180488645 817.956583695082 108013143.4124697 846.9514355525503 39905991701.17929 0.17994413612458568 0.9998547241801077 4.366367618106904 -1.4779493685062175 -2.7272262884321434
0.0 99.07008350186959 36966.44177246094 35883657.12023926 79034325.87812138 1198.7130722045295 2333.9119110261236 575.1792400187034 105853625.45520277 846.0700835018696 59583808485.12598 0.08207481639814079 0.999857936519698 -0.007207183327491817 1.0005379500867397 2.2523220729632225
0.0 36.57137285917781 17223743735.203247 13989084004.742844 -1060506449.306462 1915.4761933292702 242.59984821806574 773.0576355671978 28742104.36042385 783.5713728591778 63645830980.36258 0.06359072564756219 0.999477460053674 4.016818200433027 -2.703309015391506 2.787767738466121
0.0 18.499564173947192 16075027.930847168 11022051.060165405 2313153.7247047424 12419.659802689268 2809.071385057603 701.8883848725117 21404545.939278502 765.4995641739472 19167943633.380646 0.38971234117656606 0.9996861840573003 1.3365586326375039 1.7216313867852397 0.254854648745066
0.0 49.280238085893416 -7686312.666137695 -10747230.37095642 -11698751.045170784 -672.147236131048 1787.1436050977245 -5871.480984730642 50354999.11151272 796.2802380858934 54725905408.23508 0.006927639136915242 0.9773699076523322 -2.8543082680586043 -5.314543933580754 2.233706265523867
0.0 69.70586263905489 -30589359230.6333 -938180828.4701767 2754779194.378889 -225.64389480962654 2279.842704297429 -586.1666137318304 90022996.6787249 816.7058626390549 69823423540.05469 0.08060829378145191 0.9995759937403592 0.3911859011349851 0.10688816219761454 -2.0228387648247397
0.0 95.12849646755797 38016717.68106079 -3963131.620071411 55475664.06337166 3612.2863852550618 -1962.6252453931138 -2114.663758562153 127880091.41775854 842.128496467558 37512454180.66168 0.11849644393613688 0.9993893946099806 -1.6413430101981255 2.616120884773165 0.684609450557339
0.0 101.23066216054576 23757870.442352295 -20569644.85785675 -14624333.060186386 -4306.974014238977 375.261482291804 -4214.368932633436 89639579.0897101 848.2306621605458 43676318949.301025 0.06563356636686497 0.9775174236075136 0.17419274584142785 -3.5989994243484897 -2.551297020916352
0.0 25.35304361780618 -3234289.8380737305 -21406740.26917267 41701575.94664425 7897.510560245582 193.41991529585357 274.8405311334478 37875144.95945692 772.3530436178062 41231629379.13617 0.2452592084842187 0.9999475724555212 -5.829928239349572 3.3523767831221507 3.548363556593155
0.0 65.27191534731571 93673559.35119629 25765304.361816406 -47335451.104040146 -627.1268681827642 -11.52755446034189 283.23183336532884 126244174.82376836 812.2719153473157 46805474589.73132 0.043074887396975556 0.9983651939888677 -1.8616702041280853 -3.949809516859778 -2.661715996134995
0.0 65.64897279579338 9798445.727661133 -8422704.769477844 -4149507.0949893 4208.772834154471 1870.6564689033512 292.81452659215597 51191000.370387666 812.6489727957934 59040194441.48236 0.03914720651641253 0.9999629068873097 2.5022112930084686 1.7656774443328869 -2.9157875369564557
0.0 40.39707571981285 -6856267.305496216 4746458.83934021 -7767798.838585973 -3823.7733529675716 -1449.1550603079813 1021.5301116837705 53709423.671555 787.3970757198128 42666047822.849655 0.04004912522825366 0.9993563062708817 3.74745004091851 1.8364792874130453 0.001982420437527388
0.0 77.40175336813036 10656046.479858398 30949302.26676178 -45791907.552684784 686.5352851142459 -1059.2974008176498 -839.9685652782273 75201283.58722152 824.4017533681304 16488653702.814362 0.024085478147116923 0.9950441856968822 1.2286253852738374 -0.5267988290440114 -2.3262775953833645
0.0 61.62450554310999 18036378.643493652 14995620.46623993 19367489.854053497 -3398.0611540946657 1959.9753916555346 -2969.868978183933 89403527.71228048 808.62450554311 42570353848.9292 0.0216440488671492 0.9957240466494802 0.8334515103340241 -3.6972841651867165 -2.335167995787535
0.0 55.258122233992935 -17204242.67932129 100097649.73321533 3691077.167580366 83.8288068131751 1135.5753947498888 808.9776848213564 95236273.5231143 802.2581222339929 59656906572.466064 0.008871640687337132 0.9996004157823671 2.4517145911614655 -0.6893695945187783 -0.5418986317589449
0.0 38.53460618330962 3618805.5835266113 11390839.647750854 4350309.853187561 593.2343998665306 2104.451193287132 -91.63499489965602 62557379.552470095 785.5346061833096 53639570185.11737 0.1539002155298434 0.9999541741059312 -0.019582868925684838 0.15492899717936448 -3.5299623061912584
0.0 26.03905851994682 8015004.980201721 -2917059.814880371 -18034839.133940816 2236.97543821183 372.6646990555887 643.3725072816262 28066566.93897521 773.0390585199468 38743549431.074646 0.09924879938133667 0.9998344522308956 0.5868395210383361 0.41931783222217 4.312752518724662
0.0 56.14604493683953 -32487056.562713623 12789348.976249695 14555571.612179756 -8881.147759389876 7553.641148421877 104.17536641269702 93068030.17089769 803.1460449368395 542076117.9996033 0.4265880349756932 0.9993557159884555 3.1484047973263367 -2.9340028917715455 -3.4296332657675666
0.0 35.31997825542123 45464045.239608765 23347909.401535034 88763716.11220169 11230.112627856477 7711.2943598439015 1016.1896031652547 113061061.89493403 782.3199782554212 44313025800.71002 0.26423276240812643 0.9996825355653265 -2.295471283727396 -1.5400003994897222 -6.074715075956034
0.0 86.98667674409887 -42592864.861083984 31353634.49784851 -1904256.8806266785 929.262490967023 1612.6866139187223 -1124.1938946115251 119539296.15721028 833.9866767440989 76962077582.11078 0.06894051078425663 0.9996240263206019 0.6121581060372477 1.4989502161500967 -1.9634177691782098
0.0 57.64363015283004 15603239.984207153 25024647.16757202 -41145590.724386215 -5216.466944060263 6039.2642237943055 -952.6159073944643 67007007.35615447 804.64363015283 50930750652.26395 0.28872483782625197 0.9986866158496025 -3.3679901487505806 2.1672304926741375 -2.734032000633558
0.0 13.577440523288033 -8553644.079429626 37520638.285858154 -15564579.37923789 3432.450768907507 11664.939946032884 199.03981653585652 54197702.938847795 760.577440523288 54221996770.352325 0.3568191408815141 0.99999739641887 -0.5435985883436154 -4.157275596981328 0.4756625785049309
0.0 35.96784961328956 -26766479.005477905 -5454410.683502197 -12047955.761543274 -8278.32607847489 12871.082890178546 -224.4986248195147 44256646.78920036 782.9678496132896 26992226580.207764 0.27885430413220463 0.9963615101216905 -2.1255311188709527 0.9244372073444436 -0.2456525474550042
0.0 68.93984263793163 -39679821.14276123 -4283940.824459076 16493773.321537018 1900.606066652045 2687.9900180089826 3825.3868380405124 53636873.42315523 815.9398426379316 54478125345.78009 0.14617091660096992 0.9996444053828564 1.7628055308320458 2.034530582300849 -2.2410636504191577
0.0 16.09001236506083 -18525275.42022705 -16458423.971832275 30221556.513329864 7050.614053661087 2238.4127016407 -746.4688924731448 38092022.13989429 763.0900123650608 49852494140.24452 0.06664080657244881 0.9997669664182496 1.6266103823363312 -5.323458100762105 5.348822774383327
0.0 84.01709368872037 23276288.058135986 123368722.3883667 -366190509.75767326 475.77559724425737 2409.3353415392776 920.5134884123437 73983687.13902295 831.0170936887204 80285526733.83148 0.04259117319395222 0.9996413034366145 0.7209022807955832 0.7201012083229272 -3.0045669321264965
0.0 109.31603906924727 36894991.824790955 8464717.155944824 77249640.63002396 2679.7246010787603 8070.979541745105 1436.7069314288344 120960867.33817285 856.3160390692473 13175510069.619019 0.3015204332018149 0.9938129569439609 1.0681480223055806 -0.29675010272973307 3.2144981388223473
0.0 28.461088359039763 -4261795.6980896 287689.5249481201 -6154938.789751887 -8793.165473446123 8003.52534736469 -1242.861642132223 54916110.47316077 775.4610883590398 27539300700.246246 0.3037604118032233 0.9990520113532438 -2.470159393872666 -0.9891740225699996 -2.575837365242223
0.0 48.65565539004899 58726468.021698 -31219668.167526245 20816856.96929413 -2258.326917897699 -400.2209147913454 1033.2930773210428 122796313.28131999 795.655655390049 33048855989.162903 0.1267385967275377 0.9996810392171793 3.8708229963064658 0.9898940659211906 3.145422399526791
0.0 44.52318489676452 -18915209.987823486 -17592789.435577393 2828737.299966812 -10974.028907637823 -5934.533831230605 3046.935421717637 93985586.41295311 791.5231848967645 9231265454.407104 0.4177450286730132 0.9999173533968695 2.5745323482011404 2.1479498267735564 3.5117702048746304
0.0 39.45771644100341 52234864307.43103 25670736100.604965 -3420421343.155965 -3353.7289853840366 -4554.7057378643 589.3174931435625 30907259.08834184 786.4577164410034 86498245415.48486 0.0255912624748581 0.9995004944412456 -1.8143775607770969 -3.697529261143919 4.763755942354328
1.0 52.469060058890136 -13049163.135894775 -7200273.496910095 -8930758.106834412 -367.2454050509102 835.5786334230215 -23.01499843214384 101974026.2196751 799.4690600588901 36313101658.47931 0.035134542447149586 0.9999999985229374 4.60452369492794 2.1359426994944393 2.4821670669692613
0.0 77.41628213538593 -3910038.4087371826 19118769.597503662 -1766447.5054035187 -2343.1697565681825 -776.0642924125988 1114.3297271042456 100856610.36285037 824.4162821353859 87530683185.53946 0.040960675619685305 0.9997052076107431 1.3967378928622711 0.11523854947753552 0.016129831040660153
0.0 97.69766722122688 -5595837.952636719 45293645.96937561 -8579056.693851471 4850.431289470234 5566.139880248647 -4692.152430066819 76994777.85253039 844.6976672212269 61087871128.1315 0.16776404929853012 0.98215864277699 0.5450662575312386 -2.416244750951977 -3.962739960496285
0.0 46.30165902916315 21489390.78955078 -15652184.817623138 -22874936.39581895 6318.185429788928 1713.3953942152402 -1692.6549325703736 53308719.32321147 793.3016590291631 55775759161.47427 0.25943916775683956 0.9984343206411137 4.817280417904127 -4.0755865912961795 -4.778468471483439
0.0 78.54803969770603 1997951522.4519043 697011646.8946838 -382411214.15905595 708.8697240487209 1616.726946382394 761.5296536544423 75087667.4547782 825.548039697706 74031007837.56946 0.05208098390357977 0.9997006531421501 -1.5863693785175563 -2.8124451743683063 -2.977321337661742
0.0 71.00915423353706 -78099883.21497345 -8296156.859146118 71691344.27287674 9270.835091392313 16222.023668969005 142.573007678443 97129065.45476618 818.0091542335371 15743664163.78769 0.5568145846324255 0.9994543917215939 2.169000341631457 -2.019772532822405 -0.01609901301402461
0.0 105.18131446553195 37730262.32385254 37678546.06460571 -14572982.58954525 3562.5342443780232 -1787.951352283486 -67.47114899526801 99442079.79788952 852.181314465532 46975437281.23184 0.11690280581765285 0.9987392258950859 -2.1614178955175416 0.9722851784671458 -1.1024528306120946
0.0 26.871842370137756 15691720.969024658 8218065.940216064 -13686274.593351841 4824.770791818944 -1009.2959680804051 -504.5039049691725 30730973.85280003 773.8718423701378 34622508674.17378 0.09933135840186547 0.999995949674435 -0.7836281709316173 2.198809692935105 5.514578452540636
0.0 104.27276610899935 4859516.991577148 -4627707.292144775 29147198.749859095 -180.48597427788627 951.3380466721937 2256.5045295761215 99150013.2965321 851.2727661089993 68458434733.14368 0.0362500228944457 0.996370843791629 -1.33481483805215 -4.488966139333456 1.4582675556320015
0.0 60.276536866281276 8932201.006565094 12579422.599029541 31268027.825335026 -651.4164070023071 -524.6570636959291 377.9296382845794 83460931.98565036 807.2765368662813 48997262265.05359 0.048229710086484495 0.999782462916756 3.6310478938850848 2.78597963688281 -1.4825807187996092
0.0 23.30656571547138 24108193.84490204 -10561502.041473389 -7688648.456642151 4219.698607605504 -1252.3086128303567 -198.70034103856995 24693502.225549117 770.3065657154714 48363002668.41423 0.23819577099425945 0.999928663573958 1.5949014888649895 -1.7079822322023341 5.248884285863058
0.0 85.56957063026925 -109416533.73495483 -191926395.0857315 24354619.409772396 -226.02215814662668 488.16112491184685 1503.0240205910254 86986660.34662728 832.5695706302693 64418557717.40085 0.021403485431364486 0.9999391744535352 -1.2932075845821165 1.6029291873438805 -0.4084264076427823
0.0 67.28444192077745 -4781949.924377441 7469701.3488845825 -7788474.136852145 8399.306777227182 2822.1432579186876 1019.3111935917652 100524647.5025788 814.2844419207775 26957502883.230743 0.24515438460204214 0.9999975781572322 2.7917966668579277 -1.8929993999743724 1.6162122162857335
0.0 121.34468142564697 1954631.7145080566 5883084.130889893 141329870.80036545 -1190.1748011854834 -1330.7837963392776 -4695.924154042261 124392218.428782 868.344681425647 128988638800.53278 0.10813695202262635 0.9857407298251519 2.0820488732477673 5.2907697525839374 -2.3071961305933506
0.0 76.95697660746202 13953162.072647095 -38857561.25576782 34991943.429219484 1540.2200993369843 -3206.6728032273786 163.67334470876847 107936289.43667488 823.956976607462 71111217262.84088 0.11776536884727007 0.9994997160194599 -0.15034185859394344 0.050427522473060815 1.6335865388779371
0.0 82.6967644121205 4708831.566360474 5896931.29586792 13150381.824602365 156.18021102363855 2017.0224494987347 2425.047225707185 91301369.9185081 829.6967644121205 64555095012.90799 0.04804277202824085 0.9971278781348848 -4.036572573598955 2.6632710383688396 -2.870892754597056
0.0 75.03313378802272 1482335399.1896973 -620861391.6137314 8426757835.934406 -1354.3949003673788 -79.9410077061948 1186.4766862519832 72454284.13551252 822.0331337880227 28404389520.49478 0.048291122540591966 0.9870431425430835 1.3252998607643807 5.2253320839505735 -2.2429839613187452
0.0 86.42038196709507 14607477.538482666 -573347.2540435791 -12972136.187170029 12097.124834435228 3579.4790372498937 -470.6906403899084 81022027.96654816 833.4203819670951 24489162713.11566 0.3472223883190845 0.9999689915410536 -0.08209728601165289 -2.891426671437148 0.07695109907675057
0.0 36.46378897980867 14366928526.204025 13829807344.596748 -1484485294.4835906 2664.9991614689206 812.4095864578521 806.4948056762859 35851829.49430125 783.4637889798087 64264572042.36417 0.1722187786450106 0.9994865793052127 -2.138297199503838 -3.598849563217314 5.265595461422637
0.0 80.17233310012341 50497255.33734131 -14286278.217300415 -73775629.95854229 1974.0930879447878 1258.324021516295 952.0526218819981 114977761.75591303 827.1723331001234 63407562427.85483 0.08025339750523328 0.999374917491469 -2.1708031620860617 -1.2449845011230165 1.770901251420487
0.0 40.02061328616924 1979935.3039855957 -4336116.188720703 29555316.038520813 -2200.8676173502135 2011.3549867265938 1945.3761679251875 43813788.95608861 787.0206132861692 61992226025.22061 0.012195717106951526 0.9963648850042649 -0.5007241723581456 -1.7552310204789756 1.5702611939035847
0.0 46.63871644892731 25709337653.108154 13256188457.374687 -2072604524.0074604 202.18521514993154 -806.3794876331922 695.8807867022489 36151357.73202423 793.6387164489273 79548721268.95801 0.01452215298486019 0.9995656651056941 -1.50661843022048 -3.353237162455086 4.74565659930046
0.0 86.03742443906458 -15210932.140594482 22222446.31781006 48622685.23044014 -4475.204041302615 -792.2726768494249 4628.448720696759 85098119.75789061 833.0374244390646 29208942177.11841 0.09497164246839555 0.9964758901319263 -2.133221313353036 0.45116155031206695 2.603161347021422
0.0 45.60585427644935 -15011886.873779297 3251905.6181488037 18901420.794215202 1102.70290107877 2155.2427221597645 -1195.056871399859 69931949.2124957 792.6058542764493 59437735431.18045 0.11754480461701176 0.9998973303669689 -1.6386312699035275 0.9086814884089158 -0.5984057069727837
0.0 27.975398203636587 33134124.463928223 -13667691.58718872 12803301.317704976 4297.698743560159 -1398.8555802785777 353.25464406886755 26658822.765070125 774.9753982036366 44578781378.090805 0.2066339164389071 0.9999712899830638 -2.095114371574099 -4.190116436879026 5.379288813472047
0.0 43.338989497150806 -24412536.036499023 16831615.001068115 39956777.860939026 1911.9199882962675 4158.887304759282 797.5723073139145 115503596.5887025 790.3389894971508 12952260025.942535 0.14639705563196273 0.9997208739866288 -1.6719802320452322 2.13480829600833 3.3508829354120775
0.0 67.88453971850981 344131.8191604614 1372239.1045684814 -13070275.891994953 1159.9218122972234 2688.677397982552 74.13325265011702 69472199.06418805 814.8845397185098 74507430410.44788 0.07114396250006905 0.9999689902278465 -0.23708796376964947 -1.7194263577885045 -5.438119999620927
0.0 85.40764286744434 -48359479.143066406 -13823874.122314453 54967762.75892761 1967.547658093481 1391.510844736913 426.52562812777614 114623788.13301873 832.4076428674443 45323703380.07022 0.10607432375034546 0.9998497317831055 2.0595429786611126 -1.804784080941747 4.278689288800983
0.0 61.992580318956584 14897930.35256958 7958598.112762451 41890308.83888435 -1111.8770222669846 5705.252318120022 -5576.141172970517 64833114.51579906 808.9925803189566 32867308784.861816 0.09463371628959587 0.9792742312767508 -1.1085119822187863 -0.4764260173407484 -2.7792736935915654
0.0 47.73097993223371 38655401.2621994 4399497.625061035 -39644492.27046934 997.7470580299341 7524.276579843257 609.8334320470976 45199302.74457048 794.7309799322337 42888690362.59711 0.19466342402456496 0.9997592910739096 0.47283547342364285 1.6406096463806803 -2.56514687171482
0.0 58.21554803810841 -3043712.1404571533 8657344.088867188 -17343781.382759213 -1407.4367537632934 10806.659694206675 -1689.9928617711435 51002775.050928116 805.2155480381084 34829098084.22302 0.29008346343053465 0.9983456624374809 -3.0747314998207393 -0.2451389886905817 -2.8390925253240065
0.0 26.894072816735616 8779893807.032074 6595433698.7390785 -1681489062.6508017 3660.9325524030573 473.1511538171944 523.7532622219337 26521823.19577887 773.8940728167356 46566749857.63339 0.18457041157063067 0.9996334244576098 0.04607873228542503 0.7964191717083109 3.3022786642464075
0.0 61.006984306113736 15708627.709617615 -10033263.086761475 427915.87221956253 241.12007723219358 5345.014757280121 1120.158421352463 50677605.94106607 808.0069843061137 52086119391.76395 0.09735893013510002 0.999007118365655 0.2652078967988736 -3.5459539721018603 -2.8578545583619333
0.0 73.19339606237907 -10274021.268218994 -14491077.289398193 25008065.634369135 1545.9493691973767 377.85075742587287 -54.54050025887145 56683865.1857725 820.1933960623791 49714809668.00629 0.04390756222687986 0.9996615857498538 3.582739613452362 -3.9886028643863307 -3.571855461412353
0.0 17.667961721573192 28227868.01725769 -23219109.29537964 3522960.509795189 -3252.0471238752143 4964.44747628791 916.2704090684879 43757794.381855525 764.6679617215732 28745087866.048706 0.08941514845669676 0.9995674422039742 -1.4269919824274193 2.55476410453377 -2.410941752754239
0.0 103.92425868099167 -14307758.037338257 58291711.90750122 7632980.653342724 -994.2751502803985 -983.9618118537073 -1789.7176554617192 116761737.54467879 850.9242586809917 48749547852.97095 0.09845972008523217 0.9976917858399355 1.0301964051626487 -0.39898607306468215 0.03710372051196087
0.0 111.67732055130648 -6214953.835128784 -797104.6325836182 15088769.640796185 -860.8779253825105 -4850.045952251065 76.22557962171231 123695272.58466311 858.6773205513065 165152322791.77466 0.14711737428963817 0.9999691146533523 1.0221464623883034 1.949510041406777 -3.4961060044265575
0.0 79.6558374393004 64293884.36050415 -25420137.641944885 78351657.47536087 -2995.405657008543 1648.3349295980988 -1593.393475266752 89487722.39530903 826.6558374393004 55411282954.206604 0.1308402805701894 0.9954010158658155 0.7701487757075365 -2.3707848536025677 -3.583915604401467
0.0 19.92895799618384 1049198.4455413818 7455338.136550903 -21864138.136044025 3724.2205084808884 2755.9883930932483 -20.82987160257295 18772947.396887846 766.9289579961838 68489475764.6449 0.2810682749019774 0.9993305046750226 3.474674443224729 -1.9776654012715231 1.820244985256812
0.0 69.53363033000358 -8645588.441802979 6370618.14881897 -1472373.6445434093 2194.803317376509 2453.135034369683 -432.30287823788086 78494810.26957427 816.5336303300036 75330654779.32587 0.006839006109067361 0.9998730083325117 2.8254585820454317 1.1594274562115081 -4.141481561910518
0.0 27.782001537890892 -40650381.885253906 16239363.365951538 -19409790.203306198 3182.7201532885 3557.208582517964 225.25337767126263 39647299.45992096 774.7820015378909 50869029167.67175 0.17139107763845382 0.999969572077978 -0.18470263748268545 -4.069338292168725 4.8597423629952425
0.0 41.718350481273546 4643384.997406006 31081982.21142578 -76872791.8859272 3512.1997763521977 17009.841691464313 2519.1323476151483 93689169.20588806 788.7183504812735 10312121519.981232 0.5174189621872549 0.9987849444421042 4.39793253251305 -4.880870371686034 5.113244895010851
0.0 79.07226069291653 -37735709568.21915 28193494923.890564 5364751538.745935 3461.6572434933078 478.30130562066915 -108.63597063849444 100497534.88469855 826.0722606929165 102691359597.52194 0.0846412840396988 0.9995184562252031 -2.186681930556683 -3.9655555910119586 6.166866745910204
0.0 100.88963272105718 -12946847.440162659 75252166.79794312 47691163.15983009 -1531.7945523420894 5831.883578500954 -6875.423040906833 117004534.29213788 847.8896327210572 75887012580.83466 0.09519069418768211 0.9735780894775433 -1.9289294897556166 -1.8002505591341729 1.7021944814296084
0.0 26.800901146816273 -13420045.512298584 -10276959.803337097 -16036875.00212574 2682.830146093987 2532.7046543673314 -1843.609627088767 47138037.21428584 773.8009011468163 53853278534.95682 0.15178551631775902 0.9976930975455646 0.4303988957921234 -2.706046086711338 3.1029504524913643
