Label M_f Ep_x Ep_y Ep_z Ev_x Ev_y Ev_z t_t m_0 |Delta_a| |Delta_e| cos(Delta_i) Delta_Omega Delta_omega Delta_theta
0.0 42.86726121262768 -25975407.89315796 -17867829.9642334 -15538040.08945942 3721.8328030687844 2206.618978866718 -213.46530266072853 112156111.26807588 789.8672612126277 6587140943.83313 0.15437474117592787 0.9993337813345509 0.16718831354281383 -0.0812831383762096 -2.7406321038350896
0.0 83.36021149760427 -34061066.19506836 936704.0877075195 3692945.9429035187 4387.09220502087 -1468.0972103123713 1150.9403315013105 115407406.15248716 830.3602114976043 101324836482.11102 0.15505488514642385 0.9978531409368833 -0.29129143196537877 -1.2656294598441862 -1.5980355795157375
0.0 58.855938260574476 988996589.8359985 309579505.4192047 -285596432.6071656 3513.7707077450723 2239.5704197535015 637.5834942769984 45611112.25704734 805.8559382605745 67302566485.3779 0.06899548119776855 0.9995308876732264 -1.378322625095414 -1.276053004273507 3.1327992946445615
0.0 60.32163314894717 1043379.0759277344 -1651924.4096069336 -1383970.3320007324 3943.4530056851263 2392.2953431979004 47.76017987292606 52800762.57173979 807.3216331489472 68050023656.14011 0.03822345819258992 0.9997730713465391 0.05494886791533915 -2.7895962057517654 -1.936455968367532
0.0 34.53390504943479 -2713196.444503784 12196851.427886963 -8237223.573343277 9424.680877176941 8111.26674425435 448.9721545834109 35973543.90590302 781.5339050494348 27210039713.974335 0.4193022411646241 0.9999409771887177 -0.046466805292964264 -0.009406616353222486 -1.019423215447201
0.0 100.9435554986594 -9991824.836395264 -51598729.53601074 78146870.13509989 -2648.4343592445134 1039.8575087860227 -140.6571157307901 101828463.53349386 847.9435554986594 38479766298.52554 0.11960368826547274 0.9994095518004504 1.0390854113037886 -0.5054399078541412 -2.412432238916619
0.0 26.528253070235564 23445941302.757965 8020443518.32782 -3839387559.5318723 1090.5439719168644 -176.43875061594008 -218.82617773234824 20980000.89858248 773.5282530702356 55637275002.15721 0.21919991750135076 0.9994018247478821 1.0712910369989186 -1.8611492437953538 5.160473359073208
0.0 62.806699016367475 -8402305177.244385 1915366048.1731033 767878438.7543175 7511.844747315864 -1807.189638900054 -449.19325603884243 60391228.957267046 809.8066990163675 43419891864.802155 0.22841202508335523 0.9997066015599954 3.2153556111349526 -3.660770520602185 -0.4188409625338627
0.0 56.257294479264374 4584158.130630493 -4614729.610733032 -15869042.340806961 2325.6553604674373 1382.6412599464275 -1062.517374359908 50911486.077378884 803.2572944792644 68211005983.67349 0.061645228243490474 0.9984347959148628 0.42824718373754816 -2.6589470120092797 4.40127728566219
0.0 87.94856090399446 20356966.988121033 -71683971.52578735 -31897435.325357437 2134.630379261056 4888.113240093355 3879.0913538645623 112639236.43639548 834.9485609039945 96773163739.27704 0.04159486887923301 0.992525052329702 0.01895007568912943 3.9793785966280133 -4.116669494651982
0.0 28.498411488843885 1786031.412536621 -3173387.576095581 10915268.252292633 6145.130497244154 7359.532907525281 -874.2658720814384 48548315.01482608 775.4984114888439 50209551495.604095 0.31175413783066336 0.9999820589032603 0.23226503141931598 -4.979971751697616 -0.7639420793532667
0.0 167.6464552683086 -46110317.32614136 -11424421.437347412 -25201978.87526989 915.7962224906114 10903.569406243689 768.9226184864641 97242242.89837705 914.6464552683086 34723235948.236206 0.31344172275125576 0.9996462656971911 -0.9450186387237737 -2.182776241338452 -4.613539805000162
0.0 71.25948604107452 -2600553.6217041016 -3511122.3385162354 66115997.92638636 -5752.3007609180695 -2379.282404990805 -1961.5113668867152 94188637.43122277 818.2594860410745 42332850012.41046 0.21589232222675656 0.9938925824509097 2.8361776729865964 3.903597999697627 2.4074978676848313
0.0 54.063031870671466 19175879.244232178 -13162352.460266113 1000256.4097259045 3923.188198068048 3510.655469892161 642.2627243819593 55685563.28201839 801.0630318706715 50616320764.1821 0.006158521524978117 0.9999293721106683 -1.404641412010166 -0.10055447110236615 -3.504130254219479
0.0 34.48679768071395 10819333988.713646 9948607681.046082 -1073759465.6853418 8011.232120824538 868.498002229855 -1449.569205672623 27152021.88743093 781.486797680714 33470578181.673126 0.3387926531025044 0.9992353747418931 -2.282767209660245 -3.7309354287709384 5.542304502919707
0.0 110.82355803091252 -6713810.555839539 1735507.4387054443 -3928011.9232000113 2879.4853099907414 3430.3141891404057 665.3388638295199 107622136.83255558 857.8235580309125 109751784322.2088 0.06523415141491452 0.9998764466537262 -3.4869321049184263 -0.13057914871862758 -3.643086224913422
0.0 95.05425346532536 -35339029.719955444 -29334380.060317993 158497013.80508947 1256.3439588125584 5611.58498275009 -928.4179386763456 93562179.8893308 842.0542534653254 110310175194.7644 0.07636559261137363 0.9998456727552703 2.719702443423498 5.300559884998345 -4.595528363760283
0.0 24.863102963272922 5562896.897071838 -1473225.4473571777 9862203.18634677 2683.2024331779394 -851.1580867382677 28.329697358115254 24289039.59303571 771.8631029632729 45593670359.426544 0.1734071810648993 0.9999990634231889 -0.7539166130880142 -5.288606966325765 5.080266607912342
0.0 110.8117482909297 6064470.11365509 578084.827255249 3187636.564663172 3885.1421480199824 4660.380792421772 -729.1251476578044 83763547.02123688 857.8117482909297 91623135076.099 0.05577745405268193 0.9998472206310678 -0.30598190858195096 -3.756229056570148 -0.2654841623424793
0.0 114.04803540679814 -33279723.619491577 -35542674.098091125 53279783.0198195 2994.0548526544226 -3069.561994321346 -1506.071640575598 122649226.36982094 861.0480354067981 153627564138.1796 0.18795356314936565 0.9993940260799932 -0.6779577257198907 2.300074421997319 -3.2532479766679736
0.0 19.948744396130564 34071962.85131836 6847742.266845703 660211.714255333 1657.383078642113 6385.556637376401 -216.96542571964278 24845472.934035506 766.9487443961306 94451680046.59097 0.29842312778299485 0.9995604511457091 0.9973987561529877 -4.189309474253973 1.2685720211827654
0.0 40.35315501108403 54329127.76287842 -1473514.3695220947 -130441300.06224537 -268.60975304542444 1961.9727789673889 -9662.192354053113 46875295.72739254 787.353155011084 52359256449.07803 0.15086752879385273 0.9587683161899936 1.147060997808866 -2.5435544977187594 2.6403351098976984
0.0 48.695164966486345 -11293152.478538513 -9190730.841247559 3677706.3023252487 4264.217643094304 4904.146563933455 -1146.4148898724327 71593813.07239783 795.6951649664863 64907457616.97601 0.17430004579841007 0.9986362671973701 0.05806428430738661 -1.6923427744634325 -4.928943756343987
0.0 91.2831704694205 81207108.0803833 87951291.86785889 -163035512.7573011 6027.589957964321 4916.728527672238 851.8497672571369 112378697.1590744 838.2831704694205 18753749115.808838 0.23568001356525414 0.9983005734746154 0.497470109903807 0.35716630549205775 3.0823816519113127
0.0 0.14480114102445896 -187048436863.58112 22172884784.563873 4465931537.661924 -10095.786748787446 -43494.74565245788 290.1763929986004 38120049.3843366 747.1448011410245 44081746170.506546 0.08214940742694692 0.999481165656066 -2.27715329469705 -0.7744939803860742 5.970721195503202
1.0 75.48503560184201 -6340246.629768372 -6541474.683105469 -4277984.014638662 627.933963026062 -1319.1481928143191 975.7196959958162 110025919.12954654 822.485035601842 48296898648.74835 0.03881506540544451 0.9998309413810569 1.3953597400984468 -1.6396833126764097 2.577278709185957
0.0 23.28808488756158 1449113414.1133728 4933404071.811325 3191449889.71646 6842.287915927085 1883.6458204363698 -479.8094915194073 22996215.78934912 770.2880848875616 24217283584.97165 0.28646051104599446 0.999428623465228 -0.2618182412421435 -5.35253246895204 2.862305672030706
0.0 49.04594542580901 914923.6007995605 203505.77029418945 3760948.0725347996 3650.9474478932443 4475.258313501032 1275.6667654429602 39796772.54598038 796.045945425809 51770365419.28674 0.20154392159357667 0.9991598070282599 3.2617116033752027 -1.8071590190205802 -2.147040555054637
0.0 81.86362832665384 -61516407.247406006 31762146.91782379 57132469.85514963 955.7601117932148 -2359.125989874665 3530.9324889236254 119494596.48468554 828.8636283266538 88691564203.74194 0.06944687308032771 0.9886018806985873 0.27162011102565176 3.209800253550873 0.08903134392714246
0.0 89.00951694632818 -24617978.191864014 266769.34506225586 572711.3820996284 3113.619156431634 -1115.8500555464962 -4082.1246722421492 113403828.34026174 836.0095169463282 105904945748.62262 0.008710057340726038 0.9933399410657088 2.180999725464518 0.07464583830566562 -0.3217217216100634
0.0 68.3602263491241 4032699.800720215 -15568252.742630005 -20672100.01193595 3208.7821800788442 2055.9352664917205 -312.27238536196217 62543257.00325341 815.3602263491241 63078697396.18173 0.17685673271737726 0.9990368289746656 1.4945786315988157 1.067189889543284 -4.978202112119514
0.0 78.56670708759168 -25598195.030181885 47573450.79962158 35075314.80922699 1174.378331347827 6735.40373833561 1785.0358530949336 120920595.67787594 825.5667070875917 43722193360.76538 0.25378788335353514 0.9999974885669006 5.4879030834754445 -1.1766584764178984 -1.3887369713394804
0.0 92.72065152421578 -5775760.534576416 -5272133.908111572 -17387461.51784897 -2206.8755621008713 1497.8040529279679 -2270.7735615777056 88955461.62818372 839.7206515242158 31854700928.716034 0.05483192923940808 0.9903334740384304 1.1843143653917085 -0.24184262143208518 3.17310782715358
0.0 38.846824333795325 40941992588.397736 18549641092.148026 -3198907453.143477 -1331.129499921819 -3383.6947562587993 590.4326339758535 30373856.842299096 785.8468243337953 78553349213.23932 0.02184474127867926 0.9994729640742552 4.0171878863791495 -3.3548391449904846 4.753377906972278
0.0 62.7405012751467 13725557.580173492 -5220100.51701355 287373.33679032326 970.6621694880887 -6790.84238541918 -1070.669181209027 86432361.68669723 809.7405012751467 21607310287.681015 0.22445643338955246 0.998803245372084 0.4280758876502918 5.9396928135732585 0.019317594124429238
0.0 68.05363995399648 1029555.4541473389 5010930.292938232 2146978.8338594437 2191.725829822779 2192.4426545594397 -4187.69106436726 62271317.551263675 815.0536399539965 66363411487.56821 0.1505451904422318 0.9809775586946744 0.7582786660004266 3.015118384769633 0.292514309604611
0.0 103.72950140149874 -8930882.858474731 21865143.434783936 -3671610.057964325 1624.048593729356 2348.976614067089 584.6291422144391 86725557.08699454 850.7295014014987 72002071347.936 0.03441581170807003 0.9998150870572465 4.440031723433769 -0.011716292309178922 1.2326189336673163
0.0 78.68628844644832 -42376591.81588745 21010483.40472412 -46329866.96128416 1224.9572605298545 -2754.155574108143 -1341.5936394100097 93511003.4296632 825.6862884464483 91043388295.32495 0.19578310407560276 0.9996036665873711 -2.122392037974911 -2.3106814704489103 -1.8680586951590246
0.0 46.57663648237974 -27620644.661333084 -29373180.104125977 59149661.09829903 -33.32682871799989 7654.637260182674 -6848.861422688164 63297075.17588228 793.5766364823797 37900691205.615906 0.2373058699316838 0.9971944059160515 -4.134792286152069 2.922520195298473 -3.0118244127828753
0.0 26.040494920934293 13791762.148406982 -16021320.099243164 -16103342.46784854 272.8340812878123 -4635.4751556310475 2638.359827808506 28715406.852391362 773.0404949209343 31582009535.047577 0.1752179279844282 0.9971339746932979 2.9890299576460952 3.792387099587755 -0.2713640619743689
0.0 54.06945725299806 -6014327.710693359 9384233.725578308 -6822160.239595413 1283.0908042890242 1775.908744788052 712.781102866167 53876741.46500969 801.0694572529981 62317839702.524445 0.1443574940029062 0.9994820581554604 3.1042602547609803 1.636521360666317 3.5873770524899027
0.0 46.69824791282497 -76204447.7371521 -14572634.649841309 43818304.140535355 -4192.584905011037 16638.977919179433 2930.805153743179 96371054.56265196 793.698247912825 4528354866.76651 0.5495188226586999 0.9998803024093151 1.6451355128578102 -1.9282812176724917 -1.660829068802867
0.0 112.83955219788777 -58374174.39373779 10640954.783447266 -47156149.82783556 -1129.793375057292 3019.229392219606 1944.2960855988274 106787087.59820622 859.8395521978878 79571597384.66103 0.03813315307037818 0.9999644906207102 2.2476329962515145 -1.2098501951512426 0.2280979302064381
0.0 36.250248644440376 -22366923.34944153 -4661167.5184021 46200149.43622829 -1735.6977008566573 2546.436906228726 745.1512047370862 83711309.25252396 783.2502486444404 57757702856.86951 0.22441546227023068 0.9997582420803872 -1.5152001098642711 0.36871464141060567 -4.928566355280097
0.0 75.22311844799276 7948818.503875732 -8665502.33378601 38585985.8277421 14820.636377391178 -3339.1830924851492 -515.182370124118 109145863.8320537 822.2231184479928 6808841319.550201 0.46770036203125204 0.9999828681590506 2.9951306938786653 -4.336358002241972 4.692876955429769
0.0 63.307925183749944 11553.597358703613 28682273.709716797 -36411475.12885666 -854.9389268823288 5395.475274836607 6994.06454448645 64827511.89643616 810.30792518375 47153429985.52234 0.1063234174765521 0.9658343848136515 2.5422981824944157 -4.182821939568358 -1.994081709595997
0.0 82.2373534361326 42753771.03783417 6533047.301849365 8427094.83682704 6961.542267576242 977.1280311327282 -861.5490567885238 91068845.93829952 829.2373534361326 113923113571.36456 0.007818865871830949 0.9994114591702052 -1.5718562587448592 -1.7226627723941905 1.0060330772613464
0.0 29.29786796924543 34384783.45336914 -9123185.06956482 -60294047.23161745 6731.099563004049 -2587.2429627775164 -1138.3953230015352 114546406.4442209 776.2978679692454 19467422690.611847 0.12378517926920156 0.9990738994556995 -0.8633925199025214 -3.6018443812070147 -3.1675719509553897
0.0 54.05664935051516 14249839.473510742 -11016848.692581177 22050069.524698496 3942.7430574498467 1831.042203484616 313.9441800789523 45525167.68473035 801.0566493505152 49664416150.35214 0.23512275149740447 0.9996712576862323 -0.009882662165742573 -4.037894527775569 -0.39064413611704607
0.0 74.78935236733219 1663611.9960021973 51950800.15161133 27214370.777360916 2201.3045739477566 2314.1669683511554 -2917.4070383501794 108116522.95793477 821.7893523673322 77213488724.10657 0.1263090486873228 0.9980951088823823 1.173615039745334 6.034295666980464 0.09262660514274695
0.0 93.0302727878917 91534574.8223877 -53405150.04194641 108329269.91084933 -11667.64882667676 2559.8819400616303 -760.5500965121698 95200553.58215643 840.0302727878917 2234940703.2421265 0.3811712804493947 0.9975505675756908 3.2932154288616973 -2.8117103604024773 2.823013056599074
0.0 22.744027831254016 -9072753.482543945 -1808914.3599090576 11677055.399310112 4358.026664272096 3237.723675174824 -8876.301996723174 57014371.42720627 769.744027831254 45633668461.61551 0.10439638378100721 0.9679976400813072 -4.620909419099735 2.7353910489438946 -2.683712213319429
0.0 49.47897405280514 -29707389049.07071 30589800100.74344 6249087078.893253 2940.506733784281 5560.320962777505 124.34995694515128 96393396.61644834 796.4789740528051 36307524281.8627 0.08005628963622337 0.9995771116982374 1.1173206259911561 -4.6779209107625395 2.8756013680065835
0.0 63.68708288816481 17115909.381103516 -593416.8810501099 -24750791.97564578 2607.160715772104 1792.6660482197622 485.49062416159063 103343347.97692938 810.6870828881648 56855075607.69928 0.007085803933809781 0.9996143866519545 0.6112112492593357 -4.589104454247681 0.9348824604304219
0.0 77.53830385131266 13036237.031082153 -25672043.584091187 -1769178.0213623047 -6414.689714365373 5748.533061495515 -4376.57984145259 110701493.4619416 824.5383038513127 22770423542.72107 0.2757425403408571 0.9914348168427669 -0.13181756139496037 4.429884486927416 -4.4814162615127024
0.0 103.50516964555675 2202380.422027588 7289626.362915039 -34689903.37159228 -242.60226208062159 1639.6059554479345 677.9692238879234 111809881.96156204 850.5051696455567 72732944236.68417 0.07706723636150238 0.9995195195433357 -1.0190731068341008 1.8442867520091646 2.5558518735172684
0.0 44.696913436244586 -9120047.73449707 -3982383.784790039 4178570.5413269997 -5230.674642100679 11297.0690909895 820.7261587225421 47738119.75440184 791.6969134362446 29812147697.391693 0.36003452127670243 0.9992632482074572 -0.46945490366819 2.267470927061189 -2.3247821454147517
0.0 67.02898247719202 2851423.081970215 23008191.792266846 -14002451.635177135 2210.995898247358 3991.3527679921954 549.9372007369225 108629771.33387582 814.028982477192 38171479541.00296 0.13700820869059605 0.9992173075362034 -0.46165551483051703 -4.951003015188812 2.3759966531253434
0.0 10.77275389027227 -14282583.242706299 -9691557.72958374 -9133825.101547241 1365.0041897659648 5983.415294556615 -1828.0826767234223 48854528.94102899 757.7727538902723 44321612195.55133 0.1755571710335711 0.999698461595859 -5.643913623301965 2.6049247355472356 -2.4387245700719613
0.0 84.11918191776965 -20547920418.4494 -17610276257.05069 590285009.279915 3235.3175526441446 2641.3718970765694 -1026.0177272283186 107252156.52120447 831.1191819177697 112018218947.3498 0.009865402505264187 0.9995505774990997 -2.0851926809957666 0.8937179476002921 -4.484908148707921
0.0 78.64308211571154 -3048254.2514801025 3204402.115386963 4634136.221417427 -2356.6620856420705 -4133.532703490102 -4713.589668927746 82907720.56335853 825.6430821157115 308862599.86968994 0.025644590555945174 0.9807792419326281 2.256263665864675 0.31065299692897863 2.9757672001812003
0.0 63.104513684329504 -4758649.370361328 -26843227.05078125 -92829658.5492239 -2235.4957878219866 2063.9561072615334 3338.109801160728 72990462.21160135 810.1045136843295 37952873745.21527 0.21388368947453565 0.9961876996950948 3.831487455876113 2.0229992031251283 -1.7275577261637358
0.0 44.428185595571335 23670448.204864502 -9470117.589805603 30510854.34742689 3167.877919070079 1703.8969723697664 701.4971164662244 43513683.57273685 791.4281855955713 60771029087.60544 0.08369610890229412 0.9998926231804844 -0.9768842185358687 -2.754335689005521 4.51738056395539
0.0 67.589519251458 11567406.210037231 15187475.24986267 4433564.109854937 616.03752167942 3438.4380702329636 -892.7921905471765 65808289.47711993 814.589519251458 70209466484.36041 0.09922392687252991 0.9997848413040127 0.06866450589599715 -2.3730249657696327 -5.614575644518556
0.0 45.37449657942943 29288390.35522461 234487012.81469727 32826752.907981813 1201.0910391192265 4173.728812368861 698.5245776098931 41125926.52609356 792.3744965794294 55825373168.878235 0.032434842366120695 0.9996992079712236 0.1665211438416363 -3.87353750979066 -3.440812810529221
0.0 30.70451985259365 49758293.73123169 29779701.46823883 14305570.905489206 1673.5359700748104 1964.1068967641477 -3780.4397923830466 63404742.32978877 777.7045198525936 52270382056.367645 0.15434061570359678 0.9999080640970646 2.9544253252288515 2.5248924801731563 -2.1534621257143893
0.0 83.48938621663547 -24822005.429595947 -4255148.699295044 24192119.26248294 -2190.6534540198554 8130.464851693283 -779.0451641709628 109869398.52500355 830.4893862166355 43696110017.83099 0.3266590425897929 0.9996257464512002 2.0776371485705982 -1.6132612895127207 1.0412016155282378
0.0 92.43566675009117 -32842840.290985107 2541694.0112457275 14328420.8083148 3217.043449736575 1577.0478419531137 2125.426981314482 123146559.18178348 839.4356667500912 89108601865.74567 0.09603223687535406 0.9999890788542728 -1.3712462542718589 -1.479971196038233 -0.6488207052330227
0.0 64.27696799410603 10563834.623443604 58636444.808021545 -13562383.083062172 827.8536523506914 2107.2630257944184 576.0464231012359 74101446.22588465 811.276967994106 70386413678.35806 0.07478697525933041 0.9993484731073125 -2.2263273156256225 -0.7279275412266664 -4.5146536858658
0.0 78.01473356355598 -28558621.482513428 10070587.716041565 -53663633.373215675 2684.745941119856 -1964.271398201272 464.01274247742856 102875513.20020759 825.014733563556 104308317186.15646 0.06836835107344276 0.999300801071065 3.076279439599081 5.131475347980364 -1.1678876147577755
0.0 67.41561339076827 3019502.0216064453 -9780467.262390137 -28172402.432564616 -4759.44863207388 5946.102117372044 -268.75574716964695 58095131.54064585 814.4156133907683 43249705198.65341 0.18258187116591817 0.9997541600143166 2.0425894430719316 1.051025820722411 -2.3366441405398897
0.0 77.73671045091339 25262919.265167236 -10070338.945251465 36569036.48910427 973.6240057623171 1774.8573305332393 8.090112169568044 110989351.1548506 824.7367104509134 76350329789.12024 0.03692352442679219 0.9999991922690822 -0.8520405053558069 -2.621242657544713 1.872170649644611
0.0 64.52930087357015 -39882446.18471527 21841214.14971924 -48485805.05206573 4975.851393574114 1471.8704217577842 -946.4567050014247 50434349.658748426 811.5293008735702 87830576296.34035 0.0698884689392876 0.9995038266369908 -0.4724873567748209 -1.8471066473390398 -0.5340576613874815
0.0 31.180352890655627 12944236.286895752 92016084.8004303 57894325.046179414 -7669.035341495019 9649.822657034194 327.84956712544914 98938373.96518219 778.1803528906556 14958663203.935883 0.39818486734188474 0.9998834575910253 -1.4797842342319045 1.1464674404749489 -1.6114312559980235
0.0 22.536704561344095 -2095233.9348526 -7943314.49571228 -46061175.123640895 3780.8052795481344 -12084.395364932627 1138.634797226272 33582629.812595434 769.5367045613441 17954619769.911133 0.28019576979523997 0.9994470446251998 3.695147189519924 4.394392023070026 -0.2990501811152475
0.0 25.88899472448236 2005961.8573608398 88718.08666992188 -21744470.98719573 3210.961664012637 1981.0274811222355 2693.380666067997 35648294.16332424 772.8889947244824 46957334787.30417 0.18844583263868966 0.9966322037620631 0.33749384580592245 3.164877096890755 2.9870897991932006
0.0 58.185590236064854 3862305.595237732 11786184.404785156 1965057.7874832153 -159.58190479261975 5037.875526960603 -5948.830691582431 62421338.996353865 805.1855902360649 44480927778.06232 0.06181593449844287 0.9702300906690609 -0.7510847811250081 4.75350861492874 -1.709277989537575
0.0 42.40502689328173 17590568.6116333 -11377772.750579834 8451040.539856434 149.6612789871906 9613.267300003707 603.7158580798504 38621030.81622082 789.4050268932817 27235849123.956757 0.27446559877746596 0.9998068863158994 4.047982852104511 -2.8130199656121473 -2.7851279654055703
0.0 27.237718873926724 63965373830.56899 43458973711.44948 -4873397284.948534 -4808.447815124713 11083.272686393917 -184.21392112441924 21522880.18176543 774.2377188739267 38320304500.52582 0.2623294597480112 0.9993207832634471 1.3674121647806279 -1.7479548155681628 4.926654969406581
0.0 23.322733710765988 -2952689.352920532 32710814.381088257 29393487.306520283 11378.063997287336 8026.271249403562 750.7374886165926 22621314.626568094 770.322733710766 3523680741.7489624 0.48618801914060533 0.9997644836822976 -1.396024355830589 1.3376644341086716 -3.0818402340083595
0.0 13.974544391595145 -58501268917.870895 -144560272.7228546 5577711908.7777405 10184.436194956816 -4886.430676867829 -168.99476709974834 54998297.47786724 760.9745443915951 52182996224.257355 0.09830014757639581 0.9995168445389924 4.0068066613280555 -4.591036973145665 5.6412361260037915
0.0 28.066348428343076 8647849.103164673 14900677.428009033 -19646376.765358925 1317.7885973328375 6943.861301807801 -327.17255049529376 49392115.90963583 775.0663484283431 41667483251.48389 0.09207912986822943 0.9998131339344286 5.954423445930301 -2.8961504845716366 -2.9128806145077792
0.0 36.500158770329335 14155616.084197998 9722657.495185852 17723258.378110886 9865.13132408984 5025.323191294945 1895.3795235193802 29939892.564530995 783.5001587703293 17331967310.63611 0.36783688067985243 0.9999998142845669 4.024258434714627 -3.2371838909094133 -2.6068688393229364
0.0 53.54280648963788 -168952.85289764404 -1105051.4118041992 -9519474.882627845 2276.233159889569 1658.742757495877 -689.3258155245526 42340547.35040118 800.5428064896379 61264297736.73291 0.09934688761696792 0.9998875708830388 3.6079999041781647 -0.2919335306951256 4.184480325564438
0.0 48.94516574919885 4003888.83052063 10394641.11567688 -67787217.42046738 -4981.864579490233 6709.3276830532595 3686.155394189872 119460208.46517932 795.9451657491988 25123314050.264862 0.28060984362484576 0.9985852023877578 1.2920690344794126 -2.612000607886532 -3.5257826085667627
0.0 58.86205834912914 2215030.8572387695 2047961.8775939941 20111145.734865665 -1430.666650611941 1828.9310556642085 305.6003617929267 57615071.87929998 805.8620583491291 61216145633.91144 0.11557004408540997 0.9995596624479004 0.05265514429685347 -0.7129676182047294 3.3486540460697594
0.0 48.79046882922819 25597187.619613647 -28119164.350372314 -35030137.144844055 -2110.6129358304206 4144.267838134741 289.41787533678627 56333726.69649587 795.7904688292282 39762762319.43402 0.04827470744830252 0.9999856239473572 0.1299326085710636 2.449023114732251 -1.9395051105685779
0.0 36.20783574420409 49018828863.415955 16399927262.11562 -3703034026.759726 -2869.7080184987267 -4029.1714458730785 552.738492052636 28490644.070104685 783.2078357442041 82814377889.57361 0.006558753149602775 0.9994865817432526 -2.283420224959972 -3.263546835517122 4.472533190256614
0.0 14.587166594175187 4555117.851409912 25046621.163391113 16218533.623205185 5348.6169514029825 9901.51465840333 555.5367825657462 25125234.657549415 761.5871665941752 13813331645.718323 0.4254497588630822 0.9992185293687537 -0.5580660095168626 -5.770814713724442 -3.176042784729545
0.0 38.94559080791521 11247031.120285034 -62924623.40072632 101874591.24174118 1209.6812017700831 3060.8158994147507 -9994.752512963534 47328221.98115153 785.9455908079152 56432927997.59512 0.13387112706259338 0.9484271779659387 -1.1843156053977675 -1.2329480910739092 4.445785168398153
0.0 63.94000860731114 75016820.3392334 43044565.91723633 -43191326.2308864 5759.534419692336 6450.819805987967 399.4361711683199 88998982.2678219 810.9400086073111 239938115.53167725 0.010563322452111251 0.9999718642354183 -2.0337246555928545 -2.1186152343448326 2.9562272096644695
0.0 19.70733372764323 34089602.460235596 -14610187.919425964 -11310061.00175047 9059.790532785762 -3579.4651544662156 129.83394986038545 34498069.35620009 766.7073337276432 33769618291.182617 0.32019596566653613 0.9999679227436339 1.8454474956191667 3.4768246291899634 1.5679515607689385
0.0 60.44277398211432 12458238.695648193 17349423.57623291 41915644.26598251 13744.489743895076 -8580.008605304498 -296.7580511712285 71867634.07693064 807.4427739821143 3293834724.8240967 0.4726924442177495 0.9998705685548174 2.6633560863482817 5.932021099559702 0.016758119711767883
0.0 67.62243471286149 -9532180.604522705 28148904.68119812 -35671658.51728773 190.08443212285056 676.4932218441354 -515.2887914368932 99423668.54152203 814.6224347128615 49281395109.87372 0.005283794180454639 0.9997855605927336 1.4180778383502963 -2.3499957414846957 -2.4183875631900675
0.0 64.34703892606694 1073633.6145324707 -2342549.2566070557 23374048.014298916 476.51030924071165 -2665.214073558109 -4.648684822243581 86951398.41981746 811.347038926067 84531774555.10931 0.15751314615606116 0.9994796032515656 -0.5239539000226977 -4.7049787360443895 -2.115836660635888
0.0 66.72872761543329 -8552480.70828247 -26146080.35270691 76905679.9805702 -519.8140027306563 -913.411746968548 696.377342394053 85854753.71476097 813.7287276154333 51720538035.75644 0.03967494423095899 0.9995596703087221 0.9111758622852085 -0.8339717236254245 -0.5637406456891987
0.0 89.26178166836826 -7255817.069595337 28232951.493255615 -12389853.472387314 -364.0199355343357 763.4913371674957 863.6771497415332 75613639.85747503 836.2617816683683 51749219250.99335 0.02401016247575307 0.9976344331632402 0.691161759315597 -1.0705752408358664 -1.6007586518552683
0.0 104.60345605046484 30348565.258621216 5404201.686126709 692564.4440975189 -3646.222650362386 2112.8335070078865 -6482.7223898320735 78961499.72419973 851.6034560504648 28079705609.838165 0.14479949096000705 0.9519083687867702 2.4030835220949043 0.14962181503462357 2.988000048745744
0.0 13.856343848589745 103398978414.60706 30323161856.93155 -5733284101.923369 -13530.961607548488 8482.73065479009 69.48431173897669 18378918.726911295 760.8563438485897 65023037410.25337 0.08529887866032755 0.9993787697429928 -2.2789230376491663 -4.887616078358873 4.961838844894446
0.0 27.232694974769743 13753479579.511597 3590663145.144806 -1752339159.4450576 5067.213797897056 566.5909064935186 575.2318700079958 21585838.237178963 774.2326949747697 52010742236.95987 0.20478300235408467 0.9996161078777801 -0.6193409522407227 -2.933958458811124 0.6252381512314795
0.0 124.9222803215248 37539768.18824768 72326824.23144531 -68186338.84427786 1141.735347945858 3219.03264070998 1203.0678482756916 105106498.56854963 871.9222803215248 76118547881.34814 0.07812703516631014 0.9994334127544178 -0.8290983568941653 -1.4970705150370023 -1.5181526147248934
0.0 49.02131936442629 17307586453.87938 20233069688.882202 -1079782031.8474798 2499.07847133621 88.59703678850929 842.3999445814558 38328658.57655916 796.0213193644263 73647921151.84335 0.10468638897654327 0.9994839846255006 -2.055405426362889 -2.9578890205929613 4.835006461530502
0.0 13.896627945229966 -10326293.5362854 39041555.16680908 22963801.883655548 2407.6125651635775 4823.9440948038655 -5440.682181618771 38978619.75004132 760.89662794523 53959254282.48523 0.18947400501108302 0.9881458915659582 3.3413223757213864 -4.950936347983807 1.9503700986919053
0.0 85.51452801470202 43255700.19111633 20121584.135025024 73202906.23246193 -747.5584963852743 4436.261261383803 -436.0931208499038 78588786.97431467 832.514528014702 62888388724.41614 0.11042832499826903 0.9996284705895601 2.9221262804721633 -0.9411901497707078 -2.1012426200506895
0.0 71.82782222582784 13997612.546669006 -47616788.62164307 14357280.370234013 2532.065019203994 5140.808324768317 -3757.9434778452896 65759275.119673796 818.8278222258278 57439191308.63379 0.18804964602985397 0.9978933421332549 2.667773198051793 -3.48999708512813 -0.5790628123647408
0.0 87.5598342360704 70456974.13381195 -6524039.850921631 -4662956.751124382 754.5404651907993 -39.56824103090912 788.1662067461717 85732617.80331989 834.5598342360704 47961141987.81369 0.07430213149015105 0.9993479293240345 -0.13965770131563482 -0.2260085565562555 -0.437600236570916
0.0 26.45423631970391 16073625.048416138 20187410.3336792 -57752757.61371851 7698.706154271136 4502.069799877374 809.8069335878887 22178889.27050827 773.4542363197039 24332740396.871643 0.3686852376438906 0.9998388178339804 0.9652922008565769 -1.6126103686377498 -2.755127900015323
0.0 55.107477472357004 -27221847.02330017 -17707032.34613037 -1059174.5137004852 7579.050165462491 -6884.352021125893 -2550.5504536696762 56064307.44363684 802.107477472357 20995608223.514557 0.3342412294130616 0.9971122707862656 -4.5897167397468515 -2.2271523583629254 -1.04755625341778
0.0 31.324024866682635 -35911480.71663666 12690607.545349121 1832037.555015564 2506.4668908038875 6713.651385816935 929.138131137607 25388247.36918752 778.3240248666826 104936187152.10974 0.34416051930332103 0.998785611234297 -4.802051398856451 2.0354769603187917 1.0432745112653163
0.0 50.14863302055949 -6690719.067375183 -114964808.8692627 220320306.03158188 5756.420972286451 3618.273185755809 -1008.5928802847122 69021555.21442041 797.1486330205595 64293099799.68927 0.12168617187871877 0.9991660760230808 0.19297186990732235 -2.0476306628056715 -4.86568418744967
0.0 69.63920645400083 -35801309.25389099 54565471.421447754 -28384969.802611113 -1744.3087733380598 3027.8504781732227 503.29285520213557 69153041.72268143 816.6392064540008 40304899260.977325 0.09911032385349348 0.999604809987972 3.8869421380963285 -1.4545107532131176 -0.15159405090356765
0.0 43.335530303516066 -16050030.817260742 -4504286.164199829 20328859.61166954 2493.018327099846 5110.79465413521 8286.337466463498 66455973.98155019 790.3355303035161 54495258287.74835 0.1781355498213594 0.9788100534639946 3.61814951214075 0.9876200359031974 -0.9535528794870536
0.0 130.23900196412683 -3034110275.4133377 -16459530777.393204 -725811166.0372357 3189.8846978371694 5327.0899815785 -869.1171352491056 97232454.98905908 877.2390019641268 99153561718.30228 0.12015702348821813 0.9995364761817302 3.8903679382093634 -0.619796655156776 0.8938764887255402
0.0 33.166400593341336 33139066.110473633 8953433.832458496 21104265.33437872 6213.411081395439 5404.675496549789 -1282.5947325285033 62250681.92827385 780.1664005933413 45207710034.668396 0.29624890006602733 0.998919249678378 -0.8076076532559414 -0.504452658202027 -0.19852793825812265
0.0 53.37464246672607 59653753.58404541 71785448.75108337 -51648678.303712845 -1980.8288835457097 1455.096045303504 -4009.814125500779 94454332.35670993 800.3746424667261 39342229374.966675 0.004519181118481791 0.9904601771962241 1.7485470628130397 -3.0960170075059295 -2.972590033045497
0.0 51.4610083123016 12841021.939483643 -26245694.015701294 -40944948.52540398 3396.5119732718485 -7.519131444885716 -11570.685092467977 47135250.52039224 798.4610083123016 44096803830.13669 0.184269270271126 0.9429286191098898 4.305606850697988 -6.183310369127495 -3.23073015484003
0.0 112.6336554367831 23000459.06363678 -47550480.78619385 -103327311.51207161 6997.434569730056 4851.848163233259 5.17972451190883 90457679.85765196 859.6336554367831 94219606273.55255 0.21334673426136735 0.9992037028810851 2.9105618078483695 -0.11282703109601933 0.7980152002259526
0.0 33.451328190250365 -37311301.125579834 -12314562.18939209 -57959188.45524764 1473.302917552428 1863.3818150613042 620.4819714915377 29772870.525298007 780.4513281902504 39839353806.12329 0.06569398858199645 0.9997352120344664 -0.31752245552221825 0.9176813872379661 3.712236020942294
0.0 57.82268114114163 10736012.05633545 -2149443.567642212 2368338.740758896 1356.9872819302027 2214.6928711043583 527.9762294161994 50845290.88100104 804.8226811411416 64624625193.46881 0.162994966146813 0.9995379483995788 -0.5933259844992379 -1.7003904214772196 3.705432747834581
0.0 0.1560708947662306 -213851383093.26532 155283166402.08823 3998586874.356958 -34269.19515809011 -32646.582419792547 -636.3721086931242 55884036.61212508 747.1560708947662 40093504349.09198 0.16961423655512414 0.9993632020846662 -2.445338142308634 3.9098446104583657 -1.7207886358987674
0.0 4.617587793074904 -7894146.352233887 -5056508.568984985 -9656045.97713089 1254.7742254011628 3611.102284255081 221.60347875735846 18956380.02493427 751.6175877930749 70243980371.3092 0.2144134061485095 0.9999985792200793 0.26755667797485705 1.0557024639341024 1.941137486753826
0.0 51.02274039184624 32522689.98464966 -15783098.03590393 9701500.434101105 746.495657031237 1825.0880302312617 -489.5695108197952 50274328.1267859 798.0227403918462 48128041595.30466 0.1383448461895076 0.9999017379531011 3.7153203366251972 -3.7694851824711084 -4.450119368961935
0.0 55.42850792241495 10696253.378219604 651110.2506408691 -19605158.78687212 -7228.432083457505 -3396.004608620151 825.0648423530123 48465063.5404253 802.428507922415 33042480238.266296 0.13370088515853598 0.9996030723751851 -0.13814199490872425 -1.2794530607291965 -0.12819968671618565
0.0 54.54055654731485 8316560.5289001465 -55551642.47503662 16864133.89610052 6711.383538122489 5590.171933728963 -2259.7389949096096 70523772.75110154 801.5405565473148 52185734700.35681 0.32212692645677954 0.9976441898531865 -2.7095700077654006 -3.3918756668062167 -0.18077601227705697
0.0 66.28085408618222 14022149.289413452 18699389.91140747 31336252.786108017 1720.779866664423 -1704.662868043206 -656.7821128012259 110956346.96409589 813.2808540861822 56297721450.08624 0.10026264247964377 0.9984054097490836 2.6890268227598417 -0.11724632447574557 2.7040140639228545
0.0 38.5934669072675 49447289.37768555 25206040.48865509 25930649.585919857 2682.0147766036807 2321.496625353764 1005.9523910767889 35807806.198359706 785.5934669072675 50952320549.65256 0.11839174779767754 0.9999087336459878 -1.9408188995687536 -3.092678421317771 4.191320698552771
0.0 82.33128105821118 -1344625.4355621338 991218.7225952148 54007194.139107704 3277.014472734685 1418.9327055532904 -2972.1560863189193 112841227.29026029 829.3312810582112 97110466877.93033 0.05227912141229532 0.9978641444285838 1.8833423328527719 -5.021439048908588 2.749608580839163
0.0 70.21639344886842 33485970.51171112 35837967.80496216 1376477.7100019455 2623.095824304688 4563.931669273015 8974.173768625178 61630651.466592655 817.2163934488684 42885872895.48596 0.02554123358102192 0.9651131844475925 1.6832444097397061 -4.004105351703597 -2.236440119583939
0.0 56.54671300911389 -14959500.274124146 41409772.33267212 -28167974.082553864 1874.272300932218 -637.4865344371101 -527.1011604810161 107022021.07093522 803.5467130091139 12696296658.694244 0.08459722386319182 0.9965125820258315 -0.20407724201741761 -0.33892783370134355 -3.0065171939038007
0.0 39.003444227022214 12461116.361320496 9158380.946975708 -312723.95060265064 2602.950389967362 2310.31905096013 360.3766819490117 35881684.404345274 786.0034442270222 53872532858.28108 0.1479365961554713 0.9998424291502569 -0.922025558431157 -3.9093077999327552 5.5588105374881875
0.0 37.10884512326618 -21790393.27203369 -22203617.273132324 -24685233.009452105 7788.212631776198 -233.29972500641088 -1281.679959595395 34129082.850286074 784.1088451232662 32135098557.051056 0.2379944804475992 0.9994407854699311 1.2326274368891745 -4.961747557949582 4.786702902591411
0.0 24.453388648762598 7885178537.68692 5994897347.323532 -894952691.7865827 879.7154240418131 632.948361821931 688.6499397230302 19472838.361296806 771.4533886487626 43060196062.51465 0.0739881109914259 0.9996435464301257 -1.0264785580992148 -4.568732521589709 2.2117582144322565
0.0 92.85001436363098 -116058001.5327301 -20585070.488743782 -55380309.2228322 6904.150745626633 -933.6276420407085 -645.9996095419178 118247756.09051725 839.850014363631 38744554648.25696 0.24035228599374966 0.9993084104073529 4.063466059250886 -4.370149318853056 5.765457309597093
0.0 65.55929315758806 -2794989970.0996094 -903514466.736351 931191960.6870351 4229.779989645167 -370.4183223040127 -772.5781672924809 102107297.26212592 812.5592931575881 88330403540.97824 0.0905326978144115 0.9995269224999318 -1.0190006015284805 3.1095759875001137 -1.3515006250479038
0.0 30.436986758056946 -3992731.7162475586 6006448.692893982 -7987837.835109711 3738.6495860393898 2085.4674617888813 -4289.338001757556 56960321.94452521 777.436986758057 46872053066.177216 0.11346395869849371 0.9952970323903167 5.0847151805472794 5.875280251340715 -2.5880170379974357
0.0 60.76384123402215 -516194.0341949463 -15590118.222839355 -38676407.573646545 -2195.966478194725 4061.252144868451 -322.7995297793364 57669159.32445084 807.7638412340222 50253848076.05728 0.01991547326545702 0.9998554073649742 -1.2191964087835259 3.443550938496448 -1.409802019212743
0.0 91.6804942386043 -25646383.78717041 -13733528.197174072 71819715.89187682 3778.465337865033 6006.079280522804 -430.05353901083515 125267784.68246247 838.6804942386043 57537384216.95027 0.24886924432147467 0.9970411194193441 3.5157931749541564 -2.3815337262104674 -0.5838474929854156
0.0 44.479679430277315 -69035538676.24031 -60884238365.04111 4195790947.1561418 18989.24513741702 2789.7774607400097 -578.6605953536783 57653169.91505078 791.4796794302773 50340518439.068634 0.18647568000415854 0.9994899165973141 -2.059672759607476 -4.485137198313488 5.435525056786905
0.0 104.98830574717613 -13784403.95880127 -20206352.86981201 2668546.873345375 1964.9658704459016 419.17798256149035 2738.3479618336714 100491919.98656112 851.9883057471761 46797943319.61536 0.07714648897923368 0.9938251553006221 2.7428794622928265 -1.5592268746767006 1.281121686700399
0.0 97.3401756846564 -6926390.739105225 -26135280.60116577 -77419840.5320797 3900.038928413276 2650.167535967567 -882.6215159454591 117221191.18951333 844.3401756846564 108927754688.14267 0.0583913320661744 0.9997972912355639 0.1686240818099196 -2.32427044018035 -3.4239270934687447
0.0 17.146377767838544 27845852.016952515 28708054.450195312 12279469.43896985 7675.519896784888 2800.717807462559 1669.2086641719943 28297969.73200869 764.1463777678385 44934421308.991516 0.1836477743149098 0.9982846027836388 0.1976522134159917 1.607176229534738 4.524071868092452
0.0 92.49160775640337 -17475277.017868042 26894183.970352173 -17919770.917334467 5556.502190070129 689.5548196986383 97.03278951142985 99780022.94192034 839.4916077564034 47509003745.13147 0.2040006911764644 0.9998090683852512 3.211244179079172 -2.09882733012887 -0.21041688652664048
0.0 86.78952060539973 -26172511.778656006 22897588.969833374 -28884053.566761017 2381.131557518079 -3322.0030552064673 -5597.4256274650725 117109153.27957526 833.7895206053997 108051963191.82996 0.02399561024209637 0.9855052293501483 0.7552383180732147 -3.179957427830871 -0.0991904345560789
0.0 72.10399388357916 -23224046.61216736 -4929305.19229126 -53463446.46836662 -185.69432389583017 3954.7704597771917 933.8053889637375 92339534.7537599 819.1039938835792 85839188324.80457 0.1841519165225588 0.9999999618393581 -1.1703386074251179 -3.360724175019829 0.6965064336744604
0.0 76.0520923036836 73230734.46717834 -89038759.80436707 55027600.90404475 2313.3016571916924 2467.600712317246 -4288.353215473533 120092305.80202283 823.0520923036836 95213272625.03189 0.038037926840559885 0.9872393464035834 0.5918698997057343 -3.145753408156728 -2.94541050828861
0.0 95.87976522504471 -55796323.3805542 69503009.59631348 -23817555.288148403 1044.287256753345 1818.8432489796432 -52.9137265894926 103232568.19230556 842.8797652250447 81727406512.76608 0.08459639593520725 0.9997113494168853 -0.7569423456121184 -2.0045039359136974 0.42587285053629237
0.0 98.97253367263397 10539364.514434814 -26793721.6320343 -16818987.033411026 -54.16372559804404 2795.221664468114 -785.4455447889195 75367271.8982011 845.972533672634 65456890900.60095 0.13220318908124598 0.990737959836795 -1.1786291936677407 5.588545384194674 -5.545023880243949
0.0 51.5321802679581 21813503.765426636 43546669.142318726 8587931.869395256 5532.8942591674495 1350.5996058269811 885.5069947881715 52860888.69156027 798.5321802679581 62357753270.81732 0.08511783746615315 0.9999887613374804 -2.016644377272026 0.16431239608445883 5.630300723347771
0.0 40.79784714317225 -36830837.17285919 30089479.43878174 -29283688.8929002 -825.4918838113081 2446.4275676092493 -712.0331709259233 67186706.42202605 787.7978471431722 8950556015.153564 0.08554373750484182 0.9999951998128292 -2.978647469450556 -3.248817206938384 -2.739041550663888
0.0 87.20175185220558 -5743449.511550903 33819192.17901611 -23250604.821191072 -4599.19254132541 3250.9553166890946 130.40333379252598 82763616.75568451 834.2017518522056 88342266978.54205 0.19067911078964964 0.9999627196467868 -0.16986886313842686 -0.8555950041952344 -0.4042592587492603
0.0 42.450021635579674 6034745.832565308 -9136796.461334229 3439068.010691166 -1121.0069904698175 7412.518447821407 615.5777039739602 120279361.43783347 789.4500216355797 12425007707.527527 0.2811562504880528 0.9999886474175768 1.8134247333492963 -1.8919316002340303 -2.694836398003076
0.0 75.80201175962156 1598451.9140167236 9845809.80404663 -51227004.84643853 5740.06787984682 -7151.472791530072 -224.18327333678633 62940386.1716027 822.8020117596216 41744054095.53223 0.28108504840603316 0.9999459938821276 -1.3975330755284237 0.8757721871309481 -5.730448060983274
0.0 96.42644884216475 21303363.348911285 13943632.252227783 -11327253.583345413 2674.962902540814 17490.742448941048 4590.965392010265 106892908.21231799 843.4264488421647 17695507508.46704 0.5390363244155256 0.9980814994076483 1.1909198667383731 -1.4131080185377423 -5.074859257991761
0.0 77.63811729340046 3947510941.5920715 -1202088449.85186 -1327786990.2699094 3060.7093026499515 -6394.078492928398 -958.7114048361263 59457747.13145745 824.6381172934005 11829525448.927887 0.3013206568223796 0.9999915609169883 1.9277962242215583 4.745694836772793 -0.0951599020273215
0.0 76.99057546238294 34655164.0398407 -25965405.73678589 71692930.72565627 -1284.649577112952 2144.8455896507867 946.9157692940124 83222594.84146766 823.9905754623829 68563473169.74945 0.11950250154817847 0.999502049012756 3.284440278434087 2.291861592473824 -0.3881543671722223
0.0 54.381074558903606 16435660.227020264 58652004.14744568 -23040952.492601395 2308.449480085133 2000.2176394859598 555.5111958726671 42550316.08025436 801.3810745589036 67701434318.923096 0.039010073377433827 0.9997425442824935 -1.1745509144080475 -2.1519765971555564 3.635014624520613
0.0 88.44188747052624 66435672.849365234 -65764545.70135498 -26858879.00287819 865.8898015311861 444.95020530552574 -826.0924777081698 113284693.3805398 835.4418874705262 92656195191.31097 0.007202351794051376 0.999829119105259 0.32535009204777876 6.036569613259106 0.3472551081374807
0.0 45.432368504308215 14370433.310150146 6989001.565612793 24015642.066974282 1927.1542070652868 3491.4318126578655 688.6216715735047 65103930.2584024 792.4323685043082 33548063546.453278 0.05920481613982079 0.999931701637653 -1.6939088216852842 0.18654763415984632 -2.502436445334355
0.0 88.78790527942385 -11097580.775115967 -2689255.630592346 -32696109.86792755 -987.259260557662 388.85717937081426 514.9450029845759 68039129.60337448 835.7879052794239 10127886975.46878 0.048813991220138436 0.9876200242200465 0.4289003588188156 -0.5393774901301551 -2.748103702876408
0.0 28.461532176994638 20132123266.263794 -177669733912.60034 -1009050753.7094003 32003.03104068136 18282.421648086372 -886.577261033974 28282376.709180046 775.4615321769946 65780527972.70917 0.06380691166828219 0.999477061998897 2.984684801805331 -0.7195238275815585 4.445569520049494
0.0 52.44793674609059 2994074.0338897705 3606198.189125061 18416791.118146658 7211.378876455758 6163.4478215674935 2267.8296531103324 106463773.61840229 799.4479367460906 57184497625.04059 0.1673306180347564 0.9996450058062301 3.3309978359106918 -1.4169215751092181 -0.1394086366489291
0.0 41.08694552933264 -11992674.15725708 50074290.95422363 14052507.456736565 -1172.8369636436055 2484.976534017718 -1916.4189787368637 45738919.90575957 788.0869455293326 62704275310.70169 0.02408121764529711 0.9967469846444985 3.353544693216122 0.23389463452998394 3.147802484306485
0.0 51.1406959027222 -66865223.23966217 -70347137.90156555 -6989563.942137718 1860.8719791101066 2896.0388806603714 7079.783876014965 49729371.34181593 798.1406959027222 58634278594.66931 0.1612612122793541 0.9704284145706826 -0.3218669831318009 -2.896322437379167 5.907619104683599
0.0 110.98418500514913 11671844.484817505 -7283264.932159424 -16157816.42553854 1496.9312028795648 826.6905923350405 -4044.3256702141375 95503281.99860026 857.9841850051491 64337771901.815155 0.053506068333423605 0.9863291873376427 -4.968053349976123 2.087436797992569 4.258683126236238
0.0 23.7399234825059 5131565.290283203 19126863.102722168 15779097.583902359 -3162.1865868971054 1597.1557128630084 789.0626164969783 22501499.479427777 770.7399234825059 34475234984.3739 0.027464323902061133 0.9999988739994841 1.7622488312924476 -0.5390953347558034 2.068792123455764
0.0 63.36722185454482 -19597667.464508057 -25978121.777435303 5930259.738454819 7539.446354997075 4974.699674912325 2817.5866591540353 62207588.372788146 810.3672218545448 48779854683.33862 0.2348373168943972 0.9999643535319792 1.4204310364091342 -3.8146437135510642 -5.324707478198194
0.0 17.00211882193969 -31379034.7424469 12001715.941131592 -15502821.709118068 -2761.13229145261 3778.668368569957 95.65802412548594 44038896.97926164 764.0021188219397 32172862863.508514 0.032087658631771626 0.999992763543249 -0.6785457590206334 -4.272222142691151 -2.5190876384174414
0.0 32.84579347637862 14920384.46661377 -897727.4906768799 -26772972.12561798 7116.36056462798 3238.8764183214807 406.6739482620311 123900911.64795975 779.8457934763786 40199636936.35635 0.1477203398789369 0.9999887044055206 -0.9215293858607703 -2.6269221432761407 3.4467585594992722
0.0 28.90042111257219 -74047888663.20345 -34040351700.979294 5649957005.018588 14979.074232523064 -3566.8983616952937 -442.26340466117955 57027803.64822582 775.9004211125722 56535833411.90234 0.10670230452498954 0.9994001455504146 -1.2313829747421412 -5.338142585506418 5.565974529944781
0.0 70.62626308823894 33679920.0977478 -24574361.4196167 -14809511.413659096 3820.2131056435064 -1908.8008484200145 -1705.5512897887425 102092658.34917262 817.6262630882389 89125771255.00067 0.05151149513990323 0.9994118537176816 3.067121020040762 0.09207219570791914 -2.2539943967356235
0.0 54.273058949092956 27044386.836776733 26312352.177978516 -23767732.23184204 337.33019523142866 3737.278854283204 -502.5420056572539 79746734.68534276 801.273058949093 64514203396.43036 0.09529670490992716 0.9996634314739228 0.3148474871591366 -1.9703647079157376 -4.352113983933085
0.0 68.74497765018725 -110219829.77410889 -11234672.671173096 122881151.08891404 -654.3710275367594 1346.4491302147917 831.4088309271076 118982542.81355824 815.7449776501873 67095076086.809235 0.02610449690174134 0.9994989244022824 -0.3972775591184905 -4.3332592680711635 2.6554465660750113
0.0 58.76345910400278 15340177.486694336 -26286603.23867798 -27419606.279337883 3548.2300250001463 -913.8460122047254 845.092478948284 126982254.31627448 805.7634591040028 49847314715.90369 0.11821620716733913 0.9999820191269211 -5.002857824696664 3.664033556904749 2.6511333500251015
0.0 72.14335429271182 -3591493.704421997 38147275.09503174 17585666.62303686 -1152.7367857776335 -1804.6461775265834 -5392.754043419814 113174553.31865941 819.1433542927118 74774213962.32666 0.06536158970565598 0.9725960121671208 -0.07405868218995726 1.2447419242338575 1.7524299663744451
0.0 21.59084268352524 -23762385.530517578 -8521887.137512207 11229021.337399483 -2413.620805000326 -392.7191584859829 693.7632190574521 23910816.329592876 768.5908426835252 24890120380.572266 0.08120424175363458 0.9999680400221614 -1.5931944684205614 -4.030930281725575 2.5772928850869303
0.0 40.97258042285716 -49541725.598487854 33655716.67930603 -84454638.08835554 7418.220330722732 15644.92035005768 1168.7911275433441 97009739.15394054 787.9725804228572 25237567379.273895 0.5016084478886398 0.9994972148393342 0.6393252505934529 -1.3315092934759956 0.042688855594479325
0.0 24.370712854609792 -10382876.791168213 -35890516.612594604 -16131201.905079842 -3269.6406690980302 -23.891491980913997 -368.0306779634805 62701728.5937122 771.3707128546098 28449899929.849823 0.1441218592900088 0.9997768646288526 -1.096243523255723 1.635245358724206 0.44400145948674397
0.0 47.21806345920538 -2811361.8813705444 11339178.108520508 27110881.561940193 1401.235581567831 6407.280882489418 7316.71952311985 68892324.88803616 794.2180634592054 48642116988.20953 0.1959150926624224 0.9940371278513939 3.171162369719454 1.65498052524887 -1.5815310120297397
0.0 61.08540715182289 14214766.37298584 11231336.486915588 -5983301.883777022 11211.168658902247 -669.775183325306 520.125253840905 111210825.08308376 808.0854071518229 33943333091.96222 0.3737247940483761 0.9999968155319503 0.4937682038599318 1.5943300652085504 2.5049695632721516
0.0 26.517800788801992 -2501621.1808776855 13422806.351211548 -5489069.728381872 3764.92351922283 -611.6158226942425 -12.328664864927433 28855942.321861405 773.517800788802 45576008246.76483 0.22097167293531628 0.9999996660202798 0.4878707563681006 0.01675255090437866 4.607157929646015
0.0 13.695155205785 -59919157010.93117 8327154340.98674 4434759617.810154 9622.89493250239 -827.0717909520245 -154.7368247249126 54901138.981819935 760.695155205785 55298233955.90082 0.1324191968168477 0.9996036010430465 -1.7216540810624212 -4.843580781820947 5.142754549142667
0.0 42.11849798041317 128946056.7208252 -63062288.17062569 -25132177.831509113 1798.612870696001 -606.9951083727938 -822.2836981572723 126777431.49433807 789.1184979804132 35912755556.98425 0.06225742886875188 0.999382235935652 2.252260756160073 -2.758989302668527 2.205728574274073
0.0 88.58863429359269 73837136.97238159 106601010.92817688 -147293801.53094292 11335.774320261402 11405.800208976261 2758.8624108132403 117897985.2210583 835.5886342935927 667922831.9953918 0.34111927474580395 0.9974046678589533 1.5529518609517057 0.3498847554150333 -3.827731595395922
0.0 95.48663746524812 -4786967.054901123 11291756.470046997 12178095.399145126 6077.386094214781 1287.7109281831508 6072.388236209465 75277797.5357126 842.4866374652481 76286074507.23734 0.11057982338823692 0.9519339444662424 3.025226210833608 -1.4192180056567696 -1.1310650776272593
0.0 80.93733623292178 11201687.743011475 -79358708.37942505 1842706.0070762634 1626.8379839285517 1775.6123270755202 -7635.558053724435 116460001.89265735 827.9373362329218 77780381150.49796 0.0389155748108463 0.9768584671171582 1.620260773738168 -0.19811926289610815 0.24163787540026654
0.0 41.091434148605 34640420316.07669 32283494477.857132 -3666772252.0910687 -2896.791588615438 -1899.9491264633725 469.56034263023554 32103018.497214947 788.091434148605 58882435064.23187 0.16930255700027147 0.9994470589273463 -1.8424158032086744 -4.759949568568443 6.071350307363452
0.0 0.3335376553267224 -384493982255.37024 -22685387478.328438 5235652422.722611 2914.500092887377 -52398.39492830052 -533.6344966522756 21666571.324256692 747.3335376553267 73015889797.01593 0.05310269283187402 0.999487855172108 3.1141611217100387 1.5735069351780737 -4.506835358311157
0.0 39.36102231637085 -23494788.37460327 -26259218.219406128 -52319196.83199787 6945.596126283752 4489.824504404656 -175.67337062415868 53795735.79729292 786.3610223163708 38286552319.25888 0.2671769164865763 0.996901485922266 2.400125916905501 1.9555878604346388 -0.7127191172262974
0.0 29.71160592709714 12204384.88697815 41367495.98516846 -35749109.303895 2172.156560284464 2993.0144265457093 802.1286509450282 26312218.680300616 776.7116059270971 1450001676.1081238 0.1450763519477224 0.9991598512204749 -0.8589832411808145 -5.55018095052769 -3.052039901406482
0.0 16.03518411520554 25856175.75779724 -12002957.497497559 998729.9609146118 -1813.085832327266 8217.801739055894 -3715.2671148607137 56402659.57275242 763.0351841152055 31408245076.66385 0.07542975734192808 0.9932275136919142 0.8657925802121871 1.945123987420488 -2.022035828535081
0.0 102.38479637985529 2813885910.4599 3911945538.7098083 -463547735.32407695 9492.582299777621 3484.2304063573974 857.9135939956286 77785047.22410578 849.3847963798553 34370924551.02231 0.26388948304142607 0.9997444530162541 2.2955668047247886 0.47888301193735705 0.08491089524935802
0.0 22.48412724320599 27259658.817001343 10108511.450622559 -225156.2494354248 6171.869575496243 10503.417425922451 824.0511120598946 22104059.60997239 769.484127243206 6431184320.818695 0.4218540183157493 0.99958862482021 -1.942814520305856 -4.032847655896191 -3.9235673543329512
0.0 39.590536888636166 -5375122.624221802 -958725.2342834473 -56868790.06899452 -4412.576581526451 -82.32855554640992 -32.80724225294955 33400582.127533074 786.5905368886362 55876473955.65378 0.09027805559112499 0.9972114708952193 0.8324871746009859 -4.620974930644968 1.8410383984090044
0.0 14.28597883916052 -7605586.018798828 -4030475.1278305054 10488850.694509506 8902.19287160462 1193.9381740123463 193.2757640913776 48416543.406195655 761.2859788391605 34869450836.42929 0.22668173968190067 0.9997903415885753 0.20611935471708254 -1.9483935554962035 4.8451095379859055
0.0 82.59226536561994 -50968926.17567444 -39257121.908950806 33707310.186779976 3518.8700362390955 190.94615787594375 -927.4909960515408 111617984.20354486 829.5922653656199 105977865165.22598 0.04103412024419356 0.9996333119811736 -0.7149641375904809 -3.1141374591195907 -1.0536399406978036
0.0 53.7752082186671 -9404065.880996704 -20863126.57926941 5632619.073271751 8945.608963826964 -6355.4731391951755 -993.5687583394956 45461615.19385599 800.7752082186671 32036230084.309418 0.1612620359076933 0.9996814901313464 3.3913247432626963 5.4850493377608665 -5.610723771904789
0.0 62.56452407687823 160485801.57992554 -101099532.37257385 -14614671.502281189 3354.708536226215 -4443.073601774995 -1784.3882307903943 96855391.41942893 809.5645240768782 80855167132.08658 0.021441068911716363 0.9998266029191463 1.0243921985737985 -5.002723963653297 -1.5523910867957444
0.0 29.17237738043343 5446751.26171875 23150059.38445282 6108220.676219702 3235.0981530622093 2718.762637912634 632.7825657255252 26885811.202777658 776.1723773804334 51013624528.94968 0.1544971904256689 0.9994833045635142 -2.268181525001073 -2.234023827855004 2.245644529194047
0.0 101.29563456314202 236571621.7748413 52223385.486083984 94795463.71796417 173.03532071076188 -347.3348113788343 2097.7989695488036 90051028.79964602 848.295634563142 65298174290.940125 0.0011792101778988207 0.9994471865837256 4.825376538549846 -5.1823438753723305 0.3516628903253135
0.0 54.35894759385849 -103413445.39110565 44184647.338897705 -17433527.330446243 546.2112220609379 -6437.072048046963 355.18672899473313 57164184.81091083 801.3589475938585 42833076173.05556 0.13619927109726654 0.9996252249627001 -0.49246927498985504 5.738817117766387 -5.897530641229034
0.0 116.04597324798829 47713029.731292725 -26605008.7376709 3679048.6102638245 2607.959217381649 395.0202973885571 -3034.8075383125315 123678724.26089314 863.0459732479883 85970440915.50714 0.029146031659500957 0.9893354990711969 -0.9679958256240118 -2.0616089004168288 -0.9937263516031358
0.0 54.29592451235408 -36016368.83041382 17673509.468147278 -11264922.836794853 6269.926383630671 -1286.272924546989 -1956.2265806441758 95535746.38627774 801.2959245123541 25148253415.68573 0.2217894667118272 0.9990595751320995 4.531315158561109 1.2772037591232914 2.2080465381852474
0.0 44.8546719872254 9908330.674523354 3234049.8411865234 -7735324.560848713 3849.888202092341 2424.9467380713213 -1252.8298986683924 41946045.83178593 791.8546719872254 43714379037.64633 0.22879499879424195 0.9993146378754442 0.9989754693841192 -4.571168154053862 5.247180968446623
0.0 10.71464469949592 6986036.340454102 4811813.382064819 -17639879.36509323 -7636.800581607393 -8712.925334427962 1160.673652890251 43069864.334127665 757.7146446994959 20580889109.86496 0.23113924066723984 0.9999926316516838 1.040919313626926 3.18159851904765 5.672976946633795
0.0 54.78299259157939 9242793.825561523 -22265517.07571411 14665199.899339199 689.0029769465655 5138.15203960953 -2449.945252325749 64423741.0544369 801.7829925915794 56723188231.07321 0.1930590936123758 0.9999807185139752 1.8215870550910873 2.3014332848495016 -5.934221443161567
0.0 52.96794031733418 24479135.013153076 6802799.184051514 -7388612.703384399 10401.055731199138 2067.924110372147 542.0660375562381 50012746.15528944 799.9679403173342 21218374608.18576 0.3594177608509521 0.9958895163171919 0.27730472260294925 -1.125199683716103 4.087412065439751
0.0 27.76450534213859 -24911497681.648468 6496372170.175888 2262045044.907019 10333.797086178616 -1907.596468352349 -334.1584803732878 55179416.20620797 774.7645053421386 27223446750.037292 0.293662983312778 0.9996641482687952 3.883416199342368 -4.314840493871967 -1.1891665268443985
0.0 102.15102783403643 29024927.999397278 3386984.3422546387 122716335.73093987 1626.1488358214738 1975.5097231246261 -1113.4001186918556 118537474.38274041 849.1510278340364 76342167100.12564 0.002771599120698784 0.9917311034824993 0.20321281102523248 -2.3011730914523545 2.5065763854822927
0.0 22.072313156477094 -11161946.693847656 -67891054.5906372 33574291.64308739 7867.723753925849 4238.63397003209 -864.580496682837 52285336.20857697 769.0723131564771 37618364596.96991 0.27242705232201564 0.9999860684747743 0.9856953463710203 -2.943921384720827 5.356101376370345
0.0 3.002622044333407 16500441.252441406 9189497.118415833 -18908277.16805935 858.5958595169286 2693.472017498905 5655.676119885046 40662125.16748768 750.0026220443334 53583754947.53119 0.21573630004409702 0.9875724114836334 0.5517910270956516 -2.1887351524776166 2.036488452005126
0.0 14.288789305876662 -7250976.200378418 -12371850.472305298 -7001669.290973663 13705.050365893034 10804.97480813651 912.103652705774 23253733.736743845 761.2887893058767 1145498944.5321045 0.5730696547971128 0.9995827110991574 -1.8116019475286158 1.6716215801384995 -2.9266878329833013
0.0 25.332022632194253 27653632291.73053 16245618563.198715 -1939796238.334 1278.6471114290289 -1114.6262764051062 720.6697195454572 20125933.789443165 772.3320226321943 62992327187.39923 0.06576981947817934 0.9995188739720451 -0.8907831331363281 -4.322772305450175 1.928196155445126
0.0 64.587869206312 -2588196.6336364746 -92234.50910949707 42723176.63162875 608.3319588923223 1277.64611128857 -823.98685329134 60201034.12983803 811.587869206312 57863082561.333496 0.09152989596691362 0.9998548953909224 1.3496875497164975 -1.843006782407056 3.366302706564213
0.0 89.9200258642486 67359324.28488922 -43341460.13531494 16008660.535642862 693.397323705598 3145.537703429847 -1036.7451156837817 91903441.29556651 836.9200258642486 74670714520.15237 0.12666166559751113 0.9990362017378543 -0.019260493939482926 -0.3758491377044004 -3.548298639217832
0.0 118.4061230639461 14934199.888015747 -17959428.9473114 19302371.311164856 4210.044218559306 4065.786108737706 -7769.54766731456 89078358.43814185 865.4061230639461 72963024219.8811 0.07183759594419187 0.9907729794522956 2.450730197130086 1.8185542983588996 -1.8648822455259548
0.0 28.460283101300433 -12323514.154426575 4610942.794799805 12168183.129720211 1065.5038143761267 1622.9291540262525 9796.619189547111 43889477.13746654 775.4602831013004 49820578607.00046 0.20193520222941 0.9542084597964849 -1.7105217605991705 -1.7018229779548346 4.776405732123723
0.0 50.6804283544825 16476816.316894531 -3131513.9998779297 13244574.690105438 -2319.565712904514 1557.9473809459414 -246.20749515272144 82250407.26931326 797.6804283544825 51420523618.884674 0.16351748316385953 0.9991660428045989 -0.39286004690889054 1.9894745818349155 -2.3173590347220356
0.0 129.34538594715525 -16828092.51611328 21213970.531715393 -1128155.4822673798 3599.3195677579406 998.9212522104608 -7537.125884793378 103188757.082529 876.3453859471553 77494310346.11871 0.002279998943498493 0.9460429183900047 -2.125454728864111 -0.6473279539427262 -2.575960594824373
0.0 89.56360052273283 -12840183.93182373 259742.5793762207 -19139357.555892378 805.8604364253697 -2053.650814976524 113.62627200021689 94926925.68019822 836.5636005227328 57132695627.51297 0.11473595835565008 0.9999889263392387 0.7523231969226141 -0.965845100502831 0.48403997421012845
0.0 23.769801347332077 304235.36416625977 -13833717.602142334 -53885196.83998871 -3899.796790688759 9405.416754442369 143.94360460258656 20373942.159665864 770.7698013473321 123341591232.3894 0.22668048937873886 0.9995911981955787 3.458234833024692 -1.3825105953044057 1.4847475941185473
0.0 92.43327510136169 66052075.67184448 -36767536.01577759 22402522.69167614 4384.877939921058 -2695.1162783218606 -3078.6161786034304 87762602.3117405 839.4332751013617 67526238722.01019 0.2327091362288093 0.994118249152179 3.1541558100634126 2.3251134716658166 -2.05334328993753
0.0 94.26198836514516 -28478123.593154907 -12778399.641723633 -80445180.15158218 8304.84124319041 343.0347245942394 -84.14747469590112 105136222.878345 841.2619883651452 26480332391.733734 0.27485938391109926 0.9999940146524899 3.8626219943346536 5.309887732778483 0.3376678365027903
0.0 44.81579584482097 5162472.432769775 -8172204.8576049805 32988785.17944622 4327.9951130788395 10742.996555773583 -890.9747553864337 42064186.81342708 791.815795844821 37048852499.6727 0.3249968477504205 0.9972935205281008 5.253432857055108 3.7569199135529803 -3.4244263733485334
0.0 107.99147563275494 -12814601.934455872 -42831658.40551758 15998481.04472351 -932.1900608651777 218.614546397519 324.92966122816046 102400372.86771575 854.9914756327549 95915556832.26715 0.06797242023742303 0.9998717787567536 -2.439215375564078 2.9370130464864643 1.1043643000885657
0.0 26.162965628709344 29281338683.541702 4245097590.3618164 -2599778239.6645637 -475.1095739317534 -1039.7594946170284 -126.57569570485694 20787637.071937174 773.1629656287093 54433485922.745514 0.1831612780701149 0.9997645510414839 1.1135283711969166 -1.800374250304492 5.08206537997299
0.0 68.0637892914391 -2972551.2156219482 -3130082.8795166016 -70578.27729606628 -128.06338537460033 3003.263487599168 417.59783177894764 90350946.83373481 815.0637892914391 69566058360.5651 0.0007133873079388925 0.9998815864392406 -0.9756948834361123 -3.3211230471782636 -1.035012205076264
0.0 28.067400493451032 53331039365.630486 64839049623.46989 -4534665424.153681 -5230.931004505332 12431.083959923759 -25.75277028752238 27804090.4783944 775.067400493451 33297024474.01306 0.28532944970204416 0.9993637163869201 4.069561914157017 -0.9405681853508723 2.24865349138505
0.0 50.50079885272385 7367952.242404938 -63783589.15267944 67209256.34421921 6528.005715590356 13416.937134602036 -1032.9794907182902 94631346.4850182 797.5007988527238 27849026366.13327 0.41024866118713044 0.9999786932155725 1.1432346014925157 -2.665890688559556 0.19368440845870927
0.0 90.96891714654305 10383932.020477295 -8477107.20501709 15400696.329170227 1903.240402268475 2244.965936591885 3161.905162355027 69300611.29571402 837.968917146543 39467468313.53253 0.011482897197244199 0.9804766614839473 -0.21534472357130507 -0.7002587282193977 -2.3513596739080955
0.0 19.959421876858187 -19417907.85835266 5204696.501083374 21709820.061327636 5852.010805440583 1578.0610246424349 -619.8506342368711 25537177.92933 766.9594218768582 55988443756.32794 0.3043378407573197 0.9998400021846412 -0.4051471756452949 -3.063748956683624 2.236630692483716
0.0 75.93460121786666 29670974.297332764 -22256901.480514526 24826295.368491232 124.9043780200409 -938.3612266890559 -3101.721679524622 99209666.78340338 822.9346012178667 34127129916.1409 0.0012477091374191313 0.9928519942677458 -1.728877608069567 0.9223062810883392 2.2787189067038875
0.0 20.954719546354454 903117.802318573 -14823900.590637207 9921547.631585598 2090.512242845605 1959.4762130589115 8060.150364754331 44893691.220826335 767.9547195463545 49139607907.83307 0.18702967410553592 0.9697578800364219 1.6260099263969807 0.6339788090642752 5.548878492542611
1.0 54.609867813623964 -3910259.526702881 -3689705.59223938 4263787.3808887005 973.3501649414875 -228.2100478477514 176.79046575847957 96128377.68543927 801.609867813624 37630498904.864685 0.0272710225737946 0.9999648281203738 2.0199386517737503 -2.472218224517381 1.5655547669047611
0.0 98.56326051281792 -2411698.882368088 -13303555.38873291 18875359.310656548 4136.211263128076 1841.428298261679 311.60250266649746 111894948.12933405 845.5632605128179 100411863821.1134 0.07560207300336053 0.9999686243463465 -0.29364056767838587 -1.8963986359131142 -4.072456942374714
0.0 78.01794160001623 -5013512.72644043 8746544.920410156 -33975191.6178875 54.57478545331833 -3930.760878726149 2989.7775508956224 107401427.56371331 825.0179416000162 76277519311.15027 0.07827861416932039 0.9953339568443987 1.7702909436454 1.356081913473966 -1.1265665851839768
0.0 20.1244131179418 53351078565.51589 6041868625.500824 -4869217993.131858 -4825.6749489591275 5223.678389606843 -387.0834664753202 19994869.003118828 767.1244131179418 52746667895.72006 0.16684443812908617 0.9993482169139373 1.4132888385306597 -1.8419262844353625 4.851935346473334
0.0 62.76863352035821 -19022036.841888428 -8180755.484863281 37578630.65928173 -6437.889341296926 12195.481017470831 563.8686355825894 50462263.18912461 809.7686335203582 36258890619.52179 0.45343548026850367 0.9996104575685936 -0.7824692553712325 -1.0082152441416552 -4.598079945886763
0.0 46.247985358930805 -10774195.567775726 -36778936.535583496 25691791.82457924 -2970.1532528617827 348.65498339765554 1124.880882412691 119662250.28176203 793.2479853589308 45381674183.07504 0.21159765957272508 0.9990943700364808 1.5282163574812406 -2.0652271980660726 2.268484870344053
0.0 68.7713311043509 -1214918.5668182373 418632.67221069336 13626525.247317314 -420.05418186104 -3241.728253919813 18.005555114184233 93731425.90388587 815.7713311043509 82130030309.54578 0.029628617303312246 0.9999918258326065 0.03972056027311799 1.6055875841121903 -1.0546829917055984
0.0 19.909523137238352 25191491.573783875 -2417479.7085876465 15092796.495033264 2266.1821630222403 86.61254683510788 -1503.0135723662165 24497096.827049334 766.9095231372384 37433389527.95935 0.11975462355970398 0.9998431069486358 1.9260511464009662 -1.1741918126023256 3.997116091859377
0.0 31.866753986181948 14116992697.072388 11403141918.822739 -1020262447.5687907 515.7875633369604 7.363824571002624 769.5013398184557 25125847.46511373 778.866753986182 58455984995.75043 0.02375300636844495 0.9995238034519609 -0.7184653567673214 -4.417555976103076 2.4170499779553842
0.0 13.969125822453748 -1369471.25440979 -20918867.01663208 -9240759.843786538 10080.344527005815 4100.897928798739 -1760.7922973502775 27849193.959889557 760.9691258224537 66140005902.72775 0.2137516666988453 0.999063071948741 2.8941551810853134 0.04556690922484785 2.6937014737324914
0.0 80.09402918672174 -22180245.242218018 -6398138.6701049805 -53578115.21783447 9801.632779120711 2674.4191461481278 -1513.8484904476704 67754753.0596689 827.0940291867217 49033086342.79852 0.29005045843304744 0.9915068921615533 -0.1585028909595123 -0.9511471571005323 -5.4884027307513925
0.0 83.59345510834578 -24706504.669921875 -12738107.219467163 -592108.4197282791 4838.296036342788 1215.4839377991411 -746.8283165159881 66085800.10374161 830.5934551083458 65031567931.38423 0.13710811565204917 0.9996903853450807 -0.9630300564063325 0.0945840439622847 -5.958470179527808
0.0 49.70919766175814 31483389.92298889 16316223.986968994 -147156556.95208645 -2333.1100819529092 2633.9146439496526 -5020.50976230965 54839973.50118878 796.7091976617581 38372299306.75165 0.08270334047270939 0.9768383177031655 -2.8375202021075054 4.649784702843315 -1.5892611682763156
0.0 68.58731715379145 -2915940.5652160645 -1863237.5408287048 -84672880.03890431 8128.745475149887 802.6490145889875 271.28306693741376 95188644.12780237 815.5873171537914 40202543060.79207 0.2322719837543401 0.9999866529899615 2.4658784799600917 -2.1340687128598015 -0.20377600733444945
0.0 79.1144467554301 903946.9614562988 19095634.197662354 35226278.5581975 223.68624473637828 2801.635641498282 835.9602834384654 97639146.88573398 826.1144467554301 73471353520.3035 0.06836741540022973 0.99955647068159 -0.8070755680740923 -3.604396710759945 -0.36577420255963905
0.0 79.43775660279391 -113475639.26300049 -39625667.360565186 -2622276.661585808 4467.588469156577 473.59165125776417 -700.0839017744863 97293176.00982584 826.4377566027939 83401215306.63147 0.05410755790334992 0.9999804246842604 0.7936111074166516 1.111712856295243 -1.744726079540386
0.0 61.46917698940126 27797952938.653 54987170476.59738 -3227540771.387798 -24341.42996255696 11672.120122474022 720.0010573928935 47798399.09024536 808.4691769894013 21731241468.85321 0.2796597470125511 0.9994615140568487 1.8828229833617565 3.2026284667400193 0.0366697128138731
0.0 33.94510804065476 11726600.430480957 -7345963.393676758 -25642363.543827534 6535.950395334157 6546.6599547519145 423.1029814763315 40431124.87972642 780.9451080406548 45523121839.41431 0.29198303948690196 0.9996639943020891 4.913491340780449 -0.918643982344864 -4.527072021994465
0.0 31.232004193466878 3290917.525238037 20722231.894866943 -20555276.14692211 7306.614648850631 338.5077533031217 438.0828952895579 31646504.414433163 778.2320041934669 34863263861.39249 0.30965676729266367 0.9998989119061767 -0.8216759893210797 -5.46312066311657 5.860411336944068
0.0 37.021599972641184 -145863858.35944366 -254999199.6621399 -78121131.5359478 4215.962648320434 8345.113907772946 -3220.521744677652 110545160.92360619 784.0215999726412 57207301463.83737 0.04172219698417226 0.9963188771602066 1.1488281972751448 -4.376880535392182 -1.9701243527689936
0.0 63.24469612300925 53246773.97879028 -19258610.010665894 46448774.34184265 3037.8221568594854 5718.93060585509 -7885.930480277263 49606075.900280274 810.2446961230092 40122513936.5047 0.15320253778031706 0.9612677275231898 -5.9780486172266585 3.198265918412943 -3.1410125585802273
0.0 79.42317131639095 55653087.936050415 43922220.62701416 -82949532.35601199 6070.967640412888 7144.9632717949835 -1419.5239173792345 63004126.67202484 826.423171316391 24560993028.890594 0.33450399648964435 0.9995629242568586 3.324433966058515 -2.8032431597386505 -2.6876308407107965
0.0 26.726786813034323 4142365.3876953125 29130484.612548828 -11704739.712340832 4134.085238043168 4764.239049470816 -6465.921230454932 39967883.467000924 773.7267868130343 44425432331.91968 0.25123800432921334 0.9779602113795959 0.7902760328540813 -3.0199550376890434 3.1040404688461196
0.0 52.79817103861092 -39914011.4906311 35979128.701560974 -20999925.923883438 1953.6640097070958 2080.1092940529343 446.32700551784365 45874541.51154908 799.7981710386109 58820926211.98978 0.17766440850304394 0.997845942389426 -0.2588698123578632 -0.19204948283581236 1.781728002641506
0.0 18.538551773832637 -5656858.58895874 8209913.1309661865 -12596426.166744232 1703.6143567967338 3441.2191616097007 -148.71767710416907 38427741.207346395 765.5385517738326 54836697659.59094 0.21251655539535322 0.999880794289991 -0.2924424472894547 -2.309486307595896 2.577441098304292
0.0 36.912381777327255 -12872395.816482544 12935600.604064941 2444685.0189466476 -1411.4923407450333 6220.084664234326 1226.3339456413107 55799805.91271294 783.9123817773273 42361368833.27725 3.8574924910633746e-05 0.9991185912604137 0.3908240975842807 -3.8018136921400236 -2.26164077530291
0.0 80.90910140619133 31335478.159942627 -14593965.465744019 10813539.741198897 2393.615227918695 1916.7012940529967 106.7075822701558 107164854.93680906 827.9091014061913 81618152733.42822 0.09159671268013136 0.9996810804197622 -0.5621174194580534 -4.625140122377684 3.1358638574437494
0.0 57.9436031975149 16507500.004119873 -26037845.245880127 20829991.119861603 -8585.498368695451 -3131.6805896579644 -375.2506015045269 84266297.24214707 804.9436031975149 15028954426.225464 0.17879149823341403 0.9999178028334277 -0.1841585945807005 -1.9872714869978199 2.609133174629328
0.0 88.95759158665794 22084416.121505737 -91102872.6486206 -29118482.626206875 -429.17895227228655 3424.4534118627735 -806.8206011180795 107918791.15100817 835.9575915866579 64621954508.87604 0.08140393306446192 0.9995693950768912 3.5026565580949707 -1.832853677393528 -1.713281895959724
